# BJD(TDB)-2450000 flux err airmass sky dx dy baserun
6527.266022 1.023753 0.003833 1.4530 1967.6 1.968 -0.313 k130822_0261
6527.266224 1.023974 0.003835 1.4516 1965.3 -2.185 0.341 k130822_0262
6527.266665 1.019456 0.003789 1.4486 1958.4 -2.043 0.499 k130822_0264
6527.266898 1.019458 0.003790 1.4471 1955.9 1.711 -0.165 k130822_0265
6527.267118 1.018700 0.003787 1.4456 1949.9 2.145 -0.006 k130822_0266
6527.267335 1.015680 0.003764 1.4441 1946.9 -1.220 -0.034 k130822_0267
6527.267538 1.025533 0.003813 1.4428 1946.5 -1.626 -0.251 k130822_0268
6527.267739 1.020976 0.003783 1.4414 1941.0 2.427 -0.191 k130822_0269
6527.267942 1.019141 0.003781 1.4401 1940.7 -0.860 0.325 k130822_0270
6527.268159 1.019850 0.003771 1.4386 1936.9 -0.945 0.045 k130822_0271
6527.268361 1.021230 0.003779 1.4373 1936.1 -0.812 -0.453 k130822_0272
6527.268580 1.021599 0.003784 1.4359 1937.3 -0.931 1.023 k130822_0273
6527.268783 1.020431 0.003762 1.4345 1930.7 -0.940 -0.395 k130822_0274
6527.268995 1.012350 0.003729 1.4332 1927.6 -0.885 0.353 k130822_0275
6527.269196 1.011920 0.003723 1.4319 1930.9 -1.155 -0.333 k130822_0276
6527.269399 1.017637 0.003755 1.4305 1929.2 -1.106 -0.249 k130822_0277
6527.269617 1.010873 0.003717 1.4291 1927.1 -0.785 0.184 k130822_0278
6527.269817 1.011524 0.003719 1.4279 1925.3 -0.988 0.329 k130822_0279
6527.270031 1.011663 0.003720 1.4265 1923.8 -0.908 0.076 k130822_0280
6527.270232 1.011861 0.003716 1.4252 1919.5 -0.874 0.071 k130822_0281
6527.270450 1.008090 0.003700 1.4238 1917.2 -0.304 0.268 k130822_0282
6527.270649 1.016249 0.003742 1.4225 1913.0 -0.525 -0.337 k130822_0283
6527.270848 1.006771 0.003687 1.4213 1913.8 -0.206 -0.398 k130822_0284
6527.271047 1.010510 0.003712 1.4200 1912.7 -0.460 0.426 k130822_0285
6527.271246 1.007552 0.003688 1.4188 1909.9 -0.508 -0.562 k130822_0286
6527.271464 1.008915 0.003700 1.4174 1906.5 -0.834 0.658 k130822_0287
6527.271666 1.010323 0.003710 1.4162 1908.6 -0.569 -0.564 k130822_0288
6527.271867 1.008641 0.003700 1.4149 1904.4 -0.733 0.222 k130822_0289
6527.272090 1.001768 0.003651 1.4135 1904.9 -0.744 -0.285 k130822_0290
6527.272309 1.005888 0.003674 1.4122 1902.9 -0.187 -0.200 k130822_0291
6527.272510 1.008609 0.003684 1.4110 1905.3 0.262 -0.175 k130822_0292
6527.272727 1.012629 0.003700 1.4096 1904.5 -0.393 0.127 k130822_0293
6527.272927 1.006379 0.003673 1.4084 1899.1 0.105 -0.107 k130822_0294
6527.273126 1.009673 0.003683 1.4072 1897.7 -0.002 -0.211 k130822_0295
6527.273326 1.006886 0.003668 1.4060 1893.3 -0.147 -0.301 k130822_0296
6527.273525 1.001890 0.003640 1.4048 1890.8 0.593 -0.647 k130822_0297
6527.273728 1.006600 0.003662 1.4036 1893.6 0.238 -0.263 k130822_0298
6527.273927 1.005580 0.003671 1.4024 1893.5 0.133 -0.685 k130822_0299
6527.274129 0.998822 0.003633 1.4012 1893.1 0.678 -0.565 k130822_0300
6527.274345 1.002023 0.003653 1.3999 1886.7 0.114 0.185 k130822_0301
6527.274546 1.003425 0.003666 1.3987 1888.7 0.875 0.000 k130822_0302
6527.274746 1.001346 0.003638 1.3975 1886.6 0.388 0.470 k130822_0303
6527.274945 1.006551 0.003656 1.3964 1883.7 0.488 -0.316 k130822_0304
6527.275145 1.006538 0.003662 1.3952 1883.1 0.858 -0.489 k130822_0305
6527.275346 1.000057 0.003623 1.3940 1880.5 1.061 0.408 k130822_0306
6527.275555 1.000212 0.003622 1.3928 1880.4 1.470 0.026 k130822_0307
6527.275757 1.001068 0.003629 1.3916 1881.2 0.886 0.319 k130822_0308
6527.275957 0.999096 0.003611 1.3905 1879.7 1.474 -0.226 k130822_0309
6527.276161 1.002909 0.003639 1.3893 1880.5 1.268 -0.329 k130822_0310
6527.276361 1.000053 0.003615 1.3882 1874.5 1.082 0.152 k130822_0311
6527.276569 1.003074 0.003629 1.3870 1874.6 0.745 0.545 k130822_0312
6527.276770 1.005121 0.003642 1.3858 1871.2 1.438 0.239 k130822_0313
6527.276980 0.991106 0.003552 1.3846 1871.8 1.416 -0.478 k130822_0314
6527.277180 1.000867 0.003619 1.3835 1870.8 90.613 103.596 k130822_0315
6527.277390 0.995753 0.003584 1.3823 1870.1 1.592 -0.329 k130822_0316
6527.277599 1.002160 0.003610 1.3812 1865.9 1.529 -0.073 k130822_0317
6527.277801 0.994978 0.003582 1.3800 1868.7 1.181 0.268 k130822_0318
6527.278001 1.002896 0.003623 1.3789 1866.7 1.765 -0.048 k130822_0319
6527.278206 1.001608 0.003615 1.3778 1867.0 1.541 0.373 k130822_0320
6527.278407 0.997172 0.003586 1.3767 1871.2 1.623 0.433 k130822_0321
6527.278607 0.993695 0.003408 1.3756 1869.3 1.732 -0.002 k130822_0322
6527.278808 0.997095 0.003587 1.3745 1865.1 1.375 0.180 k130822_0323
6527.279008 0.997452 0.003594 1.3734 1863.3 1.169 0.261 k130822_0324
6527.279210 0.992502 0.003550 1.3723 1864.9 1.254 -0.305 k130822_0325
6527.279419 1.000217 0.003595 1.3711 1865.0 1.177 0.509 k130822_0326
6527.279645 0.991956 0.003553 1.3699 1864.3 1.559 -0.160 k130822_0327
6527.279849 1.002266 0.003601 1.3688 1866.0 1.107 0.561 k130822_0328
6527.280083 0.998653 0.003576 1.3676 1861.6 0.868 -0.313 k130822_0329
6527.280292 0.997218 0.003566 1.3664 1858.3 1.117 0.398 k130822_0330
6527.280492 0.992544 0.003542 1.3654 1851.2 2.410 0.615 k130822_0331
6527.280710 0.999537 0.003581 1.3642 1848.8 -1.338 0.208 k130822_0332
6527.280913 0.994355 0.003539 1.3631 1845.8 -1.212 -0.115 k130822_0333
6527.281113 0.995469 0.003538 1.3621 1842.1 -1.550 -0.126 k130822_0334
6527.281317 0.995273 0.003537 1.3610 1847.4 -1.356 0.056 k130822_0335
6527.281517 0.997387 0.003546 1.3600 1851.3 -1.157 0.141 k130822_0336
6527.281719 0.989764 0.003510 1.3589 1853.0 -1.575 0.115 k130822_0337
6527.281919 0.995442 0.003537 1.3579 1850.5 -1.448 -0.010 k130822_0338
6527.282146 0.997434 0.003543 1.3567 1847.1 -1.475 -0.036 k130822_0339
6527.282346 0.996705 0.003538 1.3557 1845.6 -1.288 -0.446 k130822_0340
6527.282546 0.994768 0.003521 1.3546 1841.3 -1.291 -0.110 k130822_0341
6527.282763 0.996306 0.003532 1.3535 1832.7 -1.320 0.750 k130822_0342
6527.282963 0.996499 0.003522 1.3525 1825.2 -0.945 0.310 k130822_0343
6527.283183 0.993925 0.003503 1.3514 1820.2 -0.570 -0.700 k130822_0344
6527.283384 0.996735 0.003520 1.3504 1824.2 -0.636 0.107 k130822_0345
6527.283582 0.993820 0.003509 1.3494 1824.9 -0.369 0.475 k130822_0346
6527.283780 0.994896 0.003522 1.3484 1831.1 -0.209 0.013 k130822_0347
6527.283982 0.994388 0.003511 1.3474 1832.5 -0.445 0.310 k130822_0348
6527.284182 0.998542 0.003535 1.3464 1836.2 -0.458 -0.015 k130822_0349
6527.284381 0.990972 0.003485 1.3454 1830.4 -0.375 0.250 k130822_0350
6527.284580 1.000171 0.003530 1.3444 1825.6 -0.261 -0.283 k130822_0351
6527.284779 0.999416 0.003526 1.3434 1824.2 -0.591 -0.603 k130822_0352
6527.284980 0.995929 0.003494 1.3424 1820.8 -0.522 0.549 k130822_0353
6527.285180 0.995581 0.003497 1.3414 1823.3 -0.234 -0.064 k130822_0354
6527.285381 0.995921 0.003511 1.3405 1821.9 -0.120 0.148 k130822_0355
6527.285579 0.998258 0.003516 1.3395 1816.2 -0.025 0.258 k130822_0356
6527.285778 0.992316 0.003474 1.3385 1815.3 0.112 -0.088 k130822_0357
6527.285976 0.995856 0.003496 1.3376 1811.6 0.062 -0.031 k130822_0358
6527.286176 0.995182 0.003495 1.3366 1813.3 0.204 -0.265 k130822_0359
6527.286374 0.993571 0.003474 1.3357 1806.3 -0.094 -0.213 k130822_0360
6527.286744 0.990442 0.003464 1.3339 1810.5 0.426 -0.425 k130822_0361
6527.286947 0.996676 0.003496 1.3329 1811.9 0.032 0.408 k130822_0362
6527.287145 0.994772 0.003494 1.3320 1811.2 0.473 0.156 k130822_0363
6527.287342 0.995304 0.003499 1.3311 1812.7 0.813 -0.295 k130822_0364
6527.287543 0.995294 0.003502 1.3301 1808.7 0.675 0.808 k130822_0365
6527.287742 0.994368 0.003485 1.3292 1807.4 0.579 0.463 k130822_0366
6527.287941 0.989037 0.003458 1.3283 1806.8 0.795 0.412 k130822_0367
6527.288154 0.993757 0.003479 1.3273 1808.2 1.498 0.499 k130822_0368
6527.288361 0.993752 0.003472 1.3263 1804.8 1.162 0.150 k130822_0369
6527.288569 0.997002 0.003489 1.3254 1804.8 1.285 0.223 k130822_0370
6527.288782 0.992820 0.003466 1.3244 1804.0 1.145 0.247 k130822_0371
6527.288982 0.993132 0.003470 1.3235 1801.7 1.337 0.099 k130822_0372
6527.289185 0.994550 0.003473 1.3225 1803.6 0.930 0.076 k130822_0373
6527.289386 0.994926 0.003479 1.3216 1807.3 1.398 0.200 k130822_0374
6527.289587 0.997845 0.003495 1.3207 1811.9 2.008 0.071 k130822_0375
6527.289790 0.992890 0.003466 1.3198 1813.8 -1.597 0.515 k130822_0376
6527.289991 0.992213 0.003466 1.3189 1808.4 -1.926 0.121 k130822_0377
6527.290191 0.992160 0.003465 1.3180 1810.1 1.803 -0.026 k130822_0378
6527.290401 0.996542 0.003482 1.3171 1807.4 -0.805 -0.113 k130822_0379
6527.290602 0.996739 0.003481 1.3162 1807.0 -1.011 0.628 k130822_0380
6527.290801 0.992935 0.003457 1.3153 1801.3 -0.937 0.059 k130822_0381
6527.291003 0.998380 0.003481 1.3144 1802.8 -1.013 -0.001 k130822_0382
6527.291202 0.997275 0.003475 1.3135 1801.4 -0.544 0.636 k130822_0383
6527.291404 0.992974 0.003462 1.3126 1801.2 -0.480 0.215 k130822_0384
6527.291603 0.992630 0.003449 1.3118 1801.5 -0.281 -0.036 k130822_0385
6527.291803 0.993904 0.003459 1.3109 1802.3 -0.275 -0.336 k130822_0386
6527.292002 1.001163 0.003504 1.3100 1804.2 -0.600 -0.118 k130822_0387
6527.292220 0.996355 0.003473 1.3091 1801.5 -0.042 -0.227 k130822_0388
6527.292418 0.991643 0.003442 1.3082 1800.9 0.122 0.062 k130822_0389
6527.292625 1.003297 0.003506 1.3073 1800.2 0.981 -0.339 k130822_0390
6527.292824 0.999839 0.003481 1.3065 1804.3 -0.136 0.810 k130822_0391
6527.293032 0.996043 0.003466 1.3056 1804.5 0.359 0.377 k130822_0392
6527.293231 0.990137 0.003430 1.3048 1799.3 0.560 0.551 k130822_0393
6527.293429 0.993926 0.003442 1.3039 1790.8 0.412 0.729 k130822_0394
6527.293631 0.990171 0.003419 1.3031 1789.7 0.558 0.807 k130822_0395
6527.293833 0.995159 0.003442 1.3022 1784.1 0.668 0.151 k130822_0396
6527.294033 0.987212 0.003395 1.3014 1782.2 1.048 -0.059 k130822_0397
6527.294235 0.997255 0.003455 1.3006 1779.5 1.087 0.280 k130822_0398
6527.294434 0.995978 0.003436 1.2997 1776.8 0.810 0.262 k130822_0399
6527.294634 0.994064 0.003438 1.2989 1782.4 1.047 0.270 k130822_0400
6527.294834 0.985571 0.003392 1.2981 1790.7 1.318 0.150 k130822_0401
6527.295059 0.991875 0.003429 1.2972 1806.8 1.516 -0.340 k130822_0402
6527.295260 0.993320 0.003448 1.2963 1820.7 1.502 -0.074 k130822_0403
6527.295463 0.996873 0.003460 1.2955 1817.4 1.439 -0.013 k130822_0404
6527.295671 0.990508 0.003435 1.2947 1821.3 1.589 0.131 k130822_0405
6527.295871 0.995764 0.003451 1.2939 1804.5 1.643 0.150 k130822_0406
6527.296072 0.990049 0.003422 1.2931 1800.5 2.106 -0.356 k130822_0407
6527.296280 0.993201 0.003429 1.2922 1793.8 -1.644 -0.051 k130822_0408
6527.296496 0.992022 0.003405 1.2914 1787.5 -1.729 -0.099 k130822_0409
6527.296695 0.992008 0.003409 1.2906 1778.6 2.096 0.180 k130822_0410
6527.296905 0.997949 0.003441 1.2897 1777.7 -1.332 0.347 k130822_0411
6527.297105 0.996263 0.003437 1.2890 1780.3 -1.230 0.186 k130822_0412
6527.297304 0.993869 0.003420 1.2882 1785.2 -0.992 0.515 k130822_0413
6527.297521 0.999119 0.003446 1.2873 1791.4 -1.512 -0.107 k130822_0414
6527.297721 0.992605 0.003414 1.2865 1788.8 -1.170 -0.186 k130822_0415
6527.297929 0.994939 0.003426 1.2857 1787.2 -0.971 0.043 k130822_0416
6527.298129 0.989423 0.003404 1.2850 1791.7 -1.136 0.229 k130822_0417
6527.298345 0.987837 0.003392 1.2841 1791.6 -0.833 0.043 k130822_0418
6527.298560 0.992789 0.003416 1.2833 1787.9 -0.817 0.094 k130822_0419
6527.298778 0.993761 0.003413 1.2825 1783.3 -1.112 0.205 k130822_0420
6527.298995 0.992327 0.003405 1.2816 1782.9 -0.809 -0.024 k130822_0421
6527.299194 0.991516 0.003395 1.2809 1784.1 -0.558 0.014 k130822_0422
6527.299391 0.996300 0.003427 1.2801 1784.0 -0.417 -0.408 k130822_0423
6527.299591 0.990016 0.003388 1.2794 1781.2 0.105 -0.449 k130822_0424
6527.299792 0.993563 0.003401 1.2786 1774.6 0.112 -0.445 k130822_0425
6527.299990 0.987784 0.003376 1.2779 1779.7 0.000 -0.169 k130822_0426
6527.300187 0.995881 0.003423 1.2772 1786.7 -0.266 -0.358 k130822_0427
6527.300387 0.990407 0.003392 1.2764 1787.8 -0.141 -0.171 k130822_0428
6527.300584 0.994782 0.003415 1.2757 1794.3 -0.079 -0.324 k130822_0429
6527.300784 0.992626 0.003409 1.2750 1795.0 -0.476 -0.002 k130822_0430
6527.300981 0.993695 0.003408 1.2742 1794.5 89.520 102.208 k130822_0431
6527.301183 0.992624 0.003413 1.2735 1796.4 -0.153 0.451 k130822_0432
6527.301383 0.990644 0.003394 1.2728 1795.8 0.177 0.767 k130822_0433
6527.301583 0.997907 0.003430 1.2720 1795.5 0.702 -0.014 k130822_0434
6527.301782 0.993234 0.003413 1.2713 1795.5 0.537 -0.216 k130822_0435
6527.301980 0.989358 0.003386 1.2706 1787.5 0.405 -0.556 k130822_0436
6527.302179 0.993045 0.003405 1.2699 1785.4 0.706 -0.450 k130822_0437
6527.302378 0.996879 0.003417 1.2692 1780.1 0.557 -0.393 k130822_0438
6527.302579 0.991934 0.003393 1.2685 1776.7 0.942 0.009 k130822_0439
6527.302778 0.994027 0.003404 1.2678 1781.2 0.820 0.271 k130822_0440
6527.302978 0.994784 0.003407 1.2671 1781.3 0.639 0.323 k130822_0441
6527.303177 0.991171 0.003394 1.2664 1785.6 1.076 0.172 k130822_0442
6527.303594 0.994062 0.003414 1.2649 1788.1 1.754 -0.151 k130822_0444
6527.303802 0.990512 0.003394 1.2642 1791.5 1.590 -0.087 k130822_0445
6527.304001 0.995109 0.003416 1.2635 1795.7 1.407 -0.113 k130822_0446
6527.304201 0.992876 0.003402 1.2628 1797.5 1.666 -0.013 k130822_0447
6527.304410 0.993698 0.003404 1.2621 1792.8 1.527 0.206 k130822_0448
6527.304618 0.991675 0.003395 1.2614 1793.7 1.593 -0.383 k130822_0449
6527.304819 0.994756 0.003415 1.2607 1788.2 1.048 0.671 k130822_0450
6527.305028 0.992547 0.003400 1.2600 1790.2 1.445 -0.570 k130822_0451
6527.305230 0.992550 0.003397 1.2593 1788.7 1.662 -0.388 k130822_0452
6527.305432 0.993650 0.003415 1.2586 1793.1 2.124 0.377 k130822_0453
6527.305634 0.991506 0.003384 1.2580 1790.1 -1.480 -0.095 k130822_0454
6527.305834 0.990213 0.003371 1.2573 1786.3 -2.097 0.100 k130822_0455
6527.306035 0.995233 0.003404 1.2566 1786.1 1.193 0.181 k130822_0456
6527.306234 0.992411 0.003388 1.2560 1785.4 1.598 0.175 k130822_0457
6527.306442 0.995274 0.003408 1.2553 1787.9 1.978 -0.063 k130822_0458
6527.306644 0.994170 0.003404 1.2546 1789.0 1.529 0.071 k130822_0459
6527.306845 0.998551 0.003423 1.2540 1787.1 1.795 -0.364 k130822_0460
6527.307247 0.992894 0.003400 1.2527 1788.0 -1.499 -0.005 k130822_0462
6527.307459 0.990657 0.003377 1.2520 1785.2 -0.970 -0.158 k130822_0463
6527.307676 0.988916 0.003363 1.2513 1789.4 -1.290 -0.066 k130822_0464
6527.307875 0.997036 0.003409 1.2506 1789.2 -0.893 -0.287 k130822_0465
6527.308076 0.994912 0.003402 1.2500 1791.9 -1.489 0.357 k130822_0466
6527.308277 0.988566 0.003385 1.2493 1795.2 -1.198 -0.317 k130822_0467
6527.308481 1.000000 0.003430 1.2487 1796.6 -1.287 0.360 k130822_0468
6527.308682 0.994103 0.003399 1.2481 1795.5 -1.134 0.423 k130822_0469
6527.308882 0.992275 0.003401 1.2474 1795.1 -1.168 -0.221 k130822_0470
6527.309084 0.992115 0.003401 1.2468 1802.4 -1.291 -0.690 k130822_0471
6527.309285 0.991905 0.003392 1.2462 1801.0 -1.372 0.350 k130822_0472
6527.309487 0.989143 0.003376 1.2456 1796.0 -1.157 0.478 k130822_0473
6527.309704 0.989422 0.003378 1.2449 1790.9 -0.888 -0.546 k130822_0474
6527.309919 0.998494 0.003424 1.2442 1789.8 -0.346 0.032 k130822_0475
6527.310117 0.990365 0.003388 1.2436 1792.7 -0.773 -0.196 k130822_0476
6527.310316 0.992668 0.003377 1.2430 1787.5 -0.732 -0.283 k130822_0477
6527.310516 0.996303 0.003413 1.2424 1789.7 -0.688 0.334 k130822_0478
6527.310716 0.988709 0.003370 1.2418 1783.8 -0.433 0.547 k130822_0479
6527.310919 0.993854 0.003393 1.2412 1782.6 -0.660 -0.665 k130822_0480
6527.311119 0.989756 0.003369 1.2406 1779.9 -1.120 0.471 k130822_0481
6527.311329 0.992274 0.003377 1.2400 1777.0 -0.499 -0.309 k130822_0482
6527.311527 0.996041 0.003392 1.2394 1778.0 -0.768 0.092 k130822_0483
6527.311726 0.992452 0.003371 1.2388 1776.9 0.002 -0.987 k130822_0484
6527.311925 0.995029 0.003372 1.2382 1771.8 -0.356 0.179 k130822_0485
6527.312322 0.990852 0.003349 1.2371 1762.6 -0.327 0.228 k130822_0487
6527.312520 0.990909 0.003359 1.2365 1761.7 -0.457 0.321 k130822_0488
6527.312719 0.996274 0.003384 1.2359 1761.5 -0.182 0.161 k130822_0489
6527.312916 0.988145 0.003344 1.2353 1768.2 -0.494 -0.359 k130822_0490
6527.313122 0.992542 0.003361 1.2347 1767.7 -0.366 0.191 k130822_0491
6527.313321 0.992400 0.003359 1.2342 1772.7 -0.229 0.324 k130822_0492
6527.313521 0.995029 0.003372 1.2336 1770.3 -0.457 0.221 k130822_0493
6527.313719 0.994673 0.003348 1.2330 1772.0 -0.415 0.808 k130822_0494
6527.313919 0.993096 0.003362 1.2325 1771.6 -0.513 -0.396 k130822_0495
6527.314117 0.989415 0.003346 1.2319 1770.0 -0.321 -0.149 k130822_0496
6527.314315 0.992862 0.003363 1.2314 1764.4 -0.231 -0.338 k130822_0497
6527.314513 0.991239 0.003348 1.2308 1763.8 -0.081 -0.263 k130822_0498
6527.314712 0.995515 0.003361 1.2303 1760.3 -0.408 0.321 k130822_0499
6527.314911 0.984375 0.003307 1.2297 1758.7 -0.457 0.370 k130822_0500
6527.315118 0.999691 0.003385 1.2291 1755.5 -0.087 0.481 k130822_0501
6527.315317 0.986936 0.003325 1.2286 1752.8 -0.295 0.760 k130822_0502
6527.315516 0.994381 0.003361 1.2281 1751.3 -0.096 0.687 k130822_0503
6527.315723 0.995687 0.003372 1.2275 1749.9 -0.153 0.366 k130822_0504
6527.315929 0.992685 0.003347 1.2269 1750.3 0.005 0.146 k130822_0505
6527.316127 0.994525 0.003355 1.2264 1748.4 0.444 0.222 k130822_0506
6527.316325 0.988461 0.003322 1.2259 1756.0 -0.173 0.266 k130822_0507
6527.316528 0.996215 0.003364 1.2253 1759.7 -0.203 0.643 k130822_0508
6527.316727 0.997654 0.003379 1.2248 1754.9 -0.554 0.455 k130822_0509
6527.316944 0.994777 0.003358 1.2242 1757.4 0.143 0.111 k130822_0510
6527.317142 0.995256 0.003357 1.2237 1756.4 0.029 0.413 k130822_0511
6527.317343 0.989559 0.003323 1.2232 1760.3 0.053 -0.052 k130822_0512
6527.317541 0.995665 0.003357 1.2227 1759.2 0.222 0.018 k130822_0513
6527.317745 0.990378 0.003341 1.2221 1762.3 -0.320 0.224 k130822_0514
6527.317944 0.996459 0.003371 1.2216 1761.0 -0.106 0.396 k130822_0515
6527.318148 0.992892 0.003344 1.2211 1759.7 0.422 0.099 k130822_0516
6527.318346 0.993838 0.003292 1.2206 1762.3 0.406 0.200 k130822_0517
6527.318544 0.992422 0.003335 1.2201 1757.3 0.196 0.017 k130822_0518
6527.318742 0.991292 0.003333 1.2196 1759.7 0.305 0.011 k130822_0519
6527.318940 0.997593 0.003361 1.2191 1758.4 0.401 0.420 k130822_0520
6527.319139 0.998177 0.003371 1.2186 1754.6 0.349 0.175 k130822_0521
6527.319337 0.996462 0.003352 1.2181 1754.4 0.481 0.089 k130822_0522
6527.319539 0.994673 0.003348 1.2176 1756.3 0.594 0.045 k130822_0523
6527.319755 0.998854 0.003373 1.2170 1753.0 0.320 0.367 k130822_0524
6527.319954 0.996008 0.003351 1.2166 1752.2 0.631 -0.172 k130822_0525
6527.320161 0.995883 0.003350 1.2161 1752.0 0.340 0.122 k130822_0526
6527.320359 0.993954 0.003333 1.2156 1752.2 0.023 -0.130 k130822_0527
6527.320559 0.995457 0.003351 1.2151 1749.5 0.786 0.266 k130822_0528
6527.320759 0.994990 0.003348 1.2146 1748.1 1.300 -0.242 k130822_0529
6527.320959 0.995050 0.003344 1.2141 1750.7 1.086 -0.098 k130822_0530
6527.321160 0.989269 0.003317 1.2136 1749.2 0.866 0.229 k130822_0531
6527.321576 0.993863 0.003340 1.2126 1746.0 0.702 -0.089 k130822_0533
6527.321773 0.994175 0.003333 1.2122 1747.3 0.633 -0.243 k130822_0534
6527.321972 0.992765 0.003325 1.2117 1747.1 0.858 -0.121 k130822_0535
6527.322174 0.992991 0.003332 1.2112 1746.9 1.117 0.288 k130822_0536
6527.322374 0.994836 0.003352 1.2108 1750.4 1.087 -0.068 k130822_0537
6527.322775 0.993993 0.003341 1.2098 1750.3 1.356 0.791 k130822_0539
6527.322984 0.990853 0.003313 1.2093 1752.0 2.099 -0.621 k130822_0540
6527.323204 0.992568 0.003317 1.2088 1747.9 1.792 0.046 k130822_0541
6527.323412 1.002546 0.003375 1.2084 1750.7 1.679 0.473 k130822_0542
6527.323619 0.991541 0.003317 1.2079 1753.0 -1.761 0.392 k130822_0543
6527.323837 0.995019 0.003347 1.2074 1753.5 1.646 0.246 k130822_0544
6527.324037 0.996684 0.003335 1.2070 1753.3 -1.444 0.176 k130822_0545
6527.324243 0.998199 0.003346 1.2065 1755.6 -1.449 0.404 k130822_0546
6527.324452 0.992483 0.003321 1.2061 1755.4 -1.532 -0.126 k130822_0547
6527.324651 0.998295 0.003351 1.2056 1752.5 -0.948 0.326 k130822_0548
6527.324867 0.995514 0.003332 1.2051 1749.1 -0.954 0.289 k130822_0549
6527.325067 0.997332 0.003336 1.2047 1750.9 -0.823 -0.371 k130822_0550
6527.325268 0.994647 0.003328 1.2043 1745.7 -0.709 0.080 k130822_0551
6527.325465 0.992796 0.003312 1.2038 1745.0 -1.041 0.613 k130822_0552
6527.325667 0.994017 0.003325 1.2034 1746.7 -1.111 0.051 k130822_0553
6527.325866 0.996946 0.003342 1.2030 1747.2 -0.838 -0.255 k130822_0554
6527.326073 0.992243 0.003317 1.2025 1747.5 -0.915 0.287 k130822_0555
6527.326273 0.987737 0.003290 1.2021 1748.9 -0.848 0.443 k130822_0556
6527.326474 0.994781 0.003325 1.2017 1750.7 -1.003 0.163 k130822_0557
6527.326674 0.994029 0.003323 1.2013 1749.0 -0.470 0.405 k130822_0558
6527.326873 0.997601 0.003346 1.2008 1750.0 -0.571 0.410 k130822_0559
6527.327071 0.994965 0.003334 1.2004 1747.8 -0.285 0.321 k130822_0560
6527.327277 0.994678 0.003319 1.2000 1747.6 -0.225 0.016 k130822_0561
6527.327475 0.996417 0.003329 1.1996 1747.1 -0.624 0.047 k130822_0562
6527.327673 0.994950 0.003332 1.1992 1747.8 -0.239 0.128 k130822_0563
6527.327871 0.989708 0.003288 1.1988 1744.8 0.032 0.036 k130822_0564
6527.328068 0.995509 0.003323 1.1984 1744.5 0.110 -0.261 k130822_0565
6527.328266 0.995662 0.003318 1.1980 1743.6 0.104 -0.290 k130822_0566
6527.328464 0.996345 0.003330 1.1976 1746.1 0.244 -0.069 k130822_0567
6527.328662 0.994287 0.003305 1.1972 1746.0 0.162 -0.153 k130822_0568
6527.328871 0.997990 0.003332 1.1968 1743.9 0.385 -0.114 k130822_0569
6527.329070 0.997420 0.003322 1.1964 1744.7 0.600 -0.399 k130822_0570
6527.329272 0.994724 0.003314 1.1960 1745.2 0.532 0.211 k130822_0571
6527.329470 0.997211 0.003325 1.1956 1747.9 0.698 0.152 k130822_0572
6527.329670 0.994378 0.003305 1.1952 1746.3 0.455 -0.431 k130822_0573
6527.329869 0.994289 0.003314 1.1948 1745.8 0.765 0.059 k130822_0574
6527.330070 0.993606 0.003308 1.1945 1744.5 0.690 0.126 k130822_0575
6527.330276 0.994444 0.003308 1.1941 1746.1 1.211 0.111 k130822_0576
6527.330476 0.991646 0.003291 1.1937 1743.8 0.682 0.272 k130822_0577
6527.330726 0.997148 0.003314 1.1932 1743.2 1.284 -0.311 k130822_0578
6527.330934 0.995489 0.003307 1.1928 1742.3 1.266 -0.378 k130822_0579
6527.331133 0.994287 0.003305 1.1925 1737.9 1.893 -0.008 k130822_0580
6527.331342 0.996779 0.003310 1.1921 1735.5 1.293 0.262 k130822_0581
6527.331542 1.002305 0.003336 1.1917 1736.2 1.561 -0.222 k130822_0582
6527.331750 0.994755 0.003292 1.1913 1734.8 1.461 0.241 k130822_0583
6527.331950 0.996952 0.003311 1.1910 1736.0 2.211 -0.285 k130822_0584
6527.332169 0.995280 0.003303 1.1906 1732.1 1.942 0.155 k130822_0585
6527.332369 0.993942 0.003283 1.1902 1732.7 -1.443 -0.096 k130822_0586
6527.332579 0.994582 0.003290 1.1898 1731.6 -1.173 0.022 k130822_0587
6527.332795 0.994818 0.003288 1.1894 1733.1 -1.163 -0.101 k130822_0588
6527.332996 0.997440 0.003304 1.1891 1731.6 -1.203 -0.026 k130822_0589
6527.333212 0.995229 0.003289 1.1887 1725.8 -1.096 0.123 k130822_0590
6527.333412 0.993838 0.003292 1.1884 1725.2 -0.872 0.050 k130822_0591
6527.333611 0.990467 0.003268 1.1880 1724.2 -1.116 0.376 k130822_0592
6527.333810 0.997062 0.003303 1.1877 1723.4 -0.399 -0.069 k130822_0593
6527.334013 0.995383 0.003286 1.1873 1723.4 -0.592 -0.156 k130822_0594
6527.334210 0.993418 0.003278 1.1870 1720.8 -0.628 -0.128 k130822_0595
6527.334410 0.990415 0.003264 1.1867 1727.1 -0.028 -0.473 k130822_0596
6527.334608 0.996589 0.003289 1.1863 1721.5 0.582 -0.387 k130822_0597
6527.334807 0.994169 0.003283 1.1860 1727.7 0.144 0.036 k130822_0598
6527.335007 0.992869 0.003272 1.1857 1727.7 0.714 -0.405 k130822_0599
6527.335205 0.994186 0.003288 1.1853 1723.2 0.809 -0.504 k130822_0600
6527.335403 1.003596 0.003333 1.1850 1721.8 0.255 -0.082 k130822_0601
6527.335601 0.997108 0.003285 1.1847 1711.6 1.067 -0.517 k130822_0602
6527.335801 1.000241 0.003304 1.1844 1707.9 0.906 -0.218 k130822_0603
6527.336009 0.994908 0.003269 1.1840 1702.4 1.029 0.546 k130822_0604
6527.336210 1.002474 0.003303 1.1837 1697.3 0.856 -0.068 k130822_0605
6527.336411 0.996207 0.003270 1.1834 1696.3 1.012 0.766 k130822_0606
6527.336619 0.999526 0.003289 1.1830 1699.0 1.344 -0.313 k130822_0607
6527.336820 0.995351 0.003267 1.1827 1699.7 1.670 0.183 k130822_0608
6527.337030 0.995339 0.003271 1.1824 1701.4 2.096 -0.227 k130822_0609
6527.337256 0.998638 0.003292 1.1821 1702.9 1.762 -0.037 k130822_0610
6527.337456 0.995332 0.003274 1.1818 1703.8 1.707 0.087 k130822_0611
6527.337661 0.995892 0.003279 1.1814 1702.5 1.974 -0.097 k130822_0612
6527.337866 0.995530 0.003276 1.1811 1699.8 2.227 -0.168 k130822_0613
6527.338065 0.999192 0.003292 1.1808 1701.4 -1.328 -0.462 k130822_0614
6527.338264 0.999389 0.003294 1.1805 1698.8 -0.796 -0.116 k130822_0615
6527.338467 0.997749 0.003276 1.1802 1698.1 -0.681 -0.091 k130822_0616
6527.338668 0.998181 0.003288 1.1799 1697.9 -1.052 0.284 k130822_0617
6527.338868 0.998541 0.003283 1.1796 1701.4 -0.938 -0.100 k130822_0618
6527.339068 1.001419 0.003297 1.1793 1697.6 -0.942 -0.292 k130822_0619
6527.339278 1.000168 0.003283 1.1790 1687.8 -0.516 -0.067 k130822_0620
6527.339477 1.000498 0.003288 1.1787 1691.7 -0.082 -0.385 k130822_0621
6527.339677 0.993061 0.003240 1.1785 1686.9 88.882 102.885 k130822_0622
6527.339875 0.996683 0.003263 1.1782 1681.9 0.109 -0.271 k130822_0623
6527.340073 1.005691 0.003305 1.1779 1680.5 89.551 102.822 k130822_0624
6527.340271 1.000102 0.003269 1.1776 1685.6 0.570 -0.652 k130822_0625
6527.340471 0.999989 0.003272 1.1774 1686.4 0.016 0.040 k130822_0626
6527.340693 1.002499 0.003272 1.1770 1680.9 -0.072 0.147 k130822_0627
6527.340891 1.001316 0.003269 1.1768 1678.9 0.215 -0.107 k130822_0628
6527.341099 1.004239 0.003281 1.1765 1678.6 0.700 -0.502 k130822_0629
6527.341298 1.002802 0.003282 1.1762 1687.4 0.620 -0.335 k130822_0630
6527.341501 1.004333 0.003285 1.1759 1687.1 0.881 -0.672 k130822_0631
6527.341702 0.999403 0.003264 1.1757 1686.4 0.963 0.513 k130822_0632
6527.341901 1.002441 0.003278 1.1754 1684.5 1.168 -0.464 k130822_0633
6527.342101 1.006699 0.003292 1.1751 1683.4 1.305 -0.439 k130822_0634
6527.342301 1.007477 0.003301 1.1749 1684.5 1.566 -0.278 k130822_0635
6527.342500 1.003432 0.003270 1.1746 1678.0 0.913 -0.185 k130822_0636
6527.342700 1.012682 0.003321 1.1744 1677.4 1.217 0.342 k130822_0637
6527.342925 1.006581 0.003285 1.1741 1672.8 1.129 0.589 k130822_0638
6527.343132 1.004983 0.003277 1.1738 1668.3 1.876 -0.484 k130822_0639
6527.343333 1.010918 0.003315 1.1736 1668.2 1.311 -0.391 k130822_0640
6527.343531 1.010741 0.003307 1.1733 1669.8 1.838 -0.450 k130822_0641
6527.343756 1.009665 0.003299 1.1730 1669.3 1.921 -0.630 k130822_0642
6527.343965 1.014219 0.003326 1.1728 1671.9 2.200 -0.262 k130822_0643
6527.344165 1.006499 0.003279 1.1726 1672.7 -1.174 0.125 k130822_0644
6527.344372 1.010652 0.003322 1.1723 1668.2 -1.359 0.325 k130822_0645
6527.344587 1.009638 0.003294 1.1721 1667.3 -0.987 -0.465 k130822_0646
6527.344786 1.014439 0.003321 1.1718 1663.6 -1.357 0.124 k130822_0647
6527.344986 1.017209 0.003330 1.1716 1663.0 -0.834 -0.364 k130822_0648
6527.345202 1.010042 0.003289 1.1713 1660.1 -1.043 -0.216 k130822_0649
6527.345408 1.011361 0.003284 1.1711 1656.6 -0.977 -0.100 k130822_0650
6527.345633 1.011573 0.003277 1.1708 1651.1 -0.233 -0.092 k130822_0651
6527.345831 1.017226 0.003306 1.1706 1651.5 -0.708 -0.081 k130822_0652
6527.346028 1.018022 0.003311 1.1704 1651.5 -0.049 -0.098 k130822_0653
6527.346228 1.010097 0.003265 1.1702 1650.6 0.242 -0.404 k130822_0654
6527.346425 1.017921 0.003307 1.1699 1656.0 -0.423 -0.596 k130822_0655
6527.346626 1.019034 0.003319 1.1697 1654.7 -0.072 0.094 k130822_0656
6527.346824 1.017444 0.003312 1.1695 1656.7 0.210 -0.218 k130822_0657
6527.347021 1.016828 0.003296 1.1693 1656.2 0.201 -0.124 k130822_0658
6527.347244 1.014765 0.003289 1.1691 1658.9 0.433 0.038 k130822_0659
6527.347450 1.019656 0.003313 1.1688 1660.2 0.991 -0.552 k130822_0660
6527.348095 1.017485 0.003296 1.1682 1656.4 0.261 -0.326 k130822_0661
6527.348292 1.026988 0.003347 1.1680 1653.7 0.779 -0.216 k130822_0662
6527.348492 1.023590 0.003333 1.1678 1652.3 1.151 -0.498 k130822_0663
6527.348717 1.021605 0.003308 1.1675 1649.7 1.013 -0.452 k130822_0664
6527.348925 1.018305 0.003286 1.1673 1648.1 1.181 -0.240 k130822_0665
6527.349124 1.020117 0.003297 1.1671 1642.8 1.295 -0.306 k130822_0666
6527.349331 1.026053 0.003326 1.1669 1641.2 1.046 -0.531 k130822_0667
6527.349548 1.022424 0.003305 1.1667 1642.5 0.792 0.176 k130822_0668
6527.349761 1.025244 0.003318 1.1665 1642.2 0.916 -0.015 k130822_0669
6527.349959 1.023253 0.003314 1.1663 1642.0 0.919 0.250 k130822_0670
6527.350157 1.024627 0.003327 1.1662 1638.0 0.767 0.311 k130822_0671
6527.350357 1.026286 0.003339 1.1660 1637.3 0.243 0.421 k130822_0672
6527.350556 1.024134 0.003321 1.1658 1645.5 1.119 -0.110 k130822_0673
6527.350767 1.025744 0.003334 1.1656 1639.8 0.545 -0.328 k130822_0674
6527.350967 1.025153 0.003325 1.1654 1640.4 2.201 -0.252 k130822_0675
6527.351190 1.026658 0.003336 1.1652 1640.4 1.223 -0.001 k130822_0676
6527.351388 1.030382 0.003358 1.1651 1639.4 1.177 -0.157 k130822_0677
6527.351586 1.032083 0.003373 1.1649 1636.3 0.980 -0.163 k130822_0678
6527.351794 1.025056 0.003333 1.1647 1638.2 0.863 0.247 k130822_0679
6527.351993 1.023516 0.003312 1.1645 1637.0 0.781 0.040 k130822_0680
6527.352191 1.026728 0.003327 1.1644 1636.2 0.926 -0.598 k130822_0681
6527.352390 1.026657 0.003318 1.1642 1635.8 0.359 0.225 k130822_0682
6527.352587 1.026476 0.003328 1.1641 1639.2 0.433 0.608 k130822_0683
6527.352785 1.020238 0.003291 1.1639 1635.3 0.326 -0.362 k130822_0684
6527.352991 1.030787 0.003349 1.1637 1631.7 0.419 -0.330 k130822_0685
6527.353189 1.023564 0.003300 1.1636 1630.8 75.870 -53.885 k130822_0686
6527.353386 1.025623 0.003318 1.1634 1632.7 -0.198 -0.017 k130822_0687
6527.353584 1.021327 0.003308 1.1633 1631.9 0.007 -0.406 k130822_0688
6527.353780 1.019018 0.003293 1.1631 1630.8 -0.064 -0.510 k130822_0689
6527.353981 1.027709 0.003325 1.1630 1631.7 -0.202 0.136 k130822_0690
6527.354177 1.022900 0.003315 1.1628 1630.9 -0.659 -0.029 k130822_0691
6527.354582 1.021535 0.003292 1.1625 1626.9 0.266 -0.892 k130822_0693
6527.354783 1.021899 0.003300 1.1624 1627.2 -0.347 0.206 k130822_0694
6527.354981 1.033714 0.003348 1.1622 1626.1 -0.234 0.675 k130822_0695
6527.355181 1.025858 0.003337 1.1621 1627.6 -0.870 -0.103 k130822_0696
6527.355381 1.026067 0.003326 1.1620 1625.2 -0.547 -0.115 k130822_0697
6527.355587 1.027161 0.003330 1.1618 1626.3 0.024 -0.177 k130822_0698
6527.355787 1.029588 0.003317 1.1617 1626.3 -0.494 -0.574 k130822_0699
6527.355992 1.023607 0.003288 1.1616 1622.3 -0.100 -0.323 k130822_0700
6527.356192 1.024885 0.003299 1.1614 1624.7 -0.635 0.215 k130822_0701
6527.356407 1.021608 0.003291 1.1613 1626.3 -1.024 0.463 k130822_0702
6527.356622 1.020530 0.003286 1.1611 1626.5 -0.785 -0.248 k130822_0703
6527.356823 1.023681 0.003292 1.1610 1624.7 -0.792 0.045 k130822_0704
6527.357022 1.027151 0.003319 1.1609 1627.1 -0.878 0.171 k130822_0705
6527.357223 1.027844 0.003333 1.1608 1625.0 -1.101 -0.045 k130822_0706
6527.357431 1.025291 0.003319 1.1606 1622.7 -0.543 0.659 k130822_0707
6527.357629 1.025917 0.003322 1.1605 1625.2 -1.181 0.290 k130822_0708
6527.357846 1.026839 0.003323 1.1604 1626.3 -0.464 0.012 k130822_0709
6527.358069 1.031153 0.003337 1.1603 1625.7 -0.638 -0.531 k130822_0710
6527.358285 1.024003 0.003307 1.1602 1629.9 -1.230 0.594 k130822_0711
6527.358493 1.025018 0.003315 1.1600 1629.9 -0.974 0.154 k130822_0712
6527.358910 1.025492 0.003318 1.1598 1627.5 -0.684 -0.372 k130822_0714
6527.359109 1.028121 0.003318 1.1597 1628.1 -0.841 0.034 k130822_0715
6527.359319 1.027011 0.003323 1.1596 1630.8 -0.865 0.428 k130822_0716
6527.359535 1.026574 0.003326 1.1595 1626.7 -0.452 -0.436 k130822_0717
6527.359741 1.027060 0.003325 1.1594 1626.7 -0.479 0.265 k130822_0718
6527.359940 1.024838 0.003321 1.1593 1630.1 -1.156 0.870 k130822_0719
6527.360157 1.028376 0.003348 1.1592 1630.0 -0.821 0.036 k130822_0720
6527.360960 1.025355 0.003329 1.1588 1624.1 -0.943 0.451 k130822_0724
6527.361168 1.025998 0.003321 1.1587 1621.3 -0.732 -0.177 k130822_0725
6527.361385 1.028339 0.003334 1.1587 1622.6 -0.823 0.305 k130822_0726
6527.361591 1.030650 0.003341 1.1586 1620.8 -0.689 0.141 k130822_0727
6527.361790 1.034832 0.003379 1.1585 1626.5 0.154 -0.236 k130822_0728
6527.361988 1.026898 0.003332 1.1584 1622.4 -0.463 -0.205 k130822_0729
6527.362188 1.031867 0.003342 1.1583 1622.2 -0.001 -0.169 k130822_0730
6527.362386 1.026186 0.003304 1.1583 1621.9 -0.177 -0.667 k130822_0731
6527.362585 1.032943 0.003337 1.1582 1620.9 -0.279 0.100 k130822_0732
6527.362785 1.027244 0.003336 1.1581 1626.5 -0.293 0.327 k130822_0733
6527.362982 1.025546 0.003313 1.1581 1624.2 0.274 -0.055 k130822_0734
6527.363180 1.023925 0.003305 1.1580 1621.6 0.188 0.229 k130822_0735
6527.363378 1.027037 0.003336 1.1579 1621.5 0.228 0.138 k130822_0736
6527.363576 1.031774 0.003362 1.1579 1620.0 0.171 -0.499 k130822_0737
6527.363773 1.026715 0.003318 1.1578 1623.9 0.755 -1.107 k130822_0738
6527.363975 1.025305 0.003318 1.1578 1623.3 0.596 0.823 k130822_0739
6527.364181 1.029091 0.003329 1.1577 1621.9 0.649 -0.538 k130822_0740
6527.364376 1.025449 0.003323 1.1576 1620.0 1.265 0.148 k130822_0741
6527.364572 1.025858 0.003337 1.1576 1622.3 0.771 0.034 k130822_0742
6527.364767 1.026041 0.003334 1.1575 1624.0 1.181 0.573 k130822_0743
6527.366556 1.030468 0.003350 1.1571 1621.1 -0.858 -1.203 k130822_0752
6527.366753 1.026148 0.003327 1.1571 1621.3 -0.979 -0.045 k130822_0753
6527.367161 1.025430 0.003330 1.1570 1615.0 -0.456 0.090 k130822_0755
6527.367356 1.024966 0.003312 1.1570 1618.6 -0.514 0.337 k130822_0756
6527.367549 1.024235 0.003333 1.1570 1616.5 -0.459 -0.186 k130822_0757
6527.367742 1.022887 0.003306 1.1569 1614.4 -0.305 0.391 k130822_0758
6527.367935 1.023291 0.003310 1.1569 1614.2 -0.023 -0.031 k130822_0759
6527.368131 1.024068 0.003301 1.1569 1613.2 -0.004 -0.356 k130822_0760
6527.368324 1.024426 0.003301 1.1569 1615.8 -0.389 -0.817 k130822_0761
6527.368528 1.028970 0.003334 1.1569 1618.9 -0.010 0.608 k130822_0762
6527.368732 1.030010 0.003337 1.1568 1616.2 0.123 -0.189 k130822_0763
6527.368926 1.023219 0.003303 1.1568 1619.3 0.267 0.515 k130822_0764
6527.369121 1.035608 0.003370 1.1568 1619.2 0.917 0.758 k130822_0765
6527.369317 1.022248 0.003297 1.1568 1622.6 0.199 -0.440 k130822_0766
6527.372224 1.029852 0.003351 1.1568 1626.0 2.520 -1.082 k130822_0767
6527.372424 1.027927 0.003332 1.1568 1624.8 0.202 0.061 k130822_0768
6527.372624 1.024877 0.003311 1.1569 1622.8 -0.309 0.514 k130822_0769
6527.372821 1.029065 0.003326 1.1569 1624.0 -0.128 0.077 k130822_0770
6527.373021 1.030912 0.003341 1.1569 1624.4 0.482 0.039 k130822_0771
6527.373219 1.028682 0.003346 1.1569 1628.4 0.797 1.024 k130822_0772
6527.373418 1.029125 0.003319 1.1569 1626.0 0.494 -1.847 k130822_0773
6527.373618 1.026310 0.003323 1.1570 1627.3 1.200 0.449 k130822_0774
6527.373825 1.034479 0.003364 1.1570 1624.7 0.609 0.005 k130822_0775
6527.374022 1.026095 0.003330 1.1570 1629.3 1.068 0.966 k130822_0776
6527.374438 1.029029 0.003346 1.1571 1623.1 1.287 -0.120 k130822_0778
6527.374845 1.032991 0.003364 1.1572 1620.5 1.527 -0.475 k130822_0780
6527.375266 1.025946 0.003323 1.1573 1619.2 -1.808 0.979 k130822_0782
6527.375474 1.030726 0.003358 1.1573 1616.0 1.781 -0.837 k130822_0783
6527.375682 1.032669 0.003350 1.1574 1614.7 2.045 0.498 k130822_0784
6527.375882 1.027547 0.003315 1.1574 1618.2 -1.527 0.351 k130822_0785
6527.376086 1.030775 0.003342 1.1575 1617.4 -1.028 -0.055 k130822_0786
6527.376303 1.026448 0.003317 1.1575 1615.9 -0.386 0.072 k130822_0787
6527.376503 1.032128 0.003352 1.1576 1613.7 -0.373 -0.229 k130822_0788
6527.376702 1.033303 0.003351 1.1576 1612.3 -0.728 0.236 k130822_0789
6527.376897 1.030158 0.003319 1.1577 1604.7 -0.523 -0.020 k130822_0790
6527.377093 1.029052 0.003323 1.1577 1605.7 74.895 -53.168 k130822_0791
6527.377291 1.036743 0.003368 1.1578 1607.0 -0.408 -0.168 k130822_0792
6527.377488 1.026923 0.003314 1.1578 1602.3 -0.348 -0.275 k130822_0793
6527.377684 1.025586 0.003301 1.1579 1604.8 0.544 0.465 k130822_0794
6527.377885 1.027208 0.003306 1.1580 1603.3 -0.072 -0.215 k130822_0795
6527.378081 1.029241 0.003160 1.1580 1601.4 -0.113 -0.785 k130822_0796
6527.378282 1.028173 0.003318 1.1581 1603.8 0.228 0.556 k130822_0797
6527.378478 1.031361 0.003333 1.1582 1602.3 -0.046 0.190 k130822_0798
6527.378676 1.033103 0.003333 1.1582 1601.0 -0.025 0.329 k130822_0799
6527.378874 1.030432 0.003323 1.1583 1601.1 0.188 0.869 k130822_0800
6527.379072 1.026952 0.003300 1.1584 1596.1 0.419 0.266 k130822_0801
6527.379270 1.027114 0.003299 1.1585 1598.2 0.297 -0.074 k130822_0802
6527.379467 1.031997 0.003350 1.1585 1598.1 0.487 0.095 k130822_0803
6527.379665 1.031499 0.003325 1.1586 1597.3 0.033 -0.310 k130822_0804
6527.379863 1.027028 0.003313 1.1587 1599.2 0.451 -0.219 k130822_0805
6527.380059 1.026340 0.003303 1.1588 1600.7 0.317 0.198 k130822_0806
6527.380257 1.030260 0.003329 1.1589 1597.2 0.230 -0.119 k130822_0807
6527.380456 1.028101 0.003306 1.1589 1601.5 0.675 -0.492 k130822_0808
6527.380656 1.027220 0.003312 1.1590 1601.4 0.636 0.323 k130822_0809
6527.380865 1.030774 0.003334 1.1591 1602.8 0.765 0.199 k130822_0810
6527.381064 1.032068 0.003333 1.1592 1601.7 0.363 0.765 k130822_0811
6527.381262 1.034940 0.003354 1.1593 1604.2 0.439 0.243 k130822_0812
6527.381459 1.029460 0.003314 1.1594 1601.2 0.432 0.054 k130822_0813
6527.381657 1.028889 0.003328 1.1595 1605.5 0.720 0.223 k130822_0814
6527.381855 1.031881 0.003335 1.1596 1603.3 0.116 0.297 k130822_0815
6527.382056 1.030457 0.003329 1.1597 1603.4 0.786 0.572 k130822_0816
6527.382253 1.024715 0.003307 1.1598 1605.6 0.292 0.071 k130822_0817
6527.382451 1.031564 0.003327 1.1599 1604.4 0.478 0.137 k130822_0818
6527.382647 1.026377 0.003306 1.1600 1607.4 0.010 0.126 k130822_0819
6527.382848 1.035571 0.003349 1.1601 1612.0 0.105 -0.021 k130822_0820
6527.383044 1.026701 0.003307 1.1603 1612.2 -0.258 -0.030 k130822_0821
6527.383241 1.028954 0.003314 1.1604 1612.4 0.035 -0.508 k130822_0822
6527.383637 1.028002 0.003312 1.1606 1610.1 -0.343 -0.338 k130822_0824
6527.383834 1.033842 0.003347 1.1607 1612.5 -0.406 -0.443 k130822_0825
6527.384032 1.031230 0.003334 1.1608 1614.1 -0.322 -0.229 k130822_0826
6527.384230 1.035588 0.003350 1.1609 1616.8 -0.362 0.039 k130822_0827
6527.384426 1.028276 0.003311 1.1611 1614.1 -0.564 -0.215 k130822_0828
6527.384623 1.025672 0.003293 1.1612 1615.9 0.267 -0.919 k130822_0829
6527.384820 1.027938 0.003312 1.1613 1615.0 -0.698 -0.550 k130822_0830
6527.385020 1.028513 0.003308 1.1614 1616.2 -0.565 -0.227 k130822_0831
6527.385217 1.027038 0.003304 1.1616 1613.0 -0.860 0.065 k130822_0832
6527.385434 1.027766 0.003300 1.1617 1613.4 -0.495 -0.001 k130822_0833
6527.385631 1.032892 0.003325 1.1619 1613.6 -1.165 0.392 k130822_0834
6527.385848 1.025807 0.003294 1.1620 1615.1 -0.774 -0.306 k130822_0835
6527.386047 1.028600 0.003138 1.1621 1613.9 -0.855 -0.125 k130822_0836
6527.386245 1.024785 0.003117 1.1623 1614.1 -0.841 -0.553 k130822_0837
6527.386443 1.025712 0.003127 1.1624 1617.8 -0.666 0.228 k130822_0838
6527.386641 1.021182 0.003103 1.1625 1614.6 -1.213 0.416 k130822_0839
6527.386840 1.030253 0.003143 1.1627 1610.4 -1.257 -0.020 k130822_0840
6527.387041 1.026228 0.003129 1.1628 1614.2 -1.157 0.119 k130822_0841
6527.387239 1.030084 0.003147 1.1630 1610.6 -1.531 -0.002 k130822_0842
6527.387458 1.027672 0.003137 1.1632 1612.0 -1.496 -0.661 k130822_0843
6527.387674 1.028633 0.003138 1.1633 1612.5 -0.960 -0.518 k130822_0844
6527.387873 1.027154 0.003131 1.1635 1608.9 -1.371 -0.320 k130822_0845
6527.388076 1.025629 0.003129 1.1636 1611.0 -1.077 0.258 k130822_0846
6527.388274 1.026953 0.003133 1.1638 1611.1 -1.697 0.015 k130822_0847
6527.388478 1.024485 0.003132 1.1640 1614.8 2.004 -0.420 k130822_0848
6527.388678 1.026059 0.003137 1.1641 1611.4 -1.406 0.179 k130822_0849
6527.388877 1.027221 0.003143 1.1643 1615.3 -0.957 -0.253 k130822_0850
6527.389075 1.033175 0.003177 1.1644 1614.6 -0.919 -0.679 k130822_0851
6527.389274 1.022891 0.003120 1.1646 1617.5 -0.917 0.365 k130822_0852
6527.389474 1.030794 0.003160 1.1648 1617.4 -1.081 -0.370 k130822_0853
6527.389673 1.021755 0.003117 1.1650 1620.4 88.066 103.007 k130822_0854
6527.389889 1.033704 0.003190 1.1651 1621.5 -0.791 -0.848 k130822_0855
6527.390088 1.025646 0.003131 1.1653 1620.6 -1.095 0.748 k130822_0856
6527.390288 1.021566 0.003109 1.1655 1621.6 -1.041 -0.572 k130822_0857
6527.390485 1.029438 0.003154 1.1657 1622.1 -0.622 -0.152 k130822_0858
6527.390683 1.031923 0.003163 1.1659 1619.7 -0.310 -0.359 k130822_0859
6527.390881 1.027388 0.003138 1.1660 1617.8 -0.625 0.148 k130822_0860
6527.391080 1.029241 0.003160 1.1662 1620.8 -0.674 -0.466 k130822_0861
6527.391279 1.026746 0.003136 1.1664 1620.6 -1.033 0.209 k130822_0862
6527.391477 1.031921 0.003163 1.1666 1618.4 -0.295 -0.494 k130822_0863
6527.391674 1.030651 0.003154 1.1668 1618.3 -0.553 -0.794 k130822_0864
6527.391873 1.029269 0.003141 1.1670 1616.1 -0.209 -0.278 k130822_0865
6527.392071 1.032635 0.003176 1.1672 1617.6 0.305 -0.492 k130822_0866
