# BJD(TDB)-2450000 flux err airmass sky dx dy baserun
6573.245892 1.007842 0.004227 1.1582 3937.8 -0.454 -1.248 k131007_0131
6573.246162 1.010363 0.004241 1.1582 3945.3 0.377 0.260 k131007_0132
6573.246424 1.008430 0.004193 1.1583 3949.1 1.185 -1.405 k131007_0133
6573.246695 1.008781 0.004200 1.1583 3955.4 1.026 -0.333 k131007_0134
6573.246958 1.009639 0.004210 1.1584 3961.3 0.851 -0.111 k131007_0135
6573.247232 1.008105 0.004228 1.1584 3959.7 0.718 0.375 k131007_0136
6573.247494 1.007834 0.004162 1.1585 3960.2 0.835 0.284 k131007_0137
6573.247765 1.009999 0.004188 1.1586 3956.4 0.780 -1.268 k131007_0138
6573.248029 1.008487 0.004181 1.1586 3948.3 0.728 1.168 k131007_0139
6573.248293 1.011101 0.004196 1.1587 3947.8 0.594 0.750 k131007_0140
6573.248556 1.013328 0.004197 1.1588 3939.0 0.610 -0.488 k131007_0141
6573.248818 1.010943 0.004217 1.1589 3934.8 1.642 0.096 k131007_0142
6573.249089 1.011612 0.004166 1.1590 3931.7 -2.014 0.079 k131007_0143
6573.249352 1.013587 0.004175 1.1590 3933.7 2.197 -1.549 k131007_0144
6573.249623 1.005501 0.004178 1.1591 3937.6 -1.308 1.417 k131007_0145
6573.249919 1.009937 0.004178 1.1593 3942.9 -1.482 0.041 k131007_0146
6573.250181 1.004741 0.004169 1.1593 3935.5 -1.747 0.607 k131007_0147
6573.250442 1.005862 0.004264 1.1595 3929.5 1.325 -0.206 k131007_0148
6573.250706 1.008603 0.004178 1.1596 3917.2 1.930 0.139 k131007_0149
6573.250970 1.006534 0.004157 1.1597 3910.5 -0.731 -0.427 k131007_0150
6573.251241 1.006673 0.004185 1.1598 3911.9 -1.651 0.020 k131007_0151
6573.251507 1.008831 0.004202 1.1599 3912.4 -1.762 0.009 k131007_0152
6573.251795 1.004515 0.004173 1.1600 3912.3 2.115 -0.329 k131007_0153
6573.252057 1.018696 0.004257 1.1601 3915.7 -2.496 0.584 k131007_0154
6573.252329 1.009794 0.004227 1.1603 3926.3 1.510 0.502 k131007_0155
6573.252616 1.014039 0.004193 1.1604 3934.6 1.477 -0.018 k131007_0156
6573.252895 1.009938 0.004154 1.1605 3943.0 1.284 -1.042 k131007_0157
6573.253165 1.001751 0.004209 1.1607 3947.7 0.493 1.672 k131007_0158
6573.253427 1.016845 0.004324 1.1608 3946.5 0.172 -0.452 k131007_0159
6573.253688 1.006619 0.004196 1.1609 3941.7 0.757 -0.935 k131007_0160
6573.253949 1.008433 0.004200 1.1611 3936.0 0.329 0.459 k131007_0161
6573.254210 1.002230 0.004272 1.1612 3933.3 -1.655 1.156 k131007_0162
6573.254471 1.005958 0.004306 1.1614 3928.3 4.093 0.297 k131007_0163
6573.254741 1.003819 0.004311 1.1615 3926.8 -0.652 0.358 k131007_0164
6573.255001 1.012455 0.004204 1.1617 3929.4 1.147 -0.636 k131007_0165
6573.255283 1.014788 0.004192 1.1618 3931.3 -0.203 0.185 k131007_0166
6573.255543 1.010157 0.004183 1.1620 3937.8 0.057 -0.284 k131007_0167
6573.255803 1.011475 0.004185 1.1622 3943.0 0.099 0.024 k131007_0168
6573.256064 1.011223 0.004188 1.1623 3945.6 0.109 -0.069 k131007_0169
6573.256325 1.010330 0.004185 1.1625 3951.3 0.337 0.056 k131007_0170
6573.256586 1.009461 0.004166 1.1627 3945.8 -0.160 -0.133 k131007_0171
6573.256847 1.008452 0.004158 1.1628 3947.4 -0.238 0.178 k131007_0172
6573.257108 1.004814 0.004154 1.1630 3944.0 -0.241 0.139 k131007_0173
6573.257368 1.000915 0.004228 1.1632 3950.0 -0.401 0.365 k131007_0174
6573.257629 1.004589 0.004297 1.1634 3947.0 -2.190 2.515 k131007_0175
6573.257891 1.009855 0.004254 1.1636 3944.9 2.108 -1.927 k131007_0176
6573.258154 1.009026 0.004293 1.1638 3943.8 -1.345 1.200 k131007_0177
6573.258432 1.010211 0.004141 1.1640 3937.3 -2.001 -2.929 k131007_0178
6573.258704 1.007974 0.004166 1.1642 3935.4 2.303 0.325 k131007_0179
6573.258976 1.004792 0.004188 1.1644 3937.3 -1.590 0.844 k131007_0180
6573.259248 1.007014 0.004161 1.1646 3943.4 -1.563 -1.554 k131007_0181
6573.259510 1.007603 0.004183 1.1648 3942.5 -1.524 0.718 k131007_0182
6573.260057 1.010709 0.004165 1.1652 3951.7 -0.936 0.381 k131007_0184
6573.260346 1.007556 0.004157 1.1655 3956.7 -0.616 -1.710 k131007_0185
6573.260608 1.006118 0.004173 1.1657 3958.9 -0.440 0.776 k131007_0186
6573.260871 1.006793 0.004171 1.1659 3958.6 -0.721 0.373 k131007_0187
6573.261131 1.009257 0.004162 1.1662 3954.0 -1.056 -0.071 k131007_0188
6573.261393 1.009315 0.004161 1.1664 3944.3 -0.691 0.633 k131007_0189
6573.261657 1.011460 0.004175 1.1666 3935.1 -0.609 -1.016 k131007_0190
6573.261919 1.009195 0.004157 1.1668 3919.5 -1.548 0.501 k131007_0191
6573.262183 1.011487 0.004183 1.1671 3910.7 -0.974 -0.776 k131007_0192
6573.262445 1.009363 0.004162 1.1673 3912.8 -0.554 -0.327 k131007_0193
6573.262703 1.008883 0.004161 1.1676 3915.0 -0.843 0.736 k131007_0194
6573.262966 1.004130 0.004144 1.1678 3916.1 -0.333 -1.097 k131007_0195
6573.263227 1.007368 0.004175 1.1681 3916.2 -0.111 0.014 k131007_0196
6573.263488 1.008160 0.004148 1.1683 3917.4 0.018 -0.044 k131007_0197
6573.263748 1.005331 0.004154 1.1686 3918.5 0.235 -0.006 k131007_0198
6573.264009 0.999907 0.004148 1.1689 3921.7 -0.174 -1.305 k131007_0199
6573.264271 1.011974 0.004192 1.1691 3927.3 -0.548 0.227 k131007_0200
6573.264532 1.011557 0.004193 1.1694 3923.7 -0.150 -0.205 k131007_0201
6573.264791 1.010978 0.004166 1.1697 3913.1 -0.187 -0.310 k131007_0202
6573.265051 1.010498 0.004162 1.1699 3908.1 0.250 -0.196 k131007_0203
6573.265312 1.007331 0.004137 1.1702 3897.2 0.039 -0.376 k131007_0204
6573.265574 1.006957 0.004131 1.1705 3891.2 0.321 -0.210 k131007_0205
6573.265835 1.007811 0.004140 1.1708 3897.1 0.060 -0.199 k131007_0206
6573.266098 1.013011 0.004171 1.1711 3901.4 -0.186 -0.555 k131007_0207
6573.266358 1.006398 0.004148 1.1713 3894.9 1.093 -1.005 k131007_0208
6573.266621 1.008485 0.004161 1.1717 3886.9 1.147 -0.259 k131007_0209
6573.266882 1.009642 0.004154 1.1720 3882.4 0.458 -0.332 k131007_0210
6573.267144 1.010158 0.004154 1.1723 3880.8 0.653 -0.105 k131007_0211
6573.267405 1.010903 0.004161 1.1725 3876.2 1.168 -0.538 k131007_0212
6573.267675 1.009195 0.004157 1.1729 3870.0 0.886 0.270 k131007_0213
6573.268203 1.011783 0.004144 1.1735 3880.1 -2.219 0.169 k131007_0215
6573.268473 1.006742 0.004148 1.1738 3869.7 1.487 0.337 k131007_0216
6573.268743 1.010897 0.004166 1.1742 3868.3 1.679 -0.810 k131007_0217
6573.269013 1.011721 0.004165 1.1745 3867.8 -1.395 -0.139 k131007_0218
6573.269276 1.005798 0.004126 1.1748 3871.8 -1.110 0.250 k131007_0219
6573.269540 1.010211 0.004141 1.1751 3866.0 -0.436 -0.849 k131007_0220
6573.269804 1.013536 0.004209 1.1755 3869.5 -1.253 0.621 k131007_0221
6573.270084 1.008847 0.004171 1.1759 3862.9 -0.409 -0.004 k131007_0222
6573.270344 1.014336 0.004178 1.1762 3857.5 -1.129 -0.758 k131007_0223
6573.270608 1.014621 0.004173 1.1765 3859.4 -0.377 -0.034 k131007_0224
6573.270868 1.007327 0.004131 1.1769 3855.3 -0.524 -0.444 k131007_0225
6573.271131 1.007390 0.004130 1.1772 3851.5 0.030 0.002 k131007_0226
6573.271392 1.009587 0.004148 1.1776 3847.7 -0.099 -0.021 k131007_0227
6573.271652 1.009667 0.004165 1.1780 3849.8 0.084 -0.028 k131007_0228
6573.271911 1.009938 0.004154 1.1783 3842.8 0.884 -0.654 k131007_0229
6573.272181 1.003907 0.004114 1.1787 3849.3 0.741 -0.165 k131007_0230
6573.272444 1.004858 0.004131 1.1790 3849.4 0.685 -0.764 k131007_0231
6573.272706 1.008415 0.004183 1.1794 3849.7 0.716 1.065 k131007_0232
6573.272970 1.009454 0.004169 1.1798 3849.4 0.963 -0.437 k131007_0233
6573.273232 1.006776 0.004150 1.1802 3846.1 1.224 -0.476 k131007_0234
6573.273495 1.010863 0.004145 1.1806 3838.7 0.488 0.571 k131007_0235
6573.273756 1.009176 0.004135 1.1809 3832.5 1.696 -0.406 k131007_0236
6573.274027 1.007903 0.004157 1.1813 3826.7 -1.716 0.115 k131007_0237
6573.274291 1.007146 0.004126 1.1817 3821.3 1.647 0.095 k131007_0238
6573.274554 1.005307 0.004123 1.1821 3819.5 -0.527 -0.541 k131007_0239
6573.274817 1.013140 0.004152 1.1825 3814.8 -0.610 -0.382 k131007_0240
6573.275079 1.008193 0.004130 1.1829 3816.1 -1.118 0.821 k131007_0241
6573.275342 1.002717 0.004105 1.1833 3819.2 -1.538 -0.297 k131007_0242
6573.275604 1.006641 0.004121 1.1838 3819.7 -1.175 -0.344 k131007_0243
6573.275876 1.005891 0.004105 1.1842 3819.6 -0.680 -0.093 k131007_0244
6573.276136 1.012874 0.004166 1.1846 3827.9 -0.784 0.071 k131007_0245
6573.276398 1.009671 0.005873 1.1850 3824.6 -1.758 -0.005 k131007_0246
6573.276661 1.011082 0.004141 1.1854 3821.0 2.846 -0.016 k131007_0247
6573.276931 1.011078 0.004130 1.1859 3815.2 -0.160 -0.155 k131007_0248
6573.277192 1.013951 0.004148 1.1863 3813.1 0.288 -0.067 k131007_0249
6573.277452 1.008363 0.004121 1.1867 3810.0 0.300 -0.318 k131007_0250
6573.277712 1.013679 0.004137 1.1872 3801.9 0.250 -0.979 k131007_0251
6573.277975 1.010273 0.004135 1.1876 3794.9 -0.368 1.019 k131007_0252
6573.278238 1.009015 0.004117 1.1881 3789.3 -0.150 -0.447 k131007_0253
6573.278498 1.010341 0.004130 1.1885 3782.2 0.481 -0.541 k131007_0254
6573.278763 1.009391 0.004130 1.1890 3781.9 0.556 -0.392 k131007_0255
6573.279026 1.010208 0.004123 1.1894 3783.8 0.013 0.416 k131007_0256
6573.279289 1.009386 0.004130 1.1899 3786.5 0.634 0.085 k131007_0257
6573.279550 1.009557 0.004119 1.1903 3792.4 0.598 -0.456 k131007_0258
6573.279813 1.010898 0.004130 1.1908 3793.6 0.546 0.008 k131007_0259
6573.280073 1.014632 0.004162 1.1913 3790.9 0.958 0.099 k131007_0260
6573.280344 1.007264 0.005308 1.1918 3789.2 1.251 -0.392 k131007_0261
6573.280612 1.005371 0.004102 1.1922 3791.1 0.812 0.073 k131007_0262
6573.280876 1.011713 0.004127 1.1927 3784.3 0.862 -0.102 k131007_0263
6573.281137 1.010494 0.004131 1.1932 3776.4 1.267 0.349 k131007_0264
6573.281399 1.011739 0.004152 1.1937 3762.0 1.476 -0.200 k131007_0265
6573.281663 1.010069 0.004119 1.1942 3744.7 1.484 0.018 k131007_0266
6573.281925 1.009128 0.004144 1.1947 3740.3 2.114 -0.371 k131007_0267
6573.282189 1.013067 0.004150 1.1952 3736.3 -1.199 -0.294 k131007_0268
6573.282451 1.008627 0.004126 1.1957 3728.0 -1.558 -0.046 k131007_0269
6573.282715 1.006860 0.004113 1.1962 3726.7 -1.625 0.844 k131007_0270
6573.282987 1.005454 0.004096 1.1967 3727.3 -1.485 0.140 k131007_0271
6573.283248 1.008017 0.004119 1.1972 3733.2 -1.671 0.374 k131007_0272
6573.283510 1.004970 0.004102 1.1977 3745.0 -1.504 -0.683 k131007_0273
6573.283789 1.004464 0.004154 1.1983 3751.3 -2.056 0.642 k131007_0274
6573.284053 1.005147 0.004183 1.1988 3763.9 1.113 1.102 k131007_0275
6573.284315 1.004011 0.004141 1.1993 3771.9 1.697 -1.458 k131007_0276
6573.284587 1.008606 0.004181 1.1999 3770.0 -1.395 -0.852 k131007_0277
6573.284850 0.999926 0.004152 1.2004 3763.6 -1.516 0.173 k131007_0278
6573.285114 1.006984 0.004148 1.2010 3760.2 -0.790 -0.296 k131007_0279
6573.285377 0.997291 0.004123 1.2015 3754.1 -1.166 -0.409 k131007_0280
6573.285637 1.003265 0.004154 1.2021 3746.4 -1.882 1.052 k131007_0281
6573.285901 0.997542 0.004119 1.2026 3740.7 1.943 0.206 k131007_0282
6573.286165 1.000074 0.004148 1.2032 3740.1 -0.549 -0.655 k131007_0283
6573.286428 0.995726 0.004134 1.2037 3736.7 -1.324 0.837 k131007_0284
6573.286691 1.003097 0.004150 1.2043 3742.8 -1.370 -0.706 k131007_0285
6573.286952 0.996160 0.004102 1.2048 3743.5 -0.512 -1.056 k131007_0286
6573.287216 1.000416 0.004113 1.2054 3738.2 -1.053 -0.020 k131007_0287
6573.287479 0.996317 0.004088 1.2060 3739.4 -1.362 -0.556 k131007_0288
6573.287740 0.996493 0.004110 1.2066 3740.9 -0.463 -0.649 k131007_0289
6573.288003 0.992305 0.004082 1.2071 3733.9 -0.637 0.575 k131007_0290
6573.288266 0.997182 0.004110 1.2077 3733.5 -0.387 -0.185 k131007_0291
6573.288526 0.996202 0.004137 1.2083 3733.5 -0.949 -0.226 k131007_0292
6573.288788 0.991754 0.004105 1.2089 3731.1 -1.366 0.422 k131007_0293
6573.289050 0.990497 0.004095 1.2095 3735.0 -1.268 -0.569 k131007_0294
6573.289312 0.994845 0.004121 1.2101 3733.2 -0.572 -0.566 k131007_0295
6573.289576 0.991649 0.004126 1.2107 3732.1 -0.505 1.183 k131007_0296
6573.290100 0.990099 0.004092 1.2119 3730.6 -0.607 -1.673 k131007_0298
6573.290364 0.993140 0.004117 1.2125 3728.9 -1.188 -0.484 k131007_0299
6573.290628 0.982379 0.004051 1.2132 3735.9 -1.250 -0.100 k131007_0300
6573.290891 0.985607 0.004078 1.2138 3731.7 -0.909 -0.010 k131007_0301
6573.291152 0.988989 0.004092 1.2144 3727.2 -1.022 -0.581 k131007_0302
6573.291414 0.988738 0.004088 1.2150 3728.2 -0.435 0.184 k131007_0303
6573.291677 0.992982 0.004123 1.2157 3728.0 -0.692 -0.473 k131007_0304
6573.291937 0.985061 0.004074 1.2163 3715.1 -0.819 -0.366 k131007_0305
6573.292201 0.982289 0.004074 1.2169 3714.2 -0.412 -0.231 k131007_0306
6573.292463 0.981970 0.004058 1.2176 3709.4 -0.473 0.569 k131007_0307
6573.292723 0.983790 0.004069 1.2182 3700.1 -0.979 0.024 k131007_0308
6573.292985 0.979746 0.004040 1.2189 3695.7 -1.093 -0.555 k131007_0309
6573.294174 0.978072 0.004023 1.2219 3684.1 -0.864 -1.099 k131007_0310
6573.294436 0.982643 0.004097 1.2226 3693.7 -0.919 0.430 k131007_0311
6573.294697 0.984337 0.004110 1.2232 3699.5 -1.566 0.018 k131007_0312
6573.294961 0.979784 0.004113 1.2239 3697.7 -0.524 0.117 k131007_0313
6573.295221 0.979920 0.004106 1.2246 3700.5 -1.129 -0.906 k131007_0314
6573.295483 0.985503 0.004162 1.2253 3690.7 0.028 -0.518 k131007_0315
6573.295744 0.984376 0.004097 1.2260 3686.9 -0.552 -1.119 k131007_0316
6573.296009 0.985539 0.004097 1.2267 3681.8 0.041 0.125 k131007_0317
6573.296272 0.982626 0.004086 1.2274 3679.6 0.256 -0.018 k131007_0318
6573.296532 0.985439 0.004137 1.2281 3684.1 -0.540 0.022 k131007_0319
6573.296793 0.979797 0.004126 1.2288 3675.5 -0.952 -0.502 k131007_0320
6573.298024 0.971303 0.004113 1.2322 3643.2 0.007 0.874 k131007_0321
6573.298288 0.980691 0.004095 1.2329 3647.4 -0.025 -1.497 k131007_0322
6573.298552 0.978342 0.004134 1.2337 3655.6 -0.084 0.482 k131007_0323
6573.298812 0.985021 0.004169 1.2344 3665.5 0.809 -2.440 k131007_0324
6573.299077 0.980588 0.004141 1.2352 3672.7 0.497 1.746 k131007_0325
6573.299340 0.983382 0.004130 1.2359 3683.6 0.287 -0.240 k131007_0326
6573.299600 0.976525 0.004097 1.2367 3689.0 -0.659 0.214 k131007_0327
6573.299861 0.978157 0.004086 1.2374 3689.3 -0.764 -0.085 k131007_0328
6573.300122 0.980193 0.004131 1.2382 3684.3 0.166 -1.092 k131007_0329
6573.300386 0.979531 0.004137 1.2390 3690.2 0.356 0.019 k131007_0330
6573.300647 0.978819 0.004100 1.2397 3681.2 0.385 -0.102 k131007_0331
6573.300907 0.982454 0.004135 1.2405 3678.7 -0.171 -0.945 k131007_0332
6573.301171 0.978028 0.004154 1.2413 3671.3 -0.671 1.372 k131007_0333
6573.301434 0.975896 0.004130 1.2421 3659.3 -0.614 0.487 k131007_0334
6573.301694 0.981416 0.004096 1.2429 3657.9 -0.495 -0.044 k131007_0335
6573.301955 0.981243 0.004071 1.2436 3653.3 -0.127 -0.844 k131007_0336
6573.302216 0.982022 0.004114 1.2444 3656.0 -0.066 -0.064 k131007_0337
6573.302477 0.978301 0.004110 1.2452 3657.6 0.195 -0.143 k131007_0338
6573.302737 0.977893 0.004065 1.2460 3661.0 0.127 0.591 k131007_0339
6573.302997 0.980917 0.004095 1.2468 3657.2 0.280 -0.473 k131007_0340
6573.303258 0.977452 0.004061 1.2476 3662.3 -1.659 0.943 k131007_0341
6573.303521 0.981326 0.004088 1.2485 3666.1 2.508 -1.222 k131007_0342
6573.303790 0.978702 0.004065 1.2493 3661.6 -0.383 -0.826 k131007_0343
6573.304054 0.979729 0.004083 1.2502 3663.6 -0.155 -0.121 k131007_0344
6573.304315 0.980442 0.004096 1.2510 3656.2 -1.020 1.136 k131007_0345
6573.304578 0.976561 0.004069 1.2518 3651.4 -0.834 -0.755 k131007_0346
6573.304842 0.978486 0.004048 1.2527 3637.9 -0.768 0.058 k131007_0347
6573.305103 0.978663 0.004047 1.2535 3633.8 -0.294 -0.254 k131007_0348
6573.305363 0.978960 0.004057 1.2544 3626.4 -1.129 -0.141 k131007_0349
6573.305626 0.975698 0.004052 1.2552 3621.1 -1.163 -0.147 k131007_0350
6573.305905 0.980470 0.004113 1.2561 3609.8 -1.409 -0.394 k131007_0351
6573.306184 0.977786 0.004055 1.2570 3599.4 -0.718 0.656 k131007_0352
6573.306445 0.981323 0.004144 1.2579 3594.2 -1.518 0.101 k131007_0353
6573.306709 0.978255 0.004055 1.2588 3591.4 -0.897 -1.343 k131007_0354
6573.306972 0.982889 0.004092 1.2597 3586.1 -1.155 0.617 k131007_0355
6573.307235 0.981192 0.004075 1.2606 3583.1 -0.639 0.128 k131007_0356
6573.307495 0.978234 0.004075 1.2614 3590.8 -1.480 0.921 k131007_0357
6573.307761 0.983172 0.004105 1.2623 3596.1 -0.842 -0.318 k131007_0358
6573.308022 0.981009 0.004083 1.2632 3596.8 -1.198 0.346 k131007_0359
6573.308285 0.979621 0.004102 1.2641 3599.7 -1.333 -0.243 k131007_0360
6573.308547 0.980813 0.004078 1.2650 3594.1 -1.126 -0.061 k131007_0361
6573.308810 0.975434 0.004023 1.2660 3591.1 -1.169 0.127 k131007_0362
6573.309074 0.982299 0.004071 1.2669 3579.4 -1.794 -0.153 k131007_0363
6573.309336 0.977723 0.004034 1.2678 3572.1 1.800 0.369 k131007_0364
6573.309598 0.978254 0.004040 1.2687 3559.3 -1.314 0.422 k131007_0365
6573.309861 0.971823 0.004000 1.2696 3553.7 -1.826 0.552 k131007_0366
6573.310124 0.978041 0.004030 1.2706 3548.2 2.065 -0.798 k131007_0367
6573.310823 0.976691 0.004023 1.2731 3547.1 1.943 -1.014 k131007_0368
6573.311095 0.980993 0.004048 1.2741 3550.3 -1.923 0.485 k131007_0369
6573.311492 0.975944 0.004055 1.2755 3551.0 -1.669 0.663 k131007_0370
6573.311757 0.979104 0.004071 1.2765 3553.2 -1.954 -0.071 k131007_0371
6573.312023 0.978121 0.004055 1.2775 3550.7 1.370 0.064 k131007_0372
6573.312286 0.978247 0.004065 1.2785 3546.1 1.779 -0.098 k131007_0373
6573.312621 0.981795 0.004078 1.2797 3548.6 1.401 -0.497 k131007_0374
6573.312884 0.983446 0.004095 1.2807 3544.4 1.446 0.660 k131007_0375
6573.313149 0.979825 0.004067 1.2817 3545.6 1.792 0.389 k131007_0376
6573.313411 0.980810 0.004086 1.2827 3534.8 -2.044 0.044 k131007_0377
6573.313673 0.973755 0.004055 1.2837 3538.1 1.538 0.420 k131007_0378
6573.313935 0.980315 0.004071 1.2847 3526.0 1.318 0.471 k131007_0379
6573.314197 0.981207 0.004069 1.2857 3527.3 1.870 -0.893 k131007_0380
6573.314505 0.976350 0.004030 1.2869 3516.9 0.976 -0.526 k131007_0381
6573.314770 0.978219 0.004058 1.2879 3514.5 1.256 0.626 k131007_0382
6573.315033 0.976448 0.004048 1.2890 3515.7 1.777 -0.353 k131007_0383
6573.315300 0.980287 0.004067 1.2900 3510.8 -1.921 0.052 k131007_0384
6573.315564 0.981122 0.004069 1.2911 3512.6 1.518 0.432 k131007_0385
6573.315827 0.980619 0.004061 1.2921 3506.1 1.252 -0.468 k131007_0386
6573.316091 0.979952 0.004069 1.2932 3506.5 1.176 0.354 k131007_0387
6573.316355 0.971738 0.004017 1.2942 3501.1 1.011 -0.086 k131007_0388
6573.316619 0.981701 0.004074 1.2953 3501.7 0.579 0.245 k131007_0389
6573.316881 0.977807 0.004067 1.2963 3499.3 1.625 0.268 k131007_0390
6573.317146 0.981928 0.004092 1.2974 3492.6 -1.531 0.511 k131007_0391
6573.317410 0.983264 0.004069 1.2985 3488.1 -1.829 -0.598 k131007_0392
6573.317673 0.979422 0.004052 1.2996 3486.1 1.891 -0.167 k131007_0393
6573.319873 0.983821 0.004097 1.3088 3470.6 2.159 -0.561 k131007_0395
6573.320135 0.977398 0.004062 1.3100 3459.7 -0.820 0.486 k131007_0396
6573.320396 0.977032 0.004088 1.3111 3451.8 -1.677 1.135 k131007_0397
6573.321172 0.971900 0.004047 1.3145 3451.0 -0.858 -0.574 k131007_0398
6573.321439 0.976070 0.004067 1.3156 3460.3 -0.707 0.083 k131007_0399
6573.321698 0.979424 0.004102 1.3168 3468.2 -0.574 -0.195 k131007_0400
6573.321958 0.979962 0.004109 1.3180 3477.4 -0.744 -0.241 k131007_0401
6573.322219 0.979663 0.004090 1.3191 3486.1 -0.887 -0.607 k131007_0402
6573.322483 0.980346 0.004114 1.3203 3492.8 -2.002 1.356 k131007_0403
6573.322747 0.977703 0.004083 1.3215 3497.3 1.578 -0.262 k131007_0404
6573.323019 0.977273 0.004117 1.3227 3500.9 -1.380 0.313 k131007_0405
6573.323300 0.985490 0.004192 1.3240 3503.8 -1.623 0.148 k131007_0406
6573.323563 0.977510 0.004117 1.3252 3504.0 -1.092 -0.463 k131007_0407
6573.324095 0.974034 0.004090 1.3277 3506.0 -1.088 -1.494 k131007_0408
6573.324623 0.973428 0.004106 1.3301 3521.7 -1.264 -0.483 k131007_0409
6573.324887 0.980189 0.004137 1.3314 3520.6 -0.954 -0.742 k131007_0410
6573.325148 0.978099 0.004127 1.3326 3520.6 -1.212 0.765 k131007_0411
6573.325411 0.977009 0.004131 1.3338 3513.8 -1.195 0.268 k131007_0412
6573.325674 0.972818 0.004110 1.3351 3502.2 -0.960 0.057 k131007_0413
6573.325938 0.980247 0.004141 1.3363 3482.6 -1.046 -0.792 k131007_0414
6573.326199 0.980949 0.004150 1.3376 3471.6 -1.419 0.029 k131007_0415
6573.326464 0.978511 0.004135 1.3389 3467.9 -1.131 -0.106 k131007_0416
6573.326726 0.981668 0.004135 1.3401 3466.4 -1.542 -0.314 k131007_0417
6573.326991 0.980886 0.004119 1.3414 3467.2 -1.175 0.150 k131007_0418
6573.327252 0.984181 0.004162 1.3427 3475.3 -1.673 0.559 k131007_0419
6573.327530 0.981631 0.004157 1.3441 3471.6 -1.934 0.433 k131007_0420
6573.327792 0.975470 0.004102 1.3454 3469.7 1.594 -0.303 k131007_0421
6573.328053 0.978726 0.004148 1.3467 3478.4 -1.369 -0.030 k131007_0422
6573.328316 0.980364 0.004179 1.3480 3479.6 -1.293 0.760 k131007_0423
6573.328578 0.978865 0.004148 1.3493 3481.7 -1.869 -0.571 k131007_0424
6573.328841 0.976323 0.004140 1.3506 3481.9 1.561 -0.244 k131007_0425
6573.329103 0.977914 0.004150 1.3519 3472.8 1.907 -0.822 k131007_0426
6573.329374 0.977658 0.004150 1.3533 3467.4 -1.235 -0.619 k131007_0427
6573.329635 0.984592 0.004175 1.3546 3468.5 -1.415 1.280 k131007_0428
6573.329898 0.977687 0.004152 1.3560 3468.9 -1.807 -0.267 k131007_0429
6573.330162 0.979054 0.004169 1.3574 3473.6 -1.530 0.196 k131007_0430
6573.330424 0.981861 0.004179 1.3587 3481.3 -0.818 -0.305 k131007_0431
6573.330685 0.975629 0.004161 1.3601 3486.8 -1.115 0.598 k131007_0432
6573.330947 0.974055 0.004140 1.3614 3490.5 -1.165 0.444 k131007_0433
6573.331210 0.971225 0.004181 1.3628 3495.9 -1.172 -0.919 k131007_0434
6573.331472 0.975820 0.004233 1.3642 3491.8 -1.155 0.136 k131007_0435
6573.331735 0.978215 0.004220 1.3656 3481.9 -1.542 1.567 k131007_0436
6573.331997 0.979352 0.004197 1.3670 3479.7 -0.983 -1.902 k131007_0437
6573.332259 0.977043 0.004171 1.3684 3475.4 -0.889 0.635 k131007_0438
6573.332521 0.977828 0.004214 1.3698 3480.2 -0.736 0.111 k131007_0439
6573.332783 0.976939 0.004206 1.3712 3482.2 -0.744 0.336 k131007_0440
6573.333044 0.976349 0.004206 1.3726 3495.0 -1.250 0.485 k131007_0441
6573.333306 0.984400 0.004214 1.3740 3491.2 -0.887 -0.465 k131007_0442
6573.333567 0.973613 0.004175 1.3755 3488.9 -1.212 0.965 k131007_0443
6573.333830 0.974108 0.004197 1.3769 3488.9 -0.796 -1.095 k131007_0444
6573.334093 0.974354 0.004219 1.3784 3479.7 -0.435 0.394 k131007_0445
6573.334353 0.975316 0.004214 1.3798 3482.3 -0.902 1.031 k131007_0446
6573.334617 0.976558 0.004204 1.3813 3485.7 -0.808 -0.557 k131007_0447
6573.334879 0.977724 0.004196 1.3828 3486.0 -0.404 -0.828 k131007_0448
6573.335140 0.983517 0.004245 1.3842 3496.8 0.134 -0.295 k131007_0449
6573.335399 0.977681 0.004192 1.3857 3499.7 0.221 -0.473 k131007_0450
6573.335662 0.983347 0.004235 1.3872 3492.1 -0.406 -0.133 k131007_0451
6573.335926 0.978004 0.004196 1.3887 3479.0 -0.204 -0.398 k131007_0452
6573.336209 0.975657 0.004181 1.3903 3467.5 -0.517 -0.411 k131007_0453
6573.336470 0.980313 0.004214 1.3918 3464.9 -0.179 -1.380 k131007_0454
6573.336732 0.977967 0.004220 1.3933 3461.0 0.356 0.934 k131007_0455
6573.336996 0.975083 0.004202 1.3949 3462.5 -0.453 0.387 k131007_0456
6573.337256 0.980591 0.004254 1.3964 3463.1 0.951 -1.253 k131007_0457
6573.337527 0.975471 0.004209 1.3980 3468.9 0.905 0.921 k131007_0458
6573.337796 0.978426 0.004224 1.3996 3471.6 0.858 -0.072 k131007_0459
6573.338060 0.976543 0.004219 1.4011 3480.7 0.277 0.045 k131007_0460
6573.338330 0.971673 0.004197 1.4027 3489.7 -0.044 -0.921 k131007_0461
6573.338602 0.973466 0.004249 1.4044 3496.6 0.310 0.792 k131007_0462
6573.338864 0.977095 0.004245 1.4059 3503.1 0.007 0.396 k131007_0463
6573.339123 0.974632 0.004237 1.4075 3500.6 0.549 -0.589 k131007_0464
6573.339384 0.976635 0.004252 1.4091 3501.9 0.513 0.704 k131007_0465
6573.339647 0.977853 0.004303 1.4107 3494.6 0.740 1.079 k131007_0466
6573.339910 0.979176 0.004266 1.4123 3487.1 1.112 -1.958 k131007_0467
6573.340174 0.980330 0.004244 1.4139 3482.0 1.464 -0.605 k131007_0468
6573.340437 0.975979 0.004233 1.4155 3476.7 1.036 1.873 k131007_0469
6573.340700 0.979379 0.004245 1.4172 3477.8 0.615 -0.569 k131007_0470
6573.340962 0.975076 0.004249 1.4188 3475.0 1.046 0.159 k131007_0471
6573.341224 0.970917 0.004231 1.4204 3477.7 0.800 0.241 k131007_0472
6573.341486 0.977738 0.004266 1.4221 3476.2 1.058 0.196 k131007_0473
6573.341748 0.974484 0.004271 1.4237 3475.9 0.784 -0.121 k131007_0474
6573.342010 0.977585 0.004268 1.4254 3470.4 1.337 -0.710 k131007_0475
6573.342272 0.979314 0.004258 1.4271 3475.3 0.201 -0.406 k131007_0476
6573.342532 0.976000 0.004249 1.4287 3481.1 1.079 0.520 k131007_0477
6573.342795 0.971865 0.004259 1.4304 3483.9 1.139 -0.347 k131007_0478
6573.343059 0.974709 0.004271 1.4321 3486.7 0.502 0.221 k131007_0479
6573.343329 0.980514 0.004297 1.4339 3481.6 1.129 -0.220 k131007_0480
6573.343594 0.977190 0.004276 1.4356 3479.4 1.494 -0.374 k131007_0481
6573.343858 0.976051 0.004280 1.4373 3477.7 -1.627 0.589 k131007_0482
6573.344122 0.978093 0.004292 1.4391 3478.4 -1.794 -0.068 k131007_0483
6573.344383 0.976278 0.004280 1.4408 3474.1 1.498 -0.065 k131007_0484
6573.344653 0.980196 0.004289 1.4426 3468.7 -2.537 -0.141 k131007_0485
6573.344916 0.972854 0.004258 1.4444 3461.6 0.915 -0.223 k131007_0486
6573.345188 0.970623 0.004258 1.4462 3455.8 0.879 0.595 k131007_0487
6573.345451 0.977004 0.004297 1.4480 3453.3 0.450 0.712 k131007_0488
6573.345712 0.976103 0.004289 1.4497 3454.0 1.720 -0.030 k131007_0489
6573.345975 0.977660 0.004292 1.4515 3457.3 -2.013 -0.999 k131007_0490
6573.346236 0.969625 0.004248 1.4533 3451.0 2.240 -0.045 k131007_0491
6573.346499 0.978240 0.004296 1.4551 3450.8 -1.215 -0.556 k131007_0492
6573.346761 0.976320 0.004287 1.4569 3451.9 -1.667 0.061 k131007_0493
6573.347039 0.977496 0.004302 1.4588 3457.1 -1.629 0.530 k131007_0494
6573.347302 0.972033 0.004272 1.4607 3455.0 -2.511 0.192 k131007_0495
6573.347564 0.977313 0.004299 1.4625 3444.3 1.546 -0.907 k131007_0496
6573.347827 0.980548 0.004314 1.4644 3442.0 -2.041 1.220 k131007_0497
6573.348088 0.976388 0.004287 1.4662 3443.0 1.413 0.373 k131007_0498
6573.348350 0.979500 0.004323 1.4681 3440.9 1.132 -0.687 k131007_0499
6573.348611 0.977082 0.004341 1.4699 3444.0 2.542 0.538 k131007_0500
6573.348874 0.976268 0.004331 1.4718 3448.8 -1.222 -0.331 k131007_0501
6573.349142 0.972149 0.004307 1.4737 3456.4 -0.736 -0.592 k131007_0502
6573.349404 0.974700 0.004323 1.4756 3463.9 -2.106 0.506 k131007_0503
6573.349670 0.977228 0.004342 1.4776 3467.4 1.175 0.229 k131007_0504
6573.349933 0.975591 0.004342 1.4795 3482.4 1.641 -0.500 k131007_0505
6573.350197 0.975409 0.004337 1.4814 3486.8 -1.831 0.196 k131007_0506
6573.350461 0.974322 0.004314 1.4834 3487.6 1.403 0.326 k131007_0507
6573.350725 0.972127 0.004335 1.4853 3488.8 1.508 -0.140 k131007_0508
6573.351025 0.980536 0.004393 1.4875 3481.7 -2.263 1.164 k131007_0509
6573.351286 0.977194 0.004382 1.4895 3477.3 1.033 -0.330 k131007_0510
6573.351556 0.977812 0.004362 1.4915 3477.2 1.803 -1.579 k131007_0511
6573.351827 0.981856 0.004380 1.4936 3474.2 -2.023 0.757 k131007_0512
6573.352096 0.980941 0.004370 1.4956 3467.8 1.192 0.731 k131007_0513
6573.352359 0.979785 0.004359 1.4976 3454.9 1.644 -0.155 k131007_0514
6573.352621 0.973764 0.004338 1.4996 3449.6 -2.207 -0.055 k131007_0515
6573.352885 0.975931 0.004347 1.5017 3460.2 0.647 0.347 k131007_0516
6573.353154 0.975951 0.004456 1.5037 3474.7 0.798 0.302 k131007_0517
6573.353416 0.976866 0.004401 1.5058 3479.1 1.238 0.954 k131007_0518
6573.353680 0.977132 0.004410 1.5078 3473.0 0.649 -0.577 k131007_0519
6573.353944 0.982395 0.004442 1.5099 3455.1 1.564 -0.185 k131007_0520
6573.354216 0.976844 0.004393 1.5120 3441.6 -2.604 -0.400 k131007_0521
6573.354480 0.972396 0.004378 1.5141 3445.8 1.719 -0.244 k131007_0522
6573.354744 0.980477 0.004403 1.5162 3449.3 -1.828 0.575 k131007_0523
6573.355007 0.976590 0.004390 1.5183 3443.4 0.695 0.278 k131007_0524
6573.355269 0.976365 0.004385 1.5204 3435.7 0.793 0.757 k131007_0525
6573.355531 0.976986 0.004416 1.5225 3433.4 0.838 0.008 k131007_0526
6573.355792 0.978443 0.004424 1.5246 3426.7 0.955 -0.206 k131007_0527
6573.356056 0.976723 0.004416 1.5268 3424.0 1.280 0.176 k131007_0528
6573.356319 0.976495 0.004421 1.5289 3424.2 0.945 -0.114 k131007_0529
6573.356583 0.975071 0.004456 1.5311 3429.7 0.279 0.599 k131007_0530
6573.356847 0.975951 0.004456 1.5333 3432.0 0.499 0.637 k131007_0531
6573.357108 0.979873 0.004465 1.5354 3432.0 1.172 0.060 k131007_0532
6573.357371 0.976541 0.004496 1.5376 3431.1 1.390 -0.278 k131007_0533
6573.357632 0.982195 0.004490 1.5398 3420.7 1.067 -0.097 k131007_0534
6573.357895 0.983912 0.004480 1.5420 3414.5 1.070 0.575 k131007_0535
6573.358158 0.977711 0.004434 1.5442 3414.1 0.758 -0.547 k131007_0536
6573.358419 0.982504 0.004472 1.5465 3416.6 1.291 1.012 k131007_0537
6573.358690 0.984825 0.004480 1.5488 3419.1 0.382 -1.195 k131007_0538
6573.358954 0.985391 0.004477 1.5510 3408.3 0.331 0.000 k131007_0539
6573.359216 0.983159 0.004496 1.5533 3408.7 -0.074 0.750 k131007_0540
6573.359476 0.983266 0.004508 1.5555 3409.1 0.331 1.071 k131007_0541
6573.359740 0.983320 0.004493 1.5578 3408.6 0.863 -1.330 k131007_0542
6573.360010 0.986991 0.004499 1.5602 3407.6 0.312 1.105 k131007_0543
6573.360273 0.988254 0.004507 1.5625 3399.4 0.506 0.013 k131007_0544
6573.360532 0.994205 0.004535 1.5648 3401.9 0.056 0.243 k131007_0545
6573.360794 0.988952 0.004515 1.5671 3402.6 -0.190 0.349 k131007_0546
6573.361057 0.983783 0.004486 1.5695 3402.0 0.289 -0.634 k131007_0547
6573.361321 0.990814 0.004521 1.5718 3410.2 0.303 0.079 k131007_0548
6573.361583 0.989128 0.004529 1.5742 3413.8 0.293 0.667 k131007_0549
6573.361843 0.988431 0.004529 1.5765 3413.0 0.742 0.321 k131007_0550
6573.362107 0.996381 0.004577 1.5789 3412.2 0.191 -0.046 k131007_0551
6573.362366 0.993025 0.004577 1.5813 3406.3 0.031 -0.111 k131007_0552
6573.362637 0.999194 0.004596 1.5837 3405.0 0.014 0.340 k131007_0553
6573.362896 0.995256 0.004577 1.5861 3404.4 -0.563 0.536 k131007_0554
6573.363158 0.997554 0.004583 1.5886 3401.2 0.000 -0.266 k131007_0555
6573.363421 1.002262 0.004625 1.5910 3398.8 0.873 0.014 k131007_0556
6573.363944 0.993991 0.004582 1.5959 3404.0 0.317 -0.131 k131007_0558
6573.364211 0.995946 0.004600 1.5984 3406.3 0.204 0.053 k131007_0559
6573.364472 0.993388 0.004600 1.6009 3403.1 0.984 -0.202 k131007_0560
6573.364734 0.996653 0.004629 1.6034 3406.3 0.393 0.157 k131007_0561
6573.364996 0.996937 0.004621 1.6059 3413.0 -0.194 0.097 k131007_0562
6573.365256 0.998565 0.004650 1.6084 3425.3 -0.018 -0.554 k131007_0563
6573.365520 1.000000 0.004722 1.6109 3437.0 -0.099 1.433 k131007_0564
6573.365783 1.004401 0.004774 1.6135 3439.2 0.513 0.028 k131007_0565
6573.366045 1.003211 0.004739 1.6160 3434.2 0.754 -0.291 k131007_0566
6573.366314 0.999630 0.004717 1.6187 3427.1 0.669 0.832 k131007_0567
6573.366576 1.000934 0.004674 1.6213 3420.7 -0.303 0.373 k131007_0568
6573.366836 0.996898 0.004650 1.6238 3412.7 -0.111 -0.525 k131007_0569
6573.367097 1.004308 0.004691 1.6264 3418.2 -0.387 0.414 k131007_0570
6573.367355 1.001052 0.004718 1.6290 3428.4 0.893 -0.324 k131007_0571
6573.367619 1.002380 0.004770 1.6317 3430.2 1.535 -0.536 k131007_0572
6573.367891 1.001893 0.004700 1.6344 3435.3 0.433 0.684 k131007_0573
6573.368152 0.998948 0.004691 1.6370 3440.5 0.760 -0.259 k131007_0574
6573.368415 1.003580 0.005016 1.6397 3431.9 -0.192 1.269 k131007_0575
6573.368674 1.002366 0.004745 1.6424 3426.0 0.161 0.025 k131007_0576
6573.368936 0.999538 0.004762 1.6451 3422.7 0.988 -0.431 k131007_0577
6573.369200 1.005313 0.004784 1.6478 3418.8 0.858 0.117 k131007_0578
6573.369464 0.999707 0.004762 1.6505 3420.1 0.708 -0.376 k131007_0579
6573.369726 1.004496 0.004757 1.6533 3440.7 0.753 0.516 k131007_0580
6573.369989 1.000479 0.004770 1.6560 3453.9 0.910 0.304 k131007_0581
6573.370251 0.999936 0.004801 1.6588 3454.4 0.015 1.397 k131007_0582
6573.370512 1.004209 0.004808 1.6616 3461.1 0.575 -0.198 k131007_0583
6573.370774 1.002264 0.004815 1.6643 3457.2 0.858 -0.335 k131007_0584
6573.371037 1.008504 0.004826 1.6672 3448.9 0.744 0.107 k131007_0585
6573.371299 1.004046 0.004819 1.6700 3446.5 1.024 0.852 k131007_0586
6573.371561 1.005894 0.004815 1.6728 3453.5 0.480 -0.790 k131007_0587
6573.371822 1.001070 0.004805 1.6757 3453.2 1.199 1.581 k131007_0588
6573.372092 1.001213 0.004812 1.6786 3449.6 0.650 -0.646 k131007_0589
6573.372356 0.998898 0.004835 1.6815 3454.9 1.107 -0.766 k131007_0590
6573.372618 1.000057 0.004840 1.6844 3463.3 1.160 0.684 k131007_0591
6573.372883 1.001001 0.004843 1.6873 3460.7 1.172 1.464 k131007_0592
6573.373146 1.001412 0.004863 1.6902 3461.5 1.406 -0.688 k131007_0593
6573.373409 1.008658 0.004897 1.6932 3464.8 -2.287 0.699 k131007_0594
6573.373672 1.007440 0.004887 1.6961 3458.7 1.284 0.219 k131007_0595
6573.373935 1.004860 0.004857 1.6991 3452.8 1.121 -0.320 k131007_0596
6573.374196 1.002571 0.004867 1.7021 3461.5 0.812 1.307 k131007_0597
6573.374460 1.009842 0.004949 1.7051 3464.7 0.830 -0.586 k131007_0598
6573.374723 1.001245 0.004907 1.7081 3467.6 1.564 0.152 k131007_0599
6573.374985 1.002227 0.004888 1.7111 3467.8 1.478 -1.029 k131007_0600
6573.375249 0.996169 0.004940 1.7142 3470.3 1.999 0.157 k131007_0601
6573.375519 1.005187 0.004980 1.7173 3477.8 -2.167 1.684 k131007_0602
6573.375782 1.000867 0.005019 1.7204 3467.0 1.417 0.092 k131007_0603
6573.376046 1.007775 0.004981 1.7235 3466.1 0.313 0.612 k131007_0604
6573.376306 1.004087 0.004961 1.7266 3475.7 1.322 0.752 k131007_0605
6573.376570 0.999977 0.004942 1.7298 3489.5 1.824 -0.590 k131007_0606
6573.376841 1.009511 0.005028 1.7330 3492.2 -1.212 0.128 k131007_0607
6573.377105 1.007480 0.005009 1.7361 3481.6 -1.353 -0.798 k131007_0608
6573.377421 1.001342 0.004959 1.7400 3478.9 -1.522 1.280 k131007_0609
6573.377684 1.005430 0.005002 1.7432 3476.9 -1.349 0.848 k131007_0610
6573.377946 1.004548 0.004988 1.7464 3461.7 -1.329 -1.310 k131007_0611
6573.378209 1.007038 0.005077 1.7496 3457.8 -1.204 1.234 k131007_0612
6573.378471 1.002798 0.005002 1.7528 3444.4 -0.837 -0.149 k131007_0613
6573.378731 1.003580 0.005016 1.7560 3441.7 -1.443 -0.799 k131007_0614
6573.378994 1.011244 0.005064 1.7593 3444.6 -1.308 0.147 k131007_0615
6573.379257 1.004351 0.005063 1.7626 3456.6 -0.973 1.337 k131007_0616
6573.379536 1.008630 0.005104 1.7661 3466.5 -1.196 0.685 k131007_0617
6573.379798 1.003312 0.005077 1.7694 3469.2 -0.944 0.148 k131007_0618
6573.380060 1.007756 0.005073 1.7728 3462.3 -1.180 -0.440 k131007_0619
6573.380324 1.004608 0.005036 1.7761 3457.6 -1.434 -0.220 k131007_0620
6573.380585 1.006977 0.005081 1.7795 3457.6 -1.562 0.134 k131007_0621
6573.380847 1.003071 0.005085 1.7829 3456.0 -2.097 0.825 k131007_0622
6573.381110 1.000406 0.005139 1.7863 3458.2 1.917 -0.315 k131007_0623
6573.381375 1.006126 0.005098 1.7898 3460.5 -0.733 -0.397 k131007_0624
6573.381637 1.004716 0.005099 1.7932 3459.8 -0.794 -0.254 k131007_0625
6573.381900 1.004380 0.005120 1.7967 3459.9 -0.915 1.667 k131007_0626
6573.382163 1.005582 0.005115 1.8002 3469.0 -0.839 0.076 k131007_0627
6573.382424 1.008580 0.005181 1.8036 3465.0 -0.366 -0.478 k131007_0628
6573.382684 1.006169 0.005156 1.8071 3468.7 -0.933 0.388 k131007_0629
6573.382946 1.001857 0.005146 1.8107 3484.8 -1.228 0.248 k131007_0630
6573.383208 1.008061 0.005178 1.8142 3494.7 -0.573 -0.198 k131007_0631
6573.383468 0.997896 0.005129 1.8178 3499.7 0.102 -1.647 k131007_0632
6573.383730 1.004612 0.005158 1.8213 3504.9 -0.380 1.965 k131007_0633
6573.383993 1.003408 0.005174 1.8250 3498.6 -0.907 0.036 k131007_0634
6573.384255 1.007875 0.005189 1.8286 3487.5 -1.314 0.491 k131007_0635
6573.384517 1.013634 0.005243 1.8322 3480.6 -0.461 0.424 k131007_0636
6573.384777 1.006155 0.005218 1.8359 3472.0 -0.520 -0.725 k131007_0637
6573.385039 1.004784 0.005222 1.8396 3466.5 -0.759 0.909 k131007_0638
6573.385302 1.001420 0.005241 1.8433 3461.2 0.035 0.603 k131007_0639
6573.385562 1.002964 0.005265 1.8470 3455.3 -0.291 2.189 k131007_0640
6573.385825 1.001947 0.005234 1.8507 3450.8 0.220 -1.997 k131007_0641
6573.386095 0.997723 0.005234 1.8546 3456.1 0.119 1.032 k131007_0642
6573.386359 1.007264 0.005308 1.8584 3470.3 0.194 0.023 k131007_0643
6573.386619 1.007901 0.005316 1.8622 3470.9 -0.760 -0.252 k131007_0644
6573.386881 1.014460 0.005378 1.8660 3479.5 -0.716 -0.376 k131007_0645
6573.387143 1.001437 0.005313 1.8699 3478.5 0.463 -0.256 k131007_0646
6573.387406 1.000644 0.005272 1.8737 3479.3 -0.919 2.264 k131007_0647
6573.387668 1.003807 0.005313 1.8776 3482.1 -0.075 -0.483 k131007_0648
6573.387929 0.994940 0.005260 1.8815 3479.4 -0.590 -0.010 k131007_0649
6573.388190 1.000529 0.005309 1.8854 3471.0 -0.067 -1.415 k131007_0650
6573.388452 1.005422 0.005320 1.8894 3461.9 0.155 1.022 k131007_0651
6573.388715 0.999795 0.005303 1.8934 3464.3 -0.258 0.334 k131007_0652
6573.388977 0.999969 0.005308 1.8973 3466.0 0.161 0.530 k131007_0653
6573.389237 1.000276 0.005364 1.9013 3475.5 0.783 0.185 k131007_0654
6573.389499 1.012232 0.005448 1.9054 3483.1 0.424 1.180 k131007_0655
6573.389763 1.011748 0.005440 1.9095 3483.2 0.504 -0.460 k131007_0656
6573.390026 1.005954 0.005419 1.9136 3482.7 -0.099 0.269 k131007_0657
6573.390290 1.005729 0.005410 1.9177 3483.1 0.327 0.365 k131007_0658
6573.391037 1.002693 0.005427 1.9295 3481.3 0.905 -0.702 k131007_0659
6573.391298 1.004230 0.005430 1.9337 3483.0 0.246 0.772 k131007_0660
6573.391559 1.006052 0.005454 1.9379 3470.3 -0.065 0.373 k131007_0661
6573.391819 1.001202 0.005410 1.9421 3451.2 0.027 0.728 k131007_0662
6573.392079 1.007921 0.005474 1.9463 3439.6 0.114 0.318 k131007_0663
6573.392340 1.006188 0.005467 1.9506 3431.9 0.742 0.006 k131007_0664
6573.392605 1.003104 0.005450 1.9550 3424.2 -0.092 0.667 k131007_0665
6573.392866 1.008311 0.005502 1.9593 3426.3 0.422 1.151 k131007_0666
6573.393128 1.009591 0.005527 1.9637 3440.5 0.663 0.253 k131007_0667
6573.393390 1.000035 0.005502 1.9680 3448.8 1.071 0.095 k131007_0668
6573.393651 1.004405 0.005531 1.9724 3453.7 0.497 0.296 k131007_0669
6573.393913 0.995647 0.005491 1.9768 3444.4 0.672 -0.113 k131007_0670
6573.394176 1.011907 0.005609 1.9813 3431.4 0.975 0.890 k131007_0671
6573.394437 1.007561 0.005579 1.9858 3422.4 0.642 -1.349 k131007_0672
6573.394700 1.001477 0.005558 1.9903 3414.9 0.841 0.486 k131007_0673
6573.394964 1.000072 0.005569 1.9949 3415.1 0.160 -1.165 k131007_0674
6573.395228 1.004210 0.005592 1.9995 3422.4 0.225 1.720 k131007_0675
6573.395489 1.004152 0.005602 2.0041 3431.1 0.362 -0.660 k131007_0676
6573.395751 0.999486 0.005585 2.0087 3437.9 0.413 0.689 k131007_0677
6573.396014 1.006193 0.005631 2.0133 3433.1 0.755 0.135 k131007_0678
6573.396276 1.010538 0.005668 2.0180 3429.3 0.195 -0.093 k131007_0679
6573.396541 1.000938 0.005628 2.0228 3425.9 0.988 1.462 k131007_0680
6573.396805 1.003511 0.005654 2.0275 3426.3 0.729 -0.109 k131007_0681
6573.397077 1.000619 0.005651 2.0324 3427.7 0.945 -0.316 k131007_0682
6573.397336 1.001037 0.005668 2.0372 3432.3 1.079 0.900 k131007_0683
6573.397600 1.002623 0.005699 2.0420 3435.2 0.885 -0.785 k131007_0684
6573.397862 0.999297 0.005697 2.0469 3428.2 1.072 1.331 k131007_0685
6573.398125 1.011658 0.005776 2.0517 3422.9 0.683 -0.265 k131007_0686
6573.398387 1.000497 0.005723 2.0566 3419.3 0.835 -0.067 k131007_0687
6573.398648 1.009798 0.005797 2.0615 3418.1 0.647 0.816 k131007_0688
6573.398911 1.005884 0.005782 2.0665 3417.1 -0.149 -0.370 k131007_0689
6573.399171 1.003477 0.005786 2.0714 3418.7 0.653 -0.250 k131007_0690
6573.399437 0.996701 0.005751 2.0765 3416.0 0.553 0.550 k131007_0691
6573.399701 1.001203 0.005802 2.0816 3420.0 0.508 -0.345 k131007_0692
6573.399965 1.009671 0.005873 2.0867 3424.7 0.896 0.067 k131007_0693
6573.400227 1.000712 0.005830 2.0918 3426.4 0.503 -0.337 k131007_0694
6573.400490 1.000692 0.005851 2.0969 3433.0 1.268 -0.290 k131007_0695
6573.400752 1.007044 0.005908 2.1021 3434.0 0.284 0.239 k131007_0696
6573.401013 1.000950 0.005877 2.1073 3436.7 1.034 0.785 k131007_0697
6573.401277 1.008424 0.005934 2.1125 3441.0 1.449 0.244 k131007_0698
6573.401540 1.008749 0.005977 2.1178 3442.0 -3.016 0.172 k131007_0699
6573.401804 1.008216 0.005977 2.1231 3442.4 1.066 -0.530 k131007_0700
6573.402067 1.007122 0.005982 2.1285 3451.2 1.357 -0.161 k131007_0701
6573.402329 1.004602 0.006004 2.1338 3460.6 -1.574 1.163 k131007_0702
6573.402590 0.997520 0.005959 2.1391 3455.7 -1.882 0.307 k131007_0703
6573.402854 1.007301 0.006039 2.1446 3456.1 -2.475 -0.279 k131007_0704
6573.403117 1.003175 0.006573 2.1501 3461.2 0.845 0.308 k131007_0705
6573.403389 1.009602 0.006091 2.1558 3465.0 0.451 -0.905 k131007_0706
6573.403653 1.011789 0.006125 2.1613 3461.4 0.903 0.494 k131007_0707
6573.403914 1.006797 0.006091 2.1669 3461.5 1.062 0.917 k131007_0708
6573.404177 1.002333 0.006086 2.1725 3467.8 0.645 -0.101 k131007_0709
6573.404440 1.001212 0.006105 2.1781 3475.4 1.531 -0.526 k131007_0710
6573.404701 1.011506 0.006195 2.1837 3487.4 -2.105 -0.344 k131007_0711
6573.404963 1.006659 0.006183 2.1894 3496.7 1.816 0.879 k131007_0712
6573.405226 1.003980 0.006184 2.1952 3496.0 -2.450 -0.962 k131007_0713
6573.405487 1.016217 0.006280 2.2009 3488.4 1.357 0.408 k131007_0714
6573.405751 1.004298 0.006218 2.2067 3489.2 -1.910 -1.025 k131007_0715
6573.406013 1.011582 0.006294 2.2126 3492.4 -2.426 0.702 k131007_0716
6573.406278 1.005390 0.006249 2.2185 3489.0 1.510 -0.235 k131007_0717
6573.406539 1.007804 0.006294 2.2244 3493.7 -1.998 -0.486 k131007_0718
6573.406802 1.005644 0.006307 2.2304 3489.8 -1.817 -0.042 k131007_0719
6573.407064 1.005497 0.006318 2.2363 3489.6 -2.775 1.729 k131007_0720
6573.407328 0.998850 0.006293 2.2424 3495.4 1.251 -0.355 k131007_0721
6573.407590 1.007191 0.006363 2.2485 3503.6 1.147 0.021 k131007_0722
6573.407852 1.004709 0.006377 2.2546 3513.0 1.013 0.362 k131007_0723
6573.408113 1.007497 0.006412 2.2607 3519.7 1.616 -0.306 k131007_0724
6573.408375 1.000269 0.006390 2.2668 3521.8 -1.805 0.241 k131007_0725
6573.408636 1.009495 0.006487 2.2731 3526.6 -1.522 -0.173 k131007_0726
6573.408899 1.000830 0.006447 2.2793 3516.9 -1.152 0.336 k131007_0727
6573.409161 1.015041 0.006560 2.2856 3508.7 -1.418 -0.485 k131007_0728
6573.409424 1.008036 0.006533 2.2920 3497.2 -1.301 0.232 k131007_0729
6573.409688 1.001829 0.006508 2.2984 3484.8 -0.654 -0.628 k131007_0730
6573.409948 1.001452 0.006519 2.3048 3481.8 -1.066 0.223 k131007_0731
6573.410210 1.006530 0.006581 2.3112 3485.6 -1.661 0.127 k131007_0732
6573.410471 1.003175 0.006573 2.3177 3489.2 -1.248 -0.601 k131007_0733
6573.410736 0.998611 0.006577 2.3244 3502.1 -1.692 0.345 k131007_0734
6573.410999 0.998252 0.006602 2.3310 3506.6 -1.814 1.055 k131007_0735
6573.411262 1.004363 0.006657 2.3376 3506.2 -1.954 -0.679 k131007_0736
6573.411523 1.009713 0.006734 2.3443 3514.2 -1.230 -0.095 k131007_0737
6573.411785 1.012813 0.006770 2.3510 3516.5 -1.062 -0.308 k131007_0738
