# BJD(TDB)-2450000 flux err airmass sky dx dy baserun
6490.456112 1.018912 0.002291 1.1632 91.8 -1.413 8.657 j130716_0698
6490.456334 1.021183 0.002291 1.1630 88.1 -0.562 7.752 j130716_0699
6490.456559 1.014790 0.002281 1.1628 88.3 0.217 6.792 j130716_0700
6490.456773 1.013793 0.002278 1.1627 90.6 1.207 6.079 j130716_0701
6490.457003 1.013741 0.002280 1.1625 92.1 1.587 5.708 j130716_0702
6490.457232 1.010437 0.002272 1.1624 88.8 3.913 3.341 j130716_0703
6490.457455 1.007338 0.002268 1.1622 90.3 3.832 3.579 j130716_0704
6490.457670 1.007030 0.002264 1.1621 89.5 3.568 3.288 j130716_0705
6490.457884 1.009477 0.002271 1.1619 88.8 3.141 3.298 j130716_0706
6490.458098 1.007381 0.002264 1.1618 90.5 3.898 3.171 j130716_0707
6490.458345 1.005498 0.002264 1.1617 92.2 1.266 0.960 j130716_0708
6490.458558 1.008570 0.002266 1.1615 90.4 2.289 4.620 j130716_0709
6490.458774 1.004226 0.002261 1.1614 93.6 2.681 4.027 j130716_0710
6490.458997 1.006848 0.002266 1.1613 92.1 2.938 3.536 j130716_0711
6490.459214 1.005264 0.002262 1.1611 89.6 3.415 3.158 j130716_0712
6490.459426 1.002313 0.002252 1.1610 91.3 3.779 3.205 j130716_0713
6490.459639 1.000283 0.002254 1.1609 89.3 3.969 3.129 j130716_0714
6490.459886 1.002062 0.002256 1.1607 93.4 1.531 0.514 j130716_0715
6490.460100 1.005041 0.002262 1.1606 91.9 -0.538 2.626 j130716_0716
6490.460315 1.006429 0.002262 1.1605 92.0 -0.466 2.404 j130716_0717
6490.460527 1.005987 0.002264 1.1604 91.4 -2.000 4.356 j130716_0718
6490.460753 1.006020 0.002266 1.1603 90.1 -2.317 4.293 j130716_0719
6490.460967 1.004320 0.002259 1.1602 92.9 -1.794 3.803 j130716_0720
6490.461187 1.003521 0.002258 1.1601 93.0 -1.567 3.962 j130716_0721
6490.461404 1.000989 0.002252 1.1600 96.4 -0.152 7.121 j130716_0722
6490.461618 1.000000 0.002252 1.1599 94.3 0.528 6.484 j130716_0723
6490.461834 1.002039 0.002254 1.1598 95.1 1.561 5.612 j130716_0724
6490.462051 1.001089 0.002254 1.1597 94.8 2.450 4.907 j130716_0725
6490.462267 0.993096 0.002240 1.1596 94.5 3.640 3.740 j130716_0726
6490.462490 1.000176 0.002252 1.1595 95.5 3.435 3.810 j130716_0727
6490.462714 0.998698 0.002249 1.1594 95.4 3.448 3.721 j130716_0728
6490.462956 0.998822 0.002249 1.1593 94.0 3.186 4.401 j130716_0729
6490.463185 0.995242 0.002246 1.1592 95.8 3.848 3.872 j130716_0730
6490.463400 0.998707 0.002249 1.1591 94.2 2.297 0.492 j130716_0731
6490.463612 0.996973 0.002242 1.1590 94.1 2.642 0.454 j130716_0732
6490.463824 0.998536 0.002247 1.1589 92.2 2.823 0.720 j130716_0733
6490.464038 0.999412 0.002249 1.1589 93.0 1.522 2.351 j130716_0734
6490.464254 0.998270 0.002246 1.1588 94.5 0.742 2.863 j130716_0735
6490.464478 0.998472 0.002247 1.1587 94.1 0.441 3.311 j130716_0736
6490.464690 0.997818 0.002246 1.1586 93.8 1.264 2.902 j130716_0737
6490.464905 0.997785 0.002244 1.1586 92.0 0.746 3.387 j130716_0738
6490.465128 0.997545 0.002246 1.1585 92.9 0.375 4.036 j130716_0739
6490.465352 0.998312 0.002246 1.1584 93.9 0.542 3.790 j130716_0740
6490.465589 1.003035 0.002256 1.1584 92.1 -0.106 4.753 j130716_0741
6490.465804 1.000021 0.002246 1.1583 91.9 0.291 4.320 j130716_0742
6490.466016 1.000436 0.002247 1.1582 91.3 -0.154 4.591 j130716_0743
6490.466237 0.999008 0.002244 1.1582 91.5 0.575 3.586 j130716_0744
6490.466449 0.999478 0.002246 1.1581 91.2 0.485 4.069 j130716_0745
6490.466659 1.000479 0.002246 1.1581 89.2 1.174 3.260 j130716_0746
6490.466871 0.999808 0.002246 1.1580 90.1 1.247 3.736 j130716_0747
6490.467084 1.002237 0.002252 1.1580 90.3 1.177 4.173 j130716_0748
6490.467309 0.999309 0.002247 1.1579 89.6 4.558 5.331 j130716_0749
6490.467521 0.997672 0.002244 1.1579 89.8 4.130 5.893 j130716_0750
6490.467734 0.994718 0.002236 1.1578 86.7 4.793 5.622 j130716_0751
6490.467944 0.998004 0.002240 1.1578 89.0 5.419 5.051 j130716_0752
6490.468157 0.996932 0.002240 1.1578 87.5 5.513 4.992 j130716_0753
6490.468371 0.994120 0.002237 1.1577 89.7 7.057 4.135 j130716_0754
6490.468587 0.992213 0.002230 1.1577 88.6 5.285 1.629 j130716_0755
6490.468816 0.997662 0.002246 1.1577 86.4 1.377 0.383 j130716_0756
6490.469030 0.998602 0.002240 1.1576 88.0 0.122 1.914 j130716_0757
6490.469261 0.994558 0.002236 1.1576 88.5 1.938 4.680 j130716_0758
6490.469473 0.998670 0.002244 1.1576 88.3 1.707 5.130 j130716_0759
6490.469692 0.993770 0.002236 1.1575 90.4 3.691 3.461 j130716_0760
6490.469921 0.996110 0.002237 1.1575 87.3 4.031 3.833 j130716_0761
6490.470136 0.995111 0.002236 1.1575 89.0 1.922 0.998 j130716_0762
6490.470349 0.994883 0.002234 1.1575 86.7 0.848 2.050 j130716_0763
6490.470566 0.993833 0.002237 1.1575 92.9 0.363 2.917 j130716_0764
6490.470779 0.999572 0.002246 1.1575 87.8 -0.058 3.165 j130716_0765
6490.471017 0.997947 0.002242 1.1574 91.4 2.521 5.459 j130716_0766
6490.471231 0.996463 0.002239 1.1574 90.1 4.443 4.241 j130716_0767
6490.471463 0.991923 0.002230 1.1574 90.6 3.359 1.052 j130716_0768
6490.471676 0.995639 0.002240 1.1574 89.7 1.748 2.242 j130716_0769
6490.471890 0.993951 0.002237 1.1574 91.1 1.016 3.065 j130716_0770
6490.472104 0.997704 0.002244 1.1574 90.8 0.668 3.358 j130716_0771
6490.472316 0.998446 0.002242 1.1574 90.9 0.854 3.220 j130716_0772
6490.472530 0.997624 0.002242 1.1574 93.3 1.297 3.257 j130716_0773
6490.472742 0.994688 0.002237 1.1574 94.5 1.323 3.290 j130716_0774
6490.472953 1.000275 0.002249 1.1574 93.8 1.199 3.795 j130716_0775
6490.473165 0.995270 0.002237 1.1574 92.8 0.940 4.555 j130716_0776
6490.473377 0.997590 0.002246 1.1575 96.0 0.692 4.467 j130716_0777
6490.473588 0.998108 0.002242 1.1575 94.8 1.428 4.151 j130716_0778
6490.473801 0.997113 0.002242 1.1575 95.1 1.242 4.778 j130716_0779
6490.474016 0.994838 0.002237 1.1575 94.3 1.860 4.480 j130716_0780
6490.474229 0.997162 0.002247 1.1575 91.7 2.150 4.685 j130716_0781
6490.474442 0.994278 0.002236 1.1575 91.5 3.690 2.627 j130716_0782
6490.474656 0.995110 0.002239 1.1576 92.3 3.228 3.085 j130716_0783
6490.474878 0.995201 0.002240 1.1576 94.1 4.192 2.636 j130716_0784
6490.475096 0.992286 0.002230 1.1576 92.2 1.660 1.351 j130716_0785
6490.475309 0.994040 0.002236 1.1577 90.9 0.894 2.284 j130716_0786
6490.475534 0.995990 0.002237 1.1577 89.7 0.259 2.680 j130716_0787
6490.475757 0.997825 0.002244 1.1577 93.0 -0.108 3.408 j130716_0788
6490.475970 0.995851 0.002240 1.1578 91.8 -1.272 4.495 j130716_0789
6490.476193 1.001087 0.002250 1.1578 92.4 0.000 7.552 j130716_0790
6490.476407 1.002944 0.002254 1.1578 89.5 2.337 6.032 j130716_0791
6490.476629 0.992826 0.002234 1.1579 88.8 3.420 4.977 j130716_0792
6490.476852 0.991262 0.002232 1.1579 90.2 4.826 3.937 j130716_0793
6490.477066 0.997128 0.002242 1.1580 88.5 4.870 4.064 j130716_0794
6490.477286 0.994520 0.002237 1.1580 86.9 5.438 3.698 j130716_0795
6490.477509 0.994164 0.002236 1.1581 87.5 4.678 4.537 j130716_0796
6490.477721 0.995342 0.002239 1.1581 88.3 5.420 4.248 j130716_0797
6490.477935 0.996773 0.002244 1.1582 85.8 5.746 4.107 j130716_0798
6490.478150 0.995361 0.002239 1.1582 87.1 6.066 3.573 j130716_0799
6490.478362 0.993671 0.002236 1.1583 88.1 5.892 3.753 j130716_0800
6490.478574 0.994808 0.002237 1.1583 88.5 6.093 3.920 j130716_0801
6490.478789 0.996782 0.002240 1.1584 86.0 5.628 4.415 j130716_0802
6490.479000 0.995538 0.002237 1.1585 84.4 6.080 4.147 j130716_0803
6490.479238 0.995664 0.002239 1.1585 87.8 3.870 1.953 j130716_0804
6490.479455 0.991666 0.002230 1.1586 88.9 0.912 0.231 j130716_0805
6490.479666 0.992947 0.002234 1.1587 87.7 1.326 -0.166 j130716_0806
6490.479877 0.997801 0.002244 1.1588 87.3 0.776 0.178 j130716_0807
6490.480091 0.992922 0.002236 1.1588 90.1 1.145 0.000 j130716_0808
6490.480303 0.991081 0.002230 1.1589 88.5 0.886 0.170 j130716_0809
6490.480517 0.992511 0.002232 1.1590 89.5 1.726 0.321 j130716_0810
6490.480730 0.992238 0.002236 1.1591 87.6 1.731 -0.275 j130716_0811
6490.480937 0.993923 0.002236 1.1592 88.9 1.417 0.003 j130716_0812
6490.481151 0.995959 0.002240 1.1593 87.5 0.555 1.276 j130716_0813
6490.481364 0.996773 0.002244 1.1593 89.5 0.334 1.280 j130716_0814
6490.481582 0.995298 0.002239 1.1594 89.1 0.554 0.775 j130716_0815
6490.481796 0.992961 0.002237 1.1595 90.5 0.308 0.508 j130716_0816
6490.482015 0.992953 0.002237 1.1596 88.7 -0.099 1.908 j130716_0817
6490.482238 0.996299 0.002244 1.1597 90.0 -0.399 1.834 j130716_0818
6490.482452 0.997479 0.002244 1.1598 88.9 -0.144 1.310 j130716_0819
6490.482669 0.996817 0.002244 1.1599 88.8 -0.716 1.833 j130716_0820
6490.482882 0.997756 0.002246 1.1600 89.3 -1.022 1.925 j130716_0821
6490.483093 0.997492 0.002246 1.1601 87.8 -1.156 1.919 j130716_0822
6490.483309 0.998212 0.002246 1.1602 89.4 -1.261 2.380 j130716_0823
6490.483524 0.997242 0.002247 1.1603 91.3 -1.696 2.822 j130716_0824
6490.483738 0.997957 0.002250 1.1605 90.2 -2.515 2.903 j130716_0825
6490.483950 0.998791 0.002249 1.1606 88.3 -2.448 2.908 j130716_0826
6490.484180 0.999709 0.002256 1.1607 90.4 -3.717 4.307 j130716_0827
6490.484397 0.999202 0.002252 1.1608 91.9 -1.992 7.062 j130716_0828
6490.484609 0.999534 0.002254 1.1609 88.0 -1.962 6.945 j130716_0829
6490.484820 0.999881 0.002254 1.1610 92.1 -1.521 7.059 j130716_0830
6490.485032 1.003892 0.002266 1.1612 90.3 -1.646 6.797 j130716_0831
6490.485245 1.002619 0.002258 1.1613 89.9 -1.716 6.745 j130716_0832
6490.485477 0.994758 0.002246 1.1614 95.7 0.316 4.428 j130716_0833
6490.485691 0.993395 0.002240 1.1616 91.5 1.989 2.566 j130716_0834
6490.485914 0.997502 0.002252 1.1617 90.9 2.390 1.620 j130716_0835
6490.486128 0.987928 0.002229 1.1618 89.8 3.719 0.856 j130716_0836
6490.486350 0.996169 0.002247 1.1620 91.4 1.111 -1.607 j130716_0837
6490.486565 0.994495 0.002242 1.1621 91.9 1.440 -1.955 j130716_0838
6490.486782 0.993222 0.002242 1.1623 90.6 -0.665 0.215 j130716_0839
6490.486999 0.997130 0.002247 1.1624 87.4 -1.603 0.947 j130716_0840
6490.487221 0.995265 0.002247 1.1626 88.9 -3.410 1.992 j130716_0841
6490.487431 0.996136 0.002249 1.1627 91.4 -3.359 1.491 j130716_0842
6490.487655 0.997057 0.002247 1.1629 88.6 -1.340 4.972 j130716_0843
6490.487868 0.997618 0.002254 1.1630 88.9 -1.157 4.490 j130716_0844
6490.488081 0.993194 0.002242 1.1632 90.6 0.378 2.993 j130716_0845
6490.488315 0.996330 0.002250 1.1633 91.5 0.785 1.858 j130716_0846
6490.488529 0.994841 0.002249 1.1635 91.2 1.497 1.224 j130716_0847
6490.488743 0.993672 0.002247 1.1636 90.1 1.381 0.747 j130716_0848
6490.488958 0.994347 0.002252 1.1638 93.4 2.015 0.640 j130716_0849
6490.489180 0.993539 0.002246 1.1640 93.8 1.961 0.502 j130716_0850
6490.489411 0.994936 0.002252 1.1642 95.8 -1.089 -1.033 j130716_0851
6490.489625 0.997500 0.002254 1.1643 92.8 0.056 2.523 j130716_0852
6490.489835 0.996335 0.002252 1.1645 89.8 0.054 2.431 j130716_0853
6490.490052 0.995754 0.002252 1.1647 93.2 -0.912 3.137 j130716_0854
6490.490266 0.994981 0.002249 1.1648 91.1 1.188 1.295 j130716_0855
6490.490481 0.990803 0.002240 1.1650 88.7 0.843 2.117 j130716_0856
6490.490696 0.994208 0.002249 1.1652 91.6 1.811 1.397 j130716_0857
6490.490911 0.991999 0.002247 1.1654 92.0 2.380 0.851 j130716_0858
6490.491122 0.991338 0.002244 1.1656 91.0 2.226 0.612 j130716_0859
6490.491340 0.993881 0.002252 1.1658 93.7 1.723 1.210 j130716_0860
6490.491555 0.992539 0.002246 1.1659 91.4 2.441 0.324 j130716_0861
6490.491768 0.991929 0.002250 1.1661 91.5 2.338 0.989 j130716_0862
6490.491985 0.988729 0.002240 1.1663 94.7 -0.205 -1.489 j130716_0863
6490.492215 0.996349 0.002258 1.1665 94.8 -1.958 0.488 j130716_0864
6490.492427 0.994642 0.002254 1.1667 96.6 -1.928 -0.100 j130716_0865
6490.492639 0.996240 0.002259 1.1669 97.9 -2.063 0.385 j130716_0866
6490.492850 0.995899 0.002258 1.1671 96.7 -2.106 0.236 j130716_0867
6490.493071 0.994627 0.002258 1.1673 95.7 -1.678 0.040 j130716_0868
6490.493282 0.995620 0.002256 1.1675 95.2 -1.785 -0.176 j130716_0869
6490.493494 0.991677 0.002250 1.1677 96.4 -0.923 -0.328 j130716_0870
6490.493708 0.992086 0.002252 1.1680 95.8 0.379 2.843 j130716_0871
6490.493923 0.991869 0.002250 1.1682 94.2 0.928 2.313 j130716_0872
6490.494137 0.991630 0.002247 1.1684 92.4 2.832 0.757 j130716_0873
6490.494369 0.990724 0.002250 1.1686 96.9 0.040 -1.241 j130716_0874
6490.494583 0.992347 0.002254 1.1688 97.1 -1.576 0.086 j130716_0875
6490.494796 0.991865 0.002252 1.1690 96.0 -1.717 -0.087 j130716_0876
6490.495019 0.992069 0.002256 1.1693 98.1 0.058 3.833 j130716_0877
6490.495234 0.994873 0.002258 1.1695 97.0 1.097 2.719 j130716_0878
6490.495448 0.992141 0.002254 1.1697 97.5 -0.773 -0.195 j130716_0879
6490.495661 0.999932 0.002271 1.1700 96.0 -2.344 1.542 j130716_0880
6490.495875 0.997359 0.002266 1.1702 98.5 -0.538 4.455 j130716_0881
6490.496088 0.995138 0.002262 1.1704 96.7 1.311 2.959 j130716_0882
6490.496303 0.996519 0.002264 1.1707 95.6 2.475 1.921 j130716_0883
6490.496516 0.991736 0.002256 1.1709 96.7 0.713 -0.772 j130716_0884
6490.496733 0.989933 0.002252 1.1711 98.0 -0.184 0.011 j130716_0885
6490.496952 0.996570 0.002269 1.1714 97.4 -0.915 0.634 j130716_0886
6490.497174 0.992450 0.002258 1.1716 97.7 1.848 2.845 j130716_0887
6490.497387 0.991697 0.002258 1.1719 99.4 2.724 2.284 j130716_0888
6490.497600 0.988787 0.002254 1.1721 96.7 1.793 -1.469 j130716_0889
6490.497814 0.992798 0.002261 1.1724 97.8 0.808 -0.293 j130716_0890
6490.498030 0.993656 0.002262 1.1726 98.9 -0.255 1.303 j130716_0891
6490.498260 0.997351 0.002272 1.1729 98.5 -0.997 1.881 j130716_0892
6490.498474 0.997006 0.002269 1.1732 97.6 -1.013 2.111 j130716_0893
6490.498688 0.997393 0.002272 1.1734 98.2 -1.253 2.627 j130716_0894
6490.498901 0.994657 0.002266 1.1737 97.0 -1.191 2.375 j130716_0895
6490.499115 0.997395 0.002274 1.1740 95.2 -2.519 3.793 j130716_0896
6490.499332 0.998368 0.002274 1.1742 96.3 -2.957 4.072 j130716_0897
6490.499545 1.000854 0.002283 1.1745 96.4 -1.603 7.984 j130716_0898
6490.499756 0.998397 0.002276 1.1748 99.3 -1.574 8.323 j130716_0899
6490.499971 0.998491 0.002278 1.1750 99.2 -1.260 8.095 j130716_0900
6490.500181 1.002499 0.002284 1.1753 97.7 -1.350 7.958 j130716_0901
6490.500399 1.002616 0.002286 1.1756 97.1 -1.110 8.144 j130716_0902
6490.500619 0.998535 0.002281 1.1759 100.2 -0.961 8.112 j130716_0903
6490.500832 0.999653 0.002288 1.1762 99.4 -0.901 7.869 j130716_0904
6490.501045 0.999237 0.002281 1.1764 99.4 -0.252 8.038 j130716_0905
6490.501248 0.998256 0.002281 1.1767 95.2 -0.444 7.966 j130716_0906
6490.501464 0.999701 0.002284 1.1770 99.1 0.056 7.731 j130716_0907
6490.501674 0.998532 0.002283 1.1773 97.9 0.072 7.628 j130716_0908
6490.501890 0.998518 0.002281 1.1776 100.5 0.087 7.567 j130716_0909
6490.502101 0.995178 0.002276 1.1779 99.0 0.173 7.679 j130716_0910
6490.502312 0.999271 0.002286 1.1782 100.1 0.550 7.631 j130716_0911
6490.502525 0.994401 0.002274 1.1785 99.5 -0.165 4.145 j130716_0912
6490.502737 0.996196 0.002281 1.1788 101.0 0.028 4.158 j130716_0913
6490.502951 0.999606 0.002288 1.1791 101.5 0.571 4.117 j130716_0914
6490.503173 0.993335 0.002276 1.1794 101.1 2.358 2.425 j130716_0915
6490.503402 0.992428 0.002276 1.1797 102.1 3.168 1.698 j130716_0916
6490.503634 0.992853 0.002278 1.1800 100.5 1.614 -1.360 j130716_0917
6490.503850 0.991742 0.002274 1.1804 99.7 3.128 1.654 j130716_0918
6490.504072 0.989909 0.002269 1.1807 98.2 2.290 -1.340 j130716_0919
6490.504285 0.994929 0.002281 1.1810 98.4 1.506 -0.485 j130716_0920
6490.504498 0.992708 0.002280 1.1813 101.4 0.219 0.650 j130716_0921
6490.504713 0.995718 0.002284 1.1817 99.6 0.253 0.791 j130716_0922
6490.504924 0.993591 0.002281 1.1820 98.3 0.229 0.444 j130716_0923
6490.505141 0.993620 0.002278 1.1823 96.8 -0.761 1.696 j130716_0924
6490.505353 0.995593 0.002284 1.1826 99.9 -0.724 1.759 j130716_0925
6490.505569 0.994536 0.002284 1.1830 100.2 -0.863 2.386 j130716_0926
6490.505783 0.996682 0.002290 1.1833 102.4 -0.851 2.429 j130716_0927
6490.505997 0.999172 0.002296 1.1836 100.9 -1.741 3.289 j130716_0928
6490.506224 0.997433 0.002293 1.1840 100.7 -1.751 3.614 j130716_0929
6490.506437 0.998683 0.002298 1.1843 103.7 -1.918 3.822 j130716_0930
6490.506653 0.999680 0.002300 1.1847 101.1 1.479 4.793 j130716_0931
6490.506868 0.994907 0.002291 1.1850 104.5 3.398 3.308 j130716_0932
6490.507079 0.993837 0.002288 1.1854 100.8 3.878 3.380 j130716_0933
6490.507290 0.993001 0.002288 1.1857 104.0 4.130 3.366 j130716_0934
6490.507503 0.995186 0.002293 1.1861 104.2 6.125 1.262 j130716_0935
6490.507715 0.997899 0.002300 1.1864 104.5 6.227 1.085 j130716_0936
6490.507927 0.994273 0.002293 1.1868 103.5 6.060 1.003 j130716_0937
6490.508138 0.995078 0.002298 1.1871 106.9 6.479 0.802 j130716_0938
6490.508364 0.994298 0.002296 1.1875 105.8 4.492 -1.836 j130716_0939
6490.508576 0.992583 0.002291 1.1879 105.2 4.425 -1.737 j130716_0940
6490.508814 0.992763 0.002294 1.1883 106.3 3.543 0.056 j130716_0941
6490.509030 0.993565 0.002298 1.1886 108.2 0.640 -1.966 j130716_0942
6490.509240 0.990970 0.002291 1.1890 105.0 0.720 -2.367 j130716_0943
6490.509451 0.992150 0.002296 1.1894 106.2 0.858 -1.902 j130716_0944
6490.509755 0.995697 0.002304 1.1899 111.2 0.766 -2.339 j130716_0945
6490.510074 0.994622 0.002286 1.1905 76.8 -0.727 -0.851 j130716_0946
6490.510288 0.999975 0.002313 1.1909 107.7 -1.740 0.242 j130716_0947
6490.510511 0.997372 0.002310 1.1913 109.0 0.856 2.921 j130716_0948
6490.510725 0.999723 0.002315 1.1917 109.6 2.020 2.002 j130716_0949
6490.510942 0.993197 0.002304 1.1920 113.2 3.629 0.736 j130716_0950
6490.511155 0.989157 0.002294 1.1924 110.7 1.400 -2.345 j130716_0951
6490.511365 0.992391 0.002302 1.1928 110.1 1.535 -2.530 j130716_0952
6490.511581 0.993267 0.002304 1.1932 110.3 -0.263 -0.494 j130716_0953
6490.511795 0.993528 0.002304 1.1936 105.8 0.980 2.866 j130716_0954
6490.512012 0.995828 0.002310 1.1940 107.0 2.465 2.040 j130716_0955
6490.512229 0.996593 0.002313 1.1944 104.1 3.106 1.157 j130716_0956
6490.512443 0.993241 0.002304 1.1948 104.7 3.739 0.523 j130716_0957
6490.512655 0.994310 0.002306 1.1952 101.4 4.028 0.294 j130716_0958
6490.512869 0.997742 0.002315 1.1957 103.1 3.718 0.273 j130716_0959
6490.513098 0.993405 0.002310 1.1961 106.9 1.323 -1.847 j130716_0960
6490.513310 0.992687 0.002306 1.1965 104.4 1.432 -1.882 j130716_0961
6490.513524 0.993538 0.002312 1.1969 106.2 -0.361 0.069 j130716_0962
6490.513739 0.993980 0.002312 1.1974 104.9 -0.324 0.301 j130716_0963
6490.513953 0.993764 0.002312 1.1978 103.2 -1.017 1.003 j130716_0964
6490.514170 1.000526 0.002328 1.1982 107.3 -2.259 2.024 j130716_0965
6490.514385 0.999830 0.002326 1.1986 104.7 -0.849 5.294 j130716_0966
6490.514601 0.997716 0.002325 1.1991 104.3 0.586 3.917 j130716_0967
6490.514818 0.997595 0.002324 1.1995 105.1 1.711 2.822 j130716_0968
6490.515031 0.998099 0.002324 1.2000 103.0 2.569 1.696 j130716_0969
6490.515246 0.996910 0.002325 1.2004 102.1 3.774 0.580 j130716_0970
6490.515461 0.992041 0.002313 1.2008 100.8 1.800 -2.042 j130716_0971
6490.515691 0.993551 0.002318 1.2013 100.0 -1.740 -3.265 j130716_0972
6490.515902 0.992992 0.002315 1.2017 99.2 -1.558 -3.414 j130716_0973
6490.516115 0.992856 0.002315 1.2022 96.9 -1.464 -3.142 j130716_0974
6490.516327 0.992681 0.002316 1.2026 98.9 -1.153 -3.288 j130716_0975
6490.516539 0.997094 0.002328 1.2031 99.1 -1.088 -3.526 j130716_0976
6490.516755 0.991886 0.002318 1.2035 100.0 -1.125 -3.625 j130716_0977
6490.516966 0.992042 0.002316 1.2040 96.9 -0.870 -3.664 j130716_0978
6490.517180 0.995344 0.002324 1.2045 95.1 -0.591 -3.783 j130716_0979
6490.517416 0.993601 0.002324 1.2050 98.8 -0.674 -3.970 j130716_0980
6490.517629 0.992013 0.002325 1.2054 99.5 -1.340 -3.371 j130716_0981
6490.517847 0.995050 0.002326 1.2059 97.5 -2.427 -2.387 j130716_0982
6490.518059 0.994965 0.002332 1.2064 99.3 -2.106 -2.259 j130716_0983
6490.518276 0.995976 0.002330 1.2069 95.3 -2.231 -2.368 j130716_0984
6490.518494 0.999072 0.002338 1.2073 97.2 -3.003 -1.790 j130716_0985
6490.518709 0.998864 0.002340 1.2078 99.3 -3.574 -1.486 j130716_0986
6490.518924 0.997168 0.002336 1.2083 100.3 -2.104 1.296 j130716_0987
6490.519136 1.001063 0.002347 1.2088 101.7 -1.743 1.322 j130716_0988
6490.519351 0.998592 0.002367 1.2093 102.6 -0.548 -0.147 j130716_0989
6490.519564 1.000006 0.002348 1.2098 101.8 1.770 -1.968 j130716_0990
6490.519777 0.995055 0.002338 1.2102 98.1 -0.336 -4.866 j130716_0991
6490.519991 0.996177 0.002340 1.2107 100.8 -1.014 -4.598 j130716_0992
6490.520204 0.996445 0.002342 1.2112 100.2 -2.107 -3.231 j130716_0993
6490.520417 0.998997 0.002348 1.2117 99.2 -3.750 -2.157 j130716_0994
6490.520631 0.999884 0.002350 1.2122 99.1 -3.424 -2.502 j130716_0995
6490.520844 1.001624 0.002357 1.2127 100.2 -2.038 1.223 j130716_0996
6490.521056 1.001884 0.002358 1.2132 101.1 -1.850 0.697 j130716_0997
6490.521268 0.997431 0.002348 1.2137 98.9 -1.823 0.806 j130716_0998
6490.521482 0.999398 0.002354 1.2143 98.0 0.124 -0.776 j130716_0999
6490.521697 0.996088 0.002347 1.2148 99.8 0.695 -1.293 j130716_1000
6490.521913 0.996585 0.002348 1.2153 98.0 1.771 -2.424 j130716_1001
6490.522136 0.995348 0.002347 1.2158 97.7 -0.182 -5.087 j130716_1002
6490.522350 0.995603 0.002350 1.2164 100.1 -1.312 -4.648 j130716_1003
6490.522574 0.998028 0.002356 1.2169 99.0 -0.021 -0.791 j130716_1004
6490.522796 0.998748 0.002357 1.2174 97.8 1.445 -2.479 j130716_1005
6490.523011 0.997650 0.002358 1.2180 98.4 -1.192 -4.256 j130716_1006
6490.523243 0.999036 0.002362 1.2186 101.9 -1.892 -3.322 j130716_1007
6490.523456 0.995979 0.002356 1.2191 98.3 0.545 -1.389 j130716_1008
6490.523677 0.997706 0.002360 1.2196 100.6 0.992 -1.302 j130716_1009
6490.523890 0.995778 0.002357 1.2202 99.3 -0.710 -4.686 j130716_1010
6490.524106 0.996528 0.002358 1.2207 98.9 0.562 -1.655 j130716_1011
6490.524319 0.999850 0.002367 1.2213 99.5 1.254 -2.298 j130716_1012
6490.524534 1.000735 0.002367 1.2218 97.9 2.024 -2.709 j130716_1013
6490.524750 0.998592 0.002367 1.2224 100.3 2.878 -3.722 j130716_1014
6490.524963 0.998342 0.002367 1.2229 101.5 0.882 -6.420 j130716_1015
6490.525177 1.004874 0.002382 1.2235 102.2 0.134 -5.553 j130716_1016
6490.525391 1.001201 0.002376 1.2240 101.0 -1.109 -4.101 j130716_1017
6490.525620 1.006354 0.002388 1.2247 103.1 -1.423 -3.494 j130716_1018
6490.525834 1.003829 0.002384 1.2252 100.2 -2.127 -3.549 j130716_1019
6490.526056 1.001999 0.002380 1.2258 99.1 0.486 -1.485 j130716_1020
6490.526269 1.006080 0.002388 1.2264 97.1 1.079 -1.523 j130716_1021
6490.526483 1.001741 0.002382 1.2269 98.8 1.379 -1.453 j130716_1022
6490.526700 1.007132 0.002392 1.2275 99.3 -0.878 -4.210 j130716_1023
6490.526914 1.008176 0.002396 1.2281 98.4 -2.180 -2.697 j130716_1024
6490.527128 1.007232 0.002392 1.2287 97.3 0.176 -0.219 j130716_1025
6490.527346 1.005928 0.002390 1.2293 97.3 1.621 -1.853 j130716_1026
6490.527560 1.006245 0.002394 1.2299 97.8 -0.792 -3.854 j130716_1027
6490.527791 1.007194 0.002398 1.2305 95.8 -2.689 -2.886 j130716_1028
6490.528005 1.014438 0.002412 1.2311 96.2 -0.927 0.548 j130716_1029
6490.528218 1.010970 0.002406 1.2317 96.2 -1.025 0.680 j130716_1030
6490.528434 1.011040 0.002410 1.2323 97.7 1.032 -1.142 j130716_1031
6490.528650 1.010599 0.002410 1.2329 99.1 2.310 -2.685 j130716_1032
6490.528863 1.009540 0.002410 1.2335 103.6 2.565 -2.769 j130716_1033
6490.529077 1.006949 0.002406 1.2341 104.4 1.312 -5.786 j130716_1034
6490.529291 1.009085 0.002410 1.2347 104.1 0.557 -5.286 j130716_1035
6490.529508 1.010733 0.002414 1.2353 102.8 -0.583 -4.248 j130716_1036
6490.529721 1.014833 0.002426 1.2359 105.3 -1.928 -3.385 j130716_1037
6490.529935 1.013721 0.002426 1.2366 104.5 -3.675 -1.272 j130716_1038
6490.530152 1.015741 0.002432 1.2372 103.6 -1.425 1.219 j130716_1039
6490.530365 1.014741 0.002428 1.2378 104.9 0.580 -0.827 j130716_1040
6490.530588 1.017778 0.002438 1.2385 103.9 1.940 -2.180 j130716_1041
6490.530819 1.013089 0.002426 1.2391 100.2 0.943 -5.861 j130716_1042
6490.531032 1.013932 0.002432 1.2398 103.3 -0.365 -4.426 j130716_1043
6490.531254 1.017078 0.002438 1.2404 98.3 -0.318 -4.603 j130716_1044
6490.531485 1.016846 0.002442 1.2411 101.8 -2.033 -3.676 j130716_1045
6490.531700 1.019619 0.002444 1.2418 97.7 -2.904 -2.467 j130716_1046
6490.531917 1.018017 0.002446 1.2424 101.4 -0.842 0.526 j130716_1047
6490.532140 1.017628 0.002444 1.2431 100.0 0.366 -0.798 j130716_1048
6490.532354 1.016611 0.002448 1.2437 101.2 1.101 -1.548 j130716_1049
6490.532575 1.017351 0.002444 1.2444 102.3 -0.917 -4.428 j130716_1050
6490.532787 1.020740 0.002455 1.2451 103.0 -0.785 -4.039 j130716_1051
6490.533001 1.025615 0.002466 1.2457 101.2 -2.190 -3.200 j130716_1052
6490.533215 1.023941 0.002464 1.2464 101.6 -0.887 0.378 j130716_1053
6490.533429 1.023164 0.002464 1.2470 103.5 0.605 -1.296 j130716_1054
6490.533644 1.020048 0.002456 1.2477 101.4 2.543 -3.075 j130716_1055
6490.533888 1.019905 0.002460 1.2485 100.8 0.870 -6.098 j130716_1056
6490.534106 1.020779 0.002462 1.2492 98.9 -0.128 -5.569 j130716_1057
6490.534328 1.024882 0.002476 1.2499 100.2 -0.834 -4.442 j130716_1058
6490.534544 1.024473 0.002472 1.2506 101.8 -1.276 -3.962 j130716_1059
6490.534777 1.024589 0.002476 1.2513 99.3 -2.300 -2.788 j130716_1060
6490.534991 1.025443 0.002476 1.2520 99.7 -3.135 -2.584 j130716_1061
6490.535204 1.025668 0.002482 1.2527 100.2 -1.901 0.720 j130716_1062
6490.535415 1.029440 0.002488 1.2534 102.0 -1.941 0.883 j130716_1063
6490.535629 1.026650 0.002487 1.2540 102.4 -0.735 -0.431 j130716_1064
6490.535841 1.023552 0.002478 1.2547 101.2 -0.764 -0.777 j130716_1065
6490.536054 1.025838 0.002486 1.2554 103.2 -0.367 -0.700 j130716_1066
6490.536268 1.020208 0.002476 1.2561 103.1 0.864 -2.047 j130716_1067
6490.536490 1.024727 0.002486 1.2569 102.5 2.145 -3.263 j130716_1068
6490.536719 1.029446 0.002498 1.2576 101.3 -1.087 -5.014 j130716_1069
6490.536934 1.026736 0.002494 1.2584 101.1 -2.328 -3.448 j130716_1070
6490.537155 1.029501 0.002502 1.2591 102.7 -3.856 -1.766 j130716_1071
6490.537366 1.027595 0.002498 1.2598 102.1 -3.999 -1.816 j130716_1072
6490.537578 1.028178 0.002502 1.2605 104.0 -4.153 -1.726 j130716_1073
6490.537792 1.032226 0.002512 1.2612 104.1 -4.272 -1.761 j130716_1074
6490.538004 1.026778 0.002506 1.2620 105.5 -3.971 -1.873 j130716_1075
6490.538218 1.030241 0.002514 1.2627 108.4 -4.059 -2.085 j130716_1076
6490.538430 1.028922 0.002510 1.2634 103.1 -4.099 -2.177 j130716_1077
6490.538643 1.031197 0.002518 1.2641 106.1 -4.212 -2.078 j130716_1078
6490.538854 1.027888 0.002509 1.2649 104.6 -3.801 -2.421 j130716_1079
6490.539067 1.030094 0.002518 1.2656 105.0 -2.360 0.768 j130716_1080
6490.539280 1.026969 0.002510 1.2664 101.8 -0.603 -0.755 j130716_1081
6490.539494 1.024442 0.002506 1.2671 101.6 -0.995 -0.870 j130716_1082
6490.539706 1.028309 0.002514 1.2679 99.5 -0.870 -1.021 j130716_1083
6490.539920 1.029156 0.002518 1.2686 96.3 -1.420 -0.401 j130716_1084
6490.540151 1.022079 0.002506 1.2694 100.7 -0.127 -1.862 j130716_1085
6490.540366 1.025919 0.002516 1.2702 98.2 -0.072 -2.203 j130716_1086
6490.540582 1.026483 0.002519 1.2710 99.4 -0.392 -1.704 j130716_1087
6490.540796 1.025605 0.002518 1.2717 98.2 -0.154 -1.725 j130716_1088
6490.541012 1.024712 0.002520 1.2725 101.7 -0.290 -1.346 j130716_1089
6490.541223 1.028009 0.002686 1.2733 103.8 -0.211 -1.448 j130716_1090
6490.541437 1.026559 0.002528 1.2741 103.5 -0.908 -0.998 j130716_1091
6490.541658 1.024437 0.002895 1.2749 106.5 0.454 -2.348 j130716_1092
6490.541873 1.023979 0.002526 1.2757 108.7 0.111 -2.197 j130716_1093
6490.542086 1.027099 0.002536 1.2764 107.7 0.080 -2.477 j130716_1094
6490.542300 1.025337 0.002532 1.2772 106.7 -0.612 -1.920 j130716_1095
6490.542516 1.024696 0.002532 1.2780 107.6 -0.982 -1.194 j130716_1096
6490.542730 1.024288 0.002534 1.2788 108.4 -0.435 -1.726 j130716_1097
6490.542943 1.024888 0.002538 1.2796 108.9 0.693 -2.929 j130716_1098
6490.543155 1.022967 0.002532 1.2804 109.4 0.694 -2.931 j130716_1099
6490.543377 1.026861 0.002541 1.2813 104.8 0.825 -2.927 j130716_1100
6490.543589 1.023616 0.002541 1.2821 109.6 0.736 -2.983 j130716_1101
6490.543803 1.025235 0.002542 1.2829 107.5 1.481 -4.092 j130716_1102
6490.544025 1.024657 0.002542 1.2837 107.1 1.411 -3.888 j130716_1103
6490.544239 1.023104 0.002538 1.2846 103.3 1.003 -3.655 j130716_1104
6490.544453 1.026537 0.002550 1.2854 104.3 0.266 -2.647 j130716_1105
6490.544667 1.024171 0.002546 1.2862 103.1 -0.826 -1.878 j130716_1106
6490.544881 1.029172 0.002562 1.2870 105.4 -0.540 -1.463 j130716_1107
6490.545094 1.024364 0.002551 1.2879 106.0 -0.011 -2.312 j130716_1108
6490.545309 1.023652 0.002552 1.2887 105.4 0.921 -3.232 j130716_1109
6490.545526 1.023154 0.002552 1.2896 107.5 0.986 -3.397 j130716_1110
6490.545739 1.023615 0.002554 1.2904 108.0 0.775 -3.115 j130716_1111
6490.545957 1.023953 0.002563 1.2913 109.9 0.348 -3.263 j130716_1112
6490.546186 1.028793 0.002572 1.2922 108.8 -0.228 -2.646 j130716_1113
6490.546399 1.024986 0.002566 1.2930 110.0 -0.138 -2.240 j130716_1114
6490.546610 1.021933 0.002560 1.2939 106.0 0.263 -2.687 j130716_1115
6490.546822 1.023791 0.002563 1.2947 106.0 0.670 -3.385 j130716_1116
6490.547053 1.028126 0.002576 1.2957 105.9 -3.013 -4.428 j130716_1117
6490.547265 1.031200 0.002583 1.2965 105.4 -2.967 -4.197 j130716_1118
6490.547479 1.028465 0.002578 1.2974 100.2 -2.588 -4.458 j130716_1119
6490.547691 1.026428 0.002576 1.2983 104.9 -2.715 -4.405 j130716_1120
6490.547903 1.026340 0.002578 1.2991 102.2 -2.673 -4.565 j130716_1121
6490.548118 1.028238 0.002585 1.3000 107.0 -3.271 -4.221 j130716_1122
6490.548328 1.025816 0.002585 1.3009 107.7 -3.188 -4.447 j130716_1123
6490.548540 1.025556 0.002583 1.3018 107.7 -3.099 -4.805 j130716_1124
6490.548752 1.028522 0.002592 1.3026 109.4 -3.112 -4.099 j130716_1125
6490.548972 1.025266 0.002592 1.3036 112.6 -2.491 -4.409 j130716_1126
6490.549186 1.027472 0.002596 1.3045 113.8 -3.861 -2.896 j130716_1127
6490.549398 1.027464 0.002598 1.3054 112.5 -3.603 -3.383 j130716_1128
6490.549610 1.029486 0.002605 1.3063 114.0 -3.471 -3.400 j130716_1129
6490.549822 1.027013 0.002602 1.3072 113.3 -3.239 -3.473 j130716_1130
6490.550039 1.027263 0.002607 1.3081 115.0 -2.466 0.798 j130716_1131
6490.550252 1.029742 0.002614 1.3090 111.3 -1.552 -0.345 j130716_1132
6490.550466 1.025825 0.002605 1.3099 113.0 -0.772 -1.539 j130716_1133
6490.550678 1.025391 0.002608 1.3109 114.3 -0.575 -1.283 j130716_1134
6490.550891 1.029392 0.002620 1.3118 115.3 -0.321 -1.476 j130716_1135
6490.551105 1.026352 0.002616 1.3127 113.3 0.193 -1.694 j130716_1136
6490.551316 1.025247 0.002617 1.3136 114.3 0.311 -2.205 j130716_1137
6490.551530 1.028736 0.002624 1.3146 115.1 0.467 -2.390 j130716_1138
6490.551740 1.026005 0.002622 1.3155 113.5 0.351 -1.681 j130716_1139
6490.551954 1.022523 0.002612 1.3165 115.3 1.175 -2.710 j130716_1140
6490.552169 1.026963 0.002636 1.3174 117.7 -0.147 -6.032 j130716_1141
6490.552383 1.027867 0.002634 1.3184 117.2 -2.273 -4.325 j130716_1142
6490.552596 1.032076 0.002646 1.3193 117.7 -2.581 -4.020 j130716_1143
6490.552813 1.023690 0.002630 1.3203 119.6 -1.110 -0.705 j130716_1144
6490.553025 1.026296 0.002642 1.3213 118.2 -1.278 -0.277 j130716_1145
6490.553239 1.025670 0.002642 1.3222 116.9 -0.761 -1.096 j130716_1146
6490.553464 1.029202 0.002654 1.3232 117.7 -0.663 -1.026 j130716_1147
6490.553678 1.029283 0.002654 1.3242 116.8 -0.250 -1.649 j130716_1148
6490.553888 1.027805 0.002651 1.3252 117.0 -0.683 -1.212 j130716_1149
6490.554105 1.026465 0.002656 1.3262 116.9 -1.280 -0.495 j130716_1150
6490.554325 1.026084 0.002654 1.3272 118.4 -1.198 -0.710 j130716_1151
6490.554539 1.027687 0.002659 1.3282 115.3 -0.087 -1.655 j130716_1152
6490.554753 1.024448 0.002654 1.3292 118.3 0.130 -1.709 j130716_1153
6490.554966 1.022243 0.002649 1.3302 117.8 0.781 -2.457 j130716_1154
6490.555179 1.024503 0.002659 1.3312 119.7 0.476 -2.176 j130716_1155
6490.555394 1.027495 0.002668 1.3322 119.0 -0.338 -1.389 j130716_1156
6490.555606 1.027015 0.002668 1.3332 120.6 -0.370 -1.652 j130716_1157
6490.555821 1.025827 0.002669 1.3342 121.6 -0.515 -1.259 j130716_1158
6490.556037 1.027154 0.002676 1.3353 124.4 0.129 -1.688 j130716_1159
6490.556249 1.025243 0.002673 1.3363 124.9 -0.318 -2.062 j130716_1160
6490.556470 1.021531 0.002668 1.3373 124.3 0.003 -2.255 j130716_1161
6490.556686 1.025093 0.002676 1.3384 127.5 0.376 -2.556 j130716_1162
6490.556898 1.028009 0.002686 1.3394 128.7 -0.089 -2.633 j130716_1163
6490.557108 1.022208 0.002676 1.3404 126.2 0.450 -2.573 j130716_1164
6490.557325 1.024489 0.002683 1.3415 126.2 0.138 -2.164 j130716_1165
6490.557539 1.025258 0.002684 1.3425 123.6 0.335 -2.451 j130716_1166
6490.557755 1.030600 0.002700 1.3436 122.7 -0.691 -1.479 j130716_1167
6490.557969 1.028569 0.002696 1.3446 120.6 -1.842 -0.694 j130716_1168
6490.558183 1.027521 0.002696 1.3457 120.3 -2.270 0.058 j130716_1169
6490.558415 1.025966 0.002693 1.3468 120.4 -1.937 -0.689 j130716_1170
6490.558629 1.031761 0.002717 1.3479 120.5 -1.848 -0.707 j130716_1171
6490.558851 1.023169 0.002696 1.3490 120.6 -0.247 -2.023 j130716_1172
6490.559064 1.026131 0.002703 1.3501 119.8 0.216 -2.844 j130716_1173
6490.559277 1.022255 0.002698 1.3512 121.4 0.444 -2.569 j130716_1174
6490.559499 1.027293 0.002710 1.3523 119.0 -0.771 -1.149 j130716_1175
6490.559714 1.026431 0.002718 1.3534 127.4 -0.933 -1.443 j130716_1176
6490.559945 1.027440 0.002720 1.3546 128.0 0.223 -1.792 j130716_1177
6490.560160 1.023438 0.002715 1.3557 127.3 1.075 -2.802 j130716_1178
6490.560376 1.025723 0.002722 1.3568 125.4 1.008 -2.969 j130716_1179
6490.560587 1.024158 0.002723 1.3579 131.8 0.915 -3.145 j130716_1180
6490.560836 1.028383 0.002739 1.3592 134.1 -0.404 -1.260 j130716_1181
6490.561047 1.028283 0.002739 1.3603 129.6 -0.621 -1.419 j130716_1182
6490.561279 1.030792 0.002749 1.3615 132.7 -1.622 -0.463 j130716_1183
6490.561492 1.028588 0.002747 1.3626 133.0 -1.622 -0.581 j130716_1184
6490.561705 1.023818 0.002735 1.3637 128.6 -1.259 -0.801 j130716_1185
6490.561918 1.026948 0.002744 1.3649 125.7 -1.159 -0.705 j130716_1186
6490.562130 1.027824 0.002745 1.3660 124.5 -1.336 -0.687 j130716_1187
6490.562347 1.027792 0.002754 1.3671 126.8 -1.371 0.289 j130716_1188
6490.562561 1.028509 0.002752 1.3683 121.5 -0.095 -1.470 j130716_1189
6490.562775 1.024762 0.002747 1.3694 121.0 -0.679 -0.849 j130716_1190
6490.562989 1.026422 0.002752 1.3706 122.0 -1.443 -0.036 j130716_1191
6490.563205 1.024343 0.002750 1.3718 123.8 -0.821 -0.699 j130716_1192
6490.563418 1.025955 0.002796 1.3729 127.6 -0.535 -1.342 j130716_1193
6490.563631 1.024381 0.002757 1.3741 127.5 -0.528 -1.178 j130716_1194
6490.563844 1.024548 0.002762 1.3752 127.2 -0.642 -0.643 j130716_1195
6490.564062 1.026265 0.002771 1.3764 133.0 -0.141 -1.258 j130716_1196
6490.564277 1.025114 0.002772 1.3776 133.7 0.067 -1.098 j130716_1197
6490.564490 1.024371 0.002772 1.3788 134.6 0.166 -1.421 j130716_1198
6490.564724 1.025554 0.002777 1.3801 136.3 -0.282 -0.764 j130716_1199
6490.564935 1.029405 0.002789 1.3813 135.8 -0.251 -0.482 j130716_1200
6490.565149 1.023722 0.002777 1.3825 137.6 -0.322 -0.630 j130716_1201
6490.565363 1.024786 0.002788 1.3837 136.6 0.289 -0.858 j130716_1202
6490.565577 1.024378 0.002784 1.3849 137.2 1.226 -2.431 j130716_1203
6490.565791 1.025955 0.002796 1.3861 135.8 -1.310 -4.234 j130716_1204
6490.566006 1.026553 0.002794 1.3873 135.2 -2.404 -2.758 j130716_1205
6490.566220 1.028908 0.002808 1.3885 133.5 -4.323 -0.943 j130716_1206
6490.566451 1.031903 0.002818 1.3899 135.4 -4.139 -0.787 j130716_1207
6490.566663 1.025950 0.002811 1.3911 136.3 -4.279 -1.269 j130716_1208
6490.566876 1.029901 0.002816 1.3923 135.9 -4.064 -0.950 j130716_1209
6490.567089 1.028711 0.002813 1.3936 134.1 -3.631 -1.171 j130716_1210
6490.567300 1.032709 0.002828 1.3948 131.8 -3.827 -1.407 j130716_1211
6490.567513 1.031931 0.002828 1.3960 131.4 -1.699 1.471 j130716_1212
6490.567725 1.033772 0.002838 1.3973 130.4 -1.601 2.053 j130716_1213
6490.567939 1.027147 0.002823 1.3985 128.3 0.256 0.312 j130716_1214
6490.568165 1.027345 0.002825 1.3999 128.3 0.893 -0.461 j130716_1215
6490.568388 1.025628 0.002826 1.4012 129.8 2.404 -1.891 j130716_1216
6490.568634 1.025885 0.002830 1.4026 129.8 0.995 -5.218 j130716_1217
6490.568857 1.026459 0.002835 1.4040 131.4 -0.582 -4.064 j130716_1218
6490.569073 1.026522 0.002837 1.4053 131.1 -2.099 -2.162 j130716_1219
6490.569304 1.030497 0.002852 1.4067 132.5 -2.856 -1.453 j130716_1220
6490.569518 1.035136 0.002867 1.4080 129.8 -3.924 -0.282 j130716_1221
6490.569732 1.027265 0.002852 1.4093 128.7 -1.914 2.065 j130716_1222
6490.569943 1.031415 0.002862 1.4105 129.7 -2.014 1.977 j130716_1223
6490.570165 1.026480 0.002855 1.4119 133.1 0.137 0.345 j130716_1224
6490.570387 1.027826 0.002863 1.4133 131.0 1.331 -0.787 j130716_1225
6490.570600 1.027847 0.002862 1.4146 127.5 -0.335 -4.082 j130716_1226
6490.570817 1.024483 0.002859 1.4159 130.0 -1.069 -3.542 j130716_1227
6490.571031 1.026000 0.002865 1.4172 132.2 -2.577 -1.918 j130716_1228
6490.571253 1.029173 0.002877 1.4186 134.1 -3.714 -0.790 j130716_1229
6490.571467 1.028378 0.002879 1.4200 132.2 -2.565 2.351 j130716_1230
6490.571679 1.028169 0.002885 1.4213 137.8 -2.548 2.584 j130716_1231
6490.571892 1.030134 0.002891 1.4227 138.6 -2.224 2.374 j130716_1232
6490.572105 1.028886 0.002892 1.4240 137.8 -1.822 2.069 j130716_1233
6490.572328 1.030622 0.002899 1.4254 134.7 -0.676 1.267 j130716_1234
6490.572542 1.028965 0.002901 1.4268 135.2 0.141 0.400 j130716_1235
6490.572756 1.026316 0.002892 1.4282 134.6 0.855 -0.743 j130716_1236
6490.572969 1.025330 0.002894 1.4295 138.0 -0.764 -3.147 j130716_1237
6490.573203 1.024437 0.002895 1.4310 137.9 -2.595 -1.296 j130716_1238
