# BJD(TDB)-2450000 flux err airmass sky dx dy baserun
6490.456559 1.015726 0.002045 1.1628 893.5 0.215 6.788 h130716_0700
6490.456773 1.013595 0.002040 1.1627 894.0 1.253 6.068 h130716_0701
6490.457003 1.012593 0.002040 1.1625 897.2 1.632 5.669 h130716_0702
6490.457232 1.009804 0.002035 1.1624 897.9 3.951 3.348 h130716_0703
6490.457455 1.007141 0.002030 1.1622 899.1 3.926 3.585 h130716_0704
6490.457670 1.006756 0.002028 1.1621 901.0 3.627 3.305 h130716_0705
6490.457884 1.008480 0.002034 1.1619 907.0 3.159 3.287 h130716_0706
6490.458098 1.007545 0.002030 1.1618 907.7 3.917 3.177 h130716_0707
6490.458345 1.006982 0.002032 1.1617 909.5 1.298 0.918 h130716_0708
6490.458558 1.007674 0.002034 1.1615 916.6 2.308 4.626 h130716_0709
6490.458774 1.006102 0.002030 1.1614 913.7 2.705 4.016 h130716_0710
6490.458997 1.006004 0.002030 1.1613 911.5 2.971 3.530 h130716_0711
6490.459214 1.005732 0.002030 1.1611 915.1 3.458 3.175 h130716_0712
6490.459426 1.003245 0.002024 1.1610 914.2 3.805 3.194 h130716_0713
6490.459639 1.003155 0.002025 1.1609 913.2 4.010 3.144 h130716_0714
6490.459886 1.004329 0.002027 1.1607 916.3 1.546 0.490 h130716_0715
6490.460100 1.005765 0.002030 1.1606 921.5 -0.532 2.592 h130716_0716
6490.460315 1.005093 0.002027 1.1605 919.2 -0.411 2.391 h130716_0717
6490.460527 1.005725 0.002030 1.1604 920.1 -1.988 4.369 h130716_0718
6490.460753 1.006604 0.002034 1.1603 925.4 -2.246 4.283 h130716_0719
6490.460967 1.004262 0.002028 1.1602 933.1 -1.775 3.782 h130716_0720
6490.461187 1.003987 0.002028 1.1601 941.6 -1.526 3.936 h130716_0721
6490.461404 1.003704 0.002028 1.1600 951.2 -0.101 7.146 h130716_0722
6490.461618 0.999048 0.002022 1.1599 956.2 0.566 6.478 h130716_0723
6490.461834 0.999505 0.002002 1.1598 953.7 1.617 5.598 h130716_0724
6490.462051 1.001939 0.002027 1.1597 951.5 2.476 4.914 h130716_0725
6490.462267 0.997103 0.001997 1.1596 948.4 3.684 3.720 h130716_0726
6490.462490 0.998778 0.002018 1.1595 940.6 3.455 3.799 h130716_0727
6490.462714 0.997945 0.002017 1.1594 935.8 3.492 3.709 h130716_0728
6490.462956 0.999970 0.002018 1.1593 930.4 3.228 4.390 h130716_0729
6490.463185 0.997128 0.002014 1.1592 926.4 3.853 3.862 h130716_0730
6490.463400 0.996974 0.002014 1.1591 927.1 2.297 0.473 h130716_0731
6490.463612 0.998619 0.002015 1.1590 927.1 2.707 0.415 h130716_0732
6490.463824 0.997414 0.002014 1.1589 926.3 2.849 0.726 h130716_0733
6490.464038 0.999949 0.002018 1.1589 927.4 1.566 2.344 h130716_0734
6490.464254 1.000477 0.002018 1.1588 932.5 0.745 2.836 h130716_0735
6490.464478 0.999901 0.002018 1.1587 934.5 0.473 3.300 h130716_0736
6490.464690 0.998376 0.002015 1.1586 929.0 1.271 2.879 h130716_0737
6490.464905 1.000071 0.002017 1.1586 919.9 0.783 3.346 h130716_0738
6490.465128 0.997412 0.002010 1.1585 911.5 0.422 4.034 h130716_0739
6490.465352 0.998792 0.002012 1.1584 904.9 0.599 3.761 h130716_0740
6490.465589 0.999193 0.002012 1.1584 900.4 -0.103 4.721 h130716_0741
6490.465804 1.000343 0.002012 1.1583 894.1 0.325 4.308 h130716_0742
6490.466016 0.999630 0.002012 1.1582 897.3 -0.116 4.568 h130716_0743
6490.466237 0.998265 0.002008 1.1582 897.2 0.577 3.589 h130716_0744
6490.466449 0.997555 0.002007 1.1581 896.4 0.488 4.049 h130716_0745
6490.466659 0.998534 0.002007 1.1581 888.1 1.176 3.267 h130716_0746
6490.466871 0.999928 0.002008 1.1580 882.0 1.298 3.704 h130716_0747
6490.467084 0.996828 0.002002 1.1580 871.7 1.208 4.152 h130716_0748
6490.467309 0.998896 0.002004 1.1579 864.2 4.627 5.322 h130716_0749
6490.467521 0.996414 0.001998 1.1579 855.7 4.174 5.888 h130716_0750
6490.467734 0.996838 0.001998 1.1578 849.9 4.834 5.595 h130716_0751
6490.467944 0.997615 0.001997 1.1578 845.7 5.482 5.058 h130716_0752
6490.468157 0.997218 0.001997 1.1578 847.9 5.600 4.998 h130716_0753
6490.468371 0.997201 0.001998 1.1577 849.3 7.100 4.147 h130716_0754
6490.468587 0.996446 0.002030 1.1577 847.5 5.335 1.623 h130716_0755
6490.468816 0.995355 0.001996 1.1577 843.3 1.409 0.365 h130716_0756
6490.469030 1.000000 0.002002 1.1576 846.7 0.146 1.888 h130716_0757
6490.469261 0.997315 0.002000 1.1576 851.6 1.994 4.678 h130716_0758
6490.469473 0.999913 0.002004 1.1576 853.0 1.765 5.137 h130716_0759
6490.469692 0.995961 0.001996 1.1575 847.4 3.783 3.455 h130716_0760
6490.469921 0.995175 0.001994 1.1575 846.2 4.077 3.837 h130716_0761
6490.470136 0.997103 0.001997 1.1575 841.2 1.938 0.957 h130716_0762
6490.470349 0.996669 0.001996 1.1575 842.2 0.869 2.024 h130716_0763
6490.470566 0.997903 0.002000 1.1575 849.9 0.357 2.895 h130716_0764
6490.470779 0.996499 0.001998 1.1575 856.5 -0.048 3.138 h130716_0765
6490.471017 0.997666 0.002000 1.1574 861.9 2.578 5.468 h130716_0766
6490.471231 0.996083 0.001997 1.1574 862.1 4.461 4.240 h130716_0767
6490.471463 0.995876 0.002043 1.1574 866.8 3.381 1.050 h130716_0768
6490.471676 0.994798 0.001997 1.1574 868.3 1.817 2.230 h130716_0769
6490.471890 0.997573 0.002004 1.1574 874.9 1.043 3.051 h130716_0770
6490.472104 0.997816 0.002005 1.1574 886.9 0.715 3.334 h130716_0771
6490.472316 0.995452 0.002002 1.1574 898.7 0.892 3.188 h130716_0772
6490.472530 0.996525 0.002005 1.1574 901.9 1.303 3.248 h130716_0773
6490.472742 0.996443 0.002007 1.1574 911.0 1.337 3.308 h130716_0774
6490.472953 0.996311 0.002008 1.1574 920.1 1.261 3.775 h130716_0775
6490.473165 0.997018 0.002008 1.1574 919.4 0.974 4.554 h130716_0776
6490.473377 0.996619 0.002008 1.1575 916.7 0.709 4.446 h130716_0777
6490.473588 0.996143 0.002005 1.1575 911.5 1.469 4.153 h130716_0778
6490.473801 0.998584 0.002010 1.1575 908.4 1.259 4.782 h130716_0779
6490.474016 0.995850 0.002005 1.1575 909.5 1.921 4.466 h130716_0780
6490.474229 0.996231 0.002008 1.1575 907.3 2.182 4.668 h130716_0781
6490.474442 0.996938 0.002005 1.1575 901.5 3.768 2.614 h130716_0782
6490.474656 0.995723 0.002004 1.1576 899.6 3.266 3.069 h130716_0783
6490.474878 0.995117 0.002002 1.1576 896.0 4.218 2.623 h130716_0784
6490.475096 0.995324 0.002000 1.1576 886.6 1.644 1.332 h130716_0785
6490.475309 0.995541 0.002000 1.1577 876.1 0.898 2.263 h130716_0786
6490.475534 0.998580 0.002004 1.1577 867.9 0.255 2.636 h130716_0787
6490.475757 0.998567 0.002004 1.1577 858.4 -0.099 3.389 h130716_0788
6490.475970 1.000520 0.002005 1.1578 854.1 -1.218 4.484 h130716_0789
6490.476193 1.000701 0.002005 1.1578 847.2 0.000 7.561 h130716_0790
6490.476407 0.998066 0.001998 1.1578 835.1 2.373 6.028 h130716_0791
6490.476629 0.995913 0.001993 1.1579 820.5 3.463 4.944 h130716_0792
6490.476852 0.993076 0.001987 1.1579 810.8 4.899 3.936 h130716_0793
6490.477066 0.994563 0.001987 1.1580 802.2 4.917 4.053 h130716_0794
6490.477286 0.993324 0.001984 1.1580 793.0 5.497 3.691 h130716_0795
6490.477509 0.993677 0.001984 1.1581 792.4 4.720 4.503 h130716_0796
6490.477721 0.994665 0.001986 1.1581 789.3 5.501 4.252 h130716_0797
6490.477935 0.992655 0.001980 1.1582 784.6 5.813 4.119 h130716_0798
6490.478150 0.995954 0.001986 1.1582 778.7 6.099 3.562 h130716_0799
6490.478362 0.994042 0.001984 1.1583 784.5 5.943 3.747 h130716_0800
6490.478574 0.996326 0.001987 1.1583 779.9 6.122 3.928 h130716_0801
6490.478789 0.997076 0.001987 1.1584 772.9 5.699 4.429 h130716_0802
6490.479000 0.994337 0.001984 1.1585 783.2 6.126 4.163 h130716_0803
6490.479238 0.996301 0.001989 1.1585 786.0 3.898 1.920 h130716_0804
6490.479455 0.995362 0.001987 1.1586 785.4 0.922 0.211 h130716_0805
6490.479666 0.994989 0.001987 1.1587 789.8 1.380 -0.197 h130716_0806
6490.479877 0.997278 0.001993 1.1588 787.4 0.807 0.150 h130716_0807
6490.480091 0.994302 0.001987 1.1588 789.5 1.164 -0.036 h130716_0808
6490.480303 0.994676 0.001989 1.1589 791.6 0.902 0.162 h130716_0809
6490.480517 0.995251 0.001989 1.1590 790.9 1.742 0.314 h130716_0810
6490.480730 0.995129 0.001989 1.1591 791.8 1.735 -0.299 h130716_0811
6490.480937 0.994393 0.001989 1.1592 796.1 1.438 0.000 h130716_0812
6490.481151 0.997210 0.001994 1.1593 798.3 0.548 1.255 h130716_0813
6490.481364 0.997600 0.001996 1.1593 798.5 0.336 1.242 h130716_0814
6490.481582 0.996650 0.001993 1.1594 800.5 0.546 0.715 h130716_0815
6490.481796 0.996541 0.001993 1.1595 802.1 0.313 0.492 h130716_0816
6490.482015 0.996135 0.001994 1.1596 801.2 -0.098 1.866 h130716_0817
6490.482238 0.997685 0.001997 1.1597 801.8 -0.373 1.812 h130716_0818
6490.482452 0.998323 0.001997 1.1598 805.5 -0.115 1.299 h130716_0819
6490.482669 0.998382 0.001998 1.1599 805.9 -0.700 1.805 h130716_0820
6490.482882 0.997725 0.001997 1.1600 809.9 -1.023 1.912 h130716_0821
6490.483093 0.999505 0.002002 1.1601 812.5 -1.126 1.874 h130716_0822
6490.483309 0.999519 0.002002 1.1602 814.6 -1.270 2.355 h130716_0823
6490.483524 0.997290 0.001998 1.1603 814.8 -1.696 2.780 h130716_0824
6490.483738 1.002040 0.002008 1.1605 813.3 -2.495 2.862 h130716_0825
6490.483950 0.997509 0.001998 1.1606 813.3 -2.387 2.866 h130716_0826
6490.484180 1.000076 0.002005 1.1607 813.1 -3.689 4.325 h130716_0827
6490.484397 0.998231 0.002002 1.1608 817.3 -1.986 7.072 h130716_0828
6490.484609 0.998510 0.002004 1.1609 815.4 -1.909 6.941 h130716_0829
6490.484820 0.997992 0.002002 1.1610 820.1 -1.470 7.060 h130716_0830
6490.485032 0.998658 0.002005 1.1612 819.4 -1.626 6.809 h130716_0831
6490.485245 0.998958 0.002005 1.1613 827.2 -1.704 6.717 h130716_0832
6490.485477 0.997371 0.002004 1.1614 828.4 0.323 4.421 h130716_0833
6490.485691 0.995227 0.001997 1.1616 820.2 2.013 2.517 h130716_0834
6490.485914 0.995591 0.002000 1.1617 814.9 2.418 1.577 h130716_0835
6490.486128 0.993301 0.001994 1.1618 811.6 3.753 0.819 h130716_0836
6490.486350 0.995045 0.001997 1.1620 801.2 1.128 -1.664 h130716_0837
6490.486565 0.994299 0.001993 1.1621 788.7 1.466 -1.982 h130716_0838
6490.486782 0.998149 0.002000 1.1623 790.3 -0.665 0.186 h130716_0839
6490.486999 0.995963 0.001996 1.1624 786.8 -1.575 0.906 h130716_0840
6490.487221 0.999096 0.002002 1.1626 787.2 -3.399 1.992 h130716_0841
6490.487431 0.997533 0.002000 1.1627 793.1 -3.345 1.439 h130716_0842
6490.487655 0.997228 0.001998 1.1629 795.7 -1.324 4.980 h130716_0843
6490.487868 0.997234 0.002002 1.1630 797.7 -1.128 4.469 h130716_0844
6490.488081 0.995517 0.001998 1.1632 802.6 0.405 2.947 h130716_0845
6490.488315 0.995277 0.001998 1.1633 797.9 0.800 1.813 h130716_0846
6490.488529 0.995370 0.002000 1.1635 811.6 1.520 1.210 h130716_0847
6490.488743 0.994235 0.002000 1.1636 814.1 1.433 0.716 h130716_0848
6490.488958 0.994331 0.002000 1.1638 812.2 2.038 0.618 h130716_0849
6490.489180 0.996621 0.002005 1.1640 816.4 1.968 0.449 h130716_0850
6490.489411 0.996903 0.002007 1.1642 818.5 -1.072 -1.087 h130716_0851
6490.489625 0.994334 0.002000 1.1643 809.6 0.081 2.524 h130716_0852
6490.489835 0.995199 0.002002 1.1645 807.3 0.078 2.413 h130716_0853
6490.490052 0.996215 0.002004 1.1647 798.7 -0.887 3.128 h130716_0854
6490.490266 0.994807 0.001998 1.1648 788.6 1.234 1.265 h130716_0855
6490.490481 0.993445 0.001996 1.1650 778.2 0.884 2.086 h130716_0856
6490.490696 0.995728 0.001998 1.1652 776.2 1.859 1.369 h130716_0857
6490.490911 0.995731 0.002000 1.1654 772.0 2.380 0.826 h130716_0858
6490.491122 0.994057 0.001997 1.1656 776.0 2.218 0.586 h130716_0859
6490.491340 0.994400 0.001998 1.1658 775.3 1.761 1.183 h130716_0860
6490.491555 0.994001 0.001998 1.1659 780.2 2.462 0.320 h130716_0861
6490.491768 0.994581 0.002002 1.1661 785.6 2.335 0.973 h130716_0862
6490.491985 0.993708 0.002002 1.1663 800.4 -0.185 -1.523 h130716_0863
6490.492215 0.995139 0.002005 1.1665 806.0 -1.935 0.468 h130716_0864
6490.492427 0.995434 0.002007 1.1667 812.1 -1.915 -0.127 h130716_0865
6490.492639 0.996923 0.002010 1.1669 814.5 -2.033 0.375 h130716_0866
6490.492850 0.995302 0.002008 1.1671 815.4 -2.098 0.208 h130716_0867
6490.493071 0.994388 0.002008 1.1673 818.2 -1.652 0.010 h130716_0868
6490.493282 0.994404 0.002007 1.1675 808.1 -1.761 -0.189 h130716_0869
6490.493494 0.993902 0.002005 1.1677 805.0 -0.916 -0.347 h130716_0870
6490.493708 0.994196 0.002004 1.1680 790.7 0.424 2.845 h130716_0871
6490.493923 0.992488 0.002000 1.1682 785.9 0.928 2.309 h130716_0872
6490.494137 0.994508 0.002005 1.1684 789.5 2.857 0.735 h130716_0873
6490.494369 0.993605 0.002004 1.1686 789.8 0.073 -1.274 h130716_0874
6490.494583 0.996232 0.002010 1.1688 790.4 -1.498 0.084 h130716_0875
6490.494796 0.995735 0.002008 1.1690 795.8 -1.643 -0.098 h130716_0876
6490.495019 0.994834 0.002008 1.1693 797.5 0.098 3.822 h130716_0877
6490.495234 0.993954 0.002007 1.1695 799.6 1.144 2.733 h130716_0878
6490.495448 0.994740 0.002008 1.1697 797.9 -0.780 -0.257 h130716_0879
6490.495661 0.997656 0.002015 1.1700 802.2 -2.335 1.516 h130716_0880
6490.495875 0.997499 0.002015 1.1702 806.0 -0.518 4.439 h130716_0881
6490.496088 0.996468 0.002014 1.1704 801.0 1.354 2.956 h130716_0882
6490.496303 0.994504 0.002012 1.1707 804.5 2.506 1.917 h130716_0883
6490.496516 0.994380 0.002012 1.1709 805.8 0.695 -0.812 h130716_0884
6490.496733 0.995671 0.002014 1.1711 800.9 -0.214 0.002 h130716_0885
6490.496952 0.995718 0.002015 1.1714 802.7 -0.918 0.608 h130716_0886
6490.497174 0.992624 0.002007 1.1716 796.8 1.873 2.825 h130716_0887
6490.497387 0.994572 0.002014 1.1719 807.2 2.739 2.260 h130716_0888
6490.497600 0.988945 0.002005 1.1721 811.1 1.829 -1.488 h130716_0889
6490.497814 0.993199 0.002012 1.1724 804.2 0.816 -0.306 h130716_0890
6490.498030 0.994036 0.002015 1.1726 811.4 -0.187 1.308 h130716_0891
6490.498260 0.996919 0.002022 1.1729 812.8 -0.983 1.862 h130716_0892
6490.498474 0.996278 0.002020 1.1732 817.0 -1.008 2.082 h130716_0893
6490.498688 0.995368 0.002020 1.1734 821.9 -1.258 2.579 h130716_0894
6490.498901 0.996406 0.002022 1.1737 818.3 -1.181 2.326 h130716_0895
6490.499115 0.996314 0.002024 1.1740 817.9 -2.486 3.798 h130716_0896
6490.499332 0.997485 0.002025 1.1742 819.9 -2.922 4.097 h130716_0897
6490.499545 0.999998 0.002032 1.1745 815.0 -1.607 8.002 h130716_0898
6490.499756 1.000744 0.002032 1.1748 815.6 -1.572 8.293 h130716_0899
6490.499971 0.998765 0.002028 1.1750 814.2 -1.236 8.066 h130716_0900
6490.500181 1.000961 0.002034 1.1753 813.7 -1.296 7.954 h130716_0901
6490.500399 0.999772 0.002034 1.1756 818.1 -1.103 8.134 h130716_0902
6490.500619 0.996446 0.002030 1.1759 828.7 -0.959 8.099 h130716_0903
6490.500832 0.999320 0.002040 1.1762 841.9 -0.888 7.881 h130716_0904
6490.501045 0.998325 0.002035 1.1764 837.2 -0.299 8.027 h130716_0905
6490.501248 0.998430 0.002037 1.1767 831.8 -0.450 7.961 h130716_0906
6490.501464 0.998650 0.002035 1.1770 832.8 0.073 7.720 h130716_0907
6490.501674 0.997177 0.002038 1.1773 857.4 0.058 7.624 h130716_0908
6490.501890 0.998307 0.002040 1.1776 861.8 0.058 7.559 h130716_0909
6490.502101 0.997778 0.002038 1.1779 853.2 0.173 7.694 h130716_0910
6490.502312 0.998868 0.002040 1.1782 850.3 0.542 7.618 h130716_0911
6490.502525 0.996384 0.002037 1.1785 845.0 -0.177 4.113 h130716_0912
6490.502737 0.997119 0.002040 1.1788 852.1 0.095 4.158 h130716_0913
6490.502951 0.997749 0.002040 1.1791 847.6 0.584 4.101 h130716_0914
6490.503173 0.994568 0.002035 1.1794 843.0 2.372 2.399 h130716_0915
6490.503402 0.995102 0.002037 1.1797 850.0 3.236 1.704 h130716_0916
6490.503634 0.994675 0.002038 1.1800 853.0 1.598 -1.378 h130716_0917
6490.503850 0.994580 0.002037 1.1804 852.2 3.154 1.646 h130716_0918
6490.504072 0.993729 0.002035 1.1807 847.6 2.284 -1.363 h130716_0919
6490.504285 0.996418 0.002042 1.1810 850.4 1.546 -0.491 h130716_0920
6490.504498 0.997898 0.002045 1.1813 853.1 0.221 0.620 h130716_0921
6490.504713 0.995150 0.002042 1.1817 857.0 0.259 0.740 h130716_0922
6490.504924 0.996306 0.002043 1.1820 847.7 0.256 0.431 h130716_0923
6490.505141 0.995876 0.002043 1.1823 843.7 -0.754 1.691 h130716_0924
6490.505353 0.998135 0.002048 1.1826 848.4 -0.720 1.737 h130716_0925
6490.505569 0.996151 0.002045 1.1830 847.4 -0.861 2.379 h130716_0926
6490.505783 0.996874 0.002048 1.1833 850.3 -0.831 2.406 h130716_0927
6490.505997 0.998867 0.002052 1.1836 845.8 -1.714 3.275 h130716_0928
6490.506224 1.000085 0.002055 1.1840 852.0 -1.746 3.597 h130716_0929
6490.506437 0.998145 0.002052 1.1843 849.3 -1.909 3.791 h130716_0930
6490.506653 0.998841 0.002055 1.1847 852.1 1.561 4.797 h130716_0931
6490.506868 0.997378 0.002052 1.1850 857.8 3.413 3.285 h130716_0932
6490.507079 0.995557 0.002052 1.1854 870.3 3.930 3.385 h130716_0933
6490.507290 0.996033 0.002055 1.1857 875.2 4.131 3.341 h130716_0934
6490.507503 0.992994 0.002049 1.1861 883.3 6.180 1.245 h130716_0935
6490.507715 0.994988 0.002056 1.1864 889.4 6.261 1.105 h130716_0936
6490.507927 0.995290 0.002058 1.1868 899.7 6.064 0.983 h130716_0937
6490.508138 0.995222 0.002059 1.1871 900.6 6.505 0.803 h130716_0938
6490.508364 0.994872 0.002059 1.1875 903.7 4.586 -1.830 h130716_0939
6490.508576 0.992493 0.002056 1.1879 910.5 4.501 -1.757 h130716_0940
6490.508814 0.994077 0.002062 1.1883 912.8 3.580 0.055 h130716_0941
6490.509030 0.996089 0.002066 1.1886 915.4 0.623 -1.985 h130716_0942
6490.509240 0.993002 0.002062 1.1890 916.8 0.701 -2.404 h130716_0943
6490.509451 0.994917 0.002065 1.1894 910.6 0.814 -1.915 h130716_0944
6490.509755 0.994276 0.002068 1.1899 925.3 0.770 -2.363 h130716_0945
6490.510074 0.997122 0.002066 1.1905 904.9 -0.688 -0.869 h130716_0946
6490.510288 0.997880 0.002076 1.1909 935.1 -1.744 0.237 h130716_0947
6490.510511 0.997878 0.002079 1.1913 939.5 0.894 2.902 h130716_0948
6490.510725 0.996561 0.002078 1.1917 942.6 2.030 1.976 h130716_0949
6490.510942 0.996961 0.002079 1.1920 947.9 3.618 0.721 h130716_0950
6490.511155 0.991806 0.002072 1.1924 948.5 1.405 -2.389 h130716_0951
6490.511365 0.990298 0.002069 1.1928 944.0 1.530 -2.555 h130716_0952
6490.511581 0.994214 0.002076 1.1932 939.3 -0.232 -0.495 h130716_0953
6490.511795 0.995920 0.002078 1.1936 931.9 0.983 2.855 h130716_0954
6490.512012 0.995317 0.002076 1.1940 924.5 2.520 2.021 h130716_0955
6490.512229 0.997857 0.002079 1.1944 909.5 3.102 1.143 h130716_0956
6490.512443 0.997688 0.002079 1.1948 903.0 3.795 0.529 h130716_0957
6490.512655 0.996551 0.002078 1.1952 896.4 4.011 0.279 h130716_0958
6490.512869 0.998955 0.002083 1.1957 896.3 3.756 0.259 h130716_0959
6490.513098 0.994853 0.002079 1.1961 912.4 1.333 -1.866 h130716_0960
6490.513310 0.995178 0.002082 1.1965 916.1 1.433 -1.877 h130716_0961
6490.513524 0.995579 0.002082 1.1969 914.3 -0.313 0.063 h130716_0962
6490.513739 0.996041 0.002083 1.1974 910.8 -0.299 0.282 h130716_0963
6490.513953 0.998228 0.002087 1.1978 909.6 -0.993 1.003 h130716_0964
6490.514170 1.000352 0.002093 1.1982 906.9 -2.227 2.003 h130716_0965
6490.514385 0.999554 0.002090 1.1986 905.9 -0.872 5.298 h130716_0966
6490.514601 0.998290 0.002089 1.1991 901.1 0.581 3.874 h130716_0967
6490.514818 0.997689 0.002089 1.1995 903.3 1.745 2.781 h130716_0968
6490.515031 0.997565 0.002089 1.2000 903.0 2.580 1.673 h130716_0969
6490.515246 0.995626 0.002086 1.2004 894.6 3.756 0.546 h130716_0970
6490.515461 0.994405 0.002085 1.2008 890.0 1.821 -2.061 h130716_0971
6490.515691 0.994327 0.002085 1.2013 883.9 -1.716 -3.277 h130716_0972
6490.515902 0.996521 0.002087 1.2017 877.2 -1.558 -3.437 h130716_0973
6490.516115 0.997752 0.002093 1.2022 878.4 -1.472 -3.166 h130716_0974
6490.516327 0.995460 0.002094 1.2026 874.7 -1.145 -3.330 h130716_0975
6490.516539 0.994460 0.002087 1.2031 875.9 -1.073 -3.540 h130716_0976
6490.516755 0.995534 0.002089 1.2035 872.2 -1.117 -3.667 h130716_0977
6490.516966 0.996859 0.002090 1.2040 864.3 -0.883 -3.702 h130716_0978
6490.517180 0.997469 0.002090 1.2045 857.9 -0.596 -3.806 h130716_0979
6490.517416 0.994895 0.002089 1.2050 859.2 -0.643 -3.996 h130716_0980
6490.517629 0.995415 0.002093 1.2054 859.8 -1.335 -3.406 h130716_0981
6490.517847 0.995296 0.002093 1.2059 865.3 -2.412 -2.418 h130716_0982
6490.518059 0.995019 0.002093 1.2064 860.7 -2.133 -2.317 h130716_0983
6490.518276 0.995460 0.002094 1.2069 859.9 -2.202 -2.399 h130716_0984
6490.518494 0.999012 0.002103 1.2073 861.0 -3.001 -1.829 h130716_0985
6490.518709 0.999402 0.002104 1.2078 861.8 -3.509 -1.503 h130716_0986
6490.518924 0.998337 0.002104 1.2083 875.1 -2.091 1.295 h130716_0987
6490.519136 0.999779 0.002110 1.2088 887.3 -1.704 1.314 h130716_0988
6490.519351 0.998397 0.002109 1.2093 894.1 -0.529 -0.155 h130716_0989
6490.519564 0.998920 0.002110 1.2098 892.0 1.774 -1.996 h130716_0990
6490.519777 0.997069 0.002106 1.2102 873.2 -0.358 -4.934 h130716_0991
6490.519991 0.996871 0.002106 1.2107 870.4 -1.037 -4.633 h130716_0992
6490.520204 0.998490 0.002109 1.2112 866.9 -2.129 -3.264 h130716_0993
6490.520417 1.000746 0.002114 1.2117 861.7 -3.725 -2.198 h130716_0994
6490.520631 0.998222 0.002110 1.2122 861.2 -3.406 -2.536 h130716_0995
6490.520844 1.000971 0.002116 1.2127 856.1 -2.036 1.223 h130716_0996
6490.521056 0.999933 0.002116 1.2132 854.5 -1.845 0.691 h130716_0997
6490.521268 0.999681 0.002114 1.2137 849.0 -1.813 0.799 h130716_0998
6490.521482 0.999685 0.002117 1.2143 853.8 0.142 -0.780 h130716_0999
6490.521697 0.996879 0.002113 1.2148 856.9 0.693 -1.326 h130716_1000
6490.521913 0.999805 0.002119 1.2153 855.9 1.786 -2.452 h130716_1001
6490.522136 1.000254 0.002120 1.2158 854.1 -0.212 -5.135 h130716_1002
6490.522350 0.999180 0.002119 1.2164 853.1 -1.316 -4.689 h130716_1003
6490.522574 1.000021 0.002123 1.2169 854.3 -0.039 -0.809 h130716_1004
6490.522796 0.999182 0.002120 1.2174 854.0 1.452 -2.510 h130716_1005
6490.523011 0.996109 0.002117 1.2180 847.5 -1.224 -4.292 h130716_1006
6490.523243 1.001465 0.002126 1.2186 843.6 -1.891 -3.322 h130716_1007
6490.523456 0.998303 0.002123 1.2191 843.0 0.518 -1.409 h130716_1008
6490.523677 0.999307 0.002124 1.2196 836.7 0.993 -1.337 h130716_1009
6490.523890 0.997477 0.002119 1.2202 829.4 -0.731 -4.729 h130716_1010
6490.524106 1.000292 0.002127 1.2207 834.7 0.568 -1.679 h130716_1011
6490.524319 1.002170 0.002132 1.2213 836.2 1.218 -2.344 h130716_1012
6490.524534 1.000339 0.002128 1.2218 841.9 2.019 -2.735 h130716_1013
6490.524750 1.000659 0.002132 1.2224 844.3 2.873 -3.750 h130716_1014
6490.524963 1.001636 0.002135 1.2229 852.4 0.939 -6.435 h130716_1015
6490.525177 1.001858 0.002138 1.2235 854.9 0.130 -5.590 h130716_1016
6490.525391 1.003406 0.002142 1.2240 854.0 -1.114 -4.104 h130716_1017
6490.525620 1.006306 0.002148 1.2247 848.4 -1.471 -3.513 h130716_1018
6490.525834 1.004903 0.002147 1.2252 850.4 -2.069 -3.543 h130716_1019
6490.526056 1.003808 0.002145 1.2258 845.7 0.468 -1.506 h130716_1020
6490.526269 1.007425 0.002154 1.2264 848.6 1.071 -1.555 h130716_1021
6490.526483 1.005813 0.002152 1.2269 847.0 1.414 -1.479 h130716_1022
6490.526700 1.007646 0.002155 1.2275 844.5 -0.898 -4.250 h130716_1023
6490.526914 1.009205 0.002158 1.2281 841.5 -2.207 -2.740 h130716_1024
6490.527128 1.007102 0.002155 1.2287 838.3 0.237 -0.266 h130716_1025
6490.527346 1.007670 0.002157 1.2293 834.0 1.619 -1.883 h130716_1026
6490.527560 1.007223 0.002158 1.2299 833.2 -0.836 -3.881 h130716_1027
6490.527791 1.009370 0.002162 1.2305 834.0 -2.656 -2.928 h130716_1028
6490.528005 1.011928 0.002170 1.2311 836.2 -0.884 0.550 h130716_1029
6490.528218 1.010474 0.002168 1.2317 840.1 -0.999 0.647 h130716_1030
6490.528434 1.011255 0.002173 1.2323 848.4 1.054 -1.155 h130716_1031
6490.528650 1.011142 0.002175 1.2329 855.8 2.284 -2.720 h130716_1032
6490.528863 1.011973 0.002178 1.2335 867.3 2.598 -2.777 h130716_1033
6490.529077 1.009374 0.002176 1.2341 874.3 1.295 -5.840 h130716_1034
6490.529291 1.010372 0.002178 1.2347 878.2 0.590 -5.300 h130716_1035
6490.529508 1.014041 0.002188 1.2353 879.7 -0.574 -4.258 h130716_1036
6490.529721 1.017063 0.002193 1.2359 871.9 -1.960 -3.400 h130716_1037
6490.529935 1.016987 0.002195 1.2366 864.6 -3.644 -1.271 h130716_1038
6490.530152 1.018635 0.002198 1.2372 857.5 -1.398 1.200 h130716_1039
6490.530365 1.018101 0.002195 1.2378 848.8 0.642 -0.835 h130716_1040
6490.530588 1.015793 0.002195 1.2385 847.6 1.947 -2.213 h130716_1041
6490.530819 1.014080 0.002192 1.2391 846.4 0.907 -5.906 h130716_1042
6490.531032 1.016750 0.002198 1.2398 843.4 -0.405 -4.462 h130716_1043
6490.531254 1.016059 0.002198 1.2404 843.8 -0.318 -4.618 h130716_1044
6490.531485 1.016875 0.002202 1.2411 846.2 -2.049 -3.703 h130716_1045
6490.531700 1.018324 0.002205 1.2418 843.1 -2.896 -2.510 h130716_1046
6490.531917 1.019458 0.002209 1.2424 844.3 -0.767 0.556 h130716_1047
6490.532140 1.022899 0.002216 1.2431 850.0 0.396 -0.818 h130716_1048
6490.532354 1.017677 0.002212 1.2437 859.0 1.099 -1.560 h130716_1049
6490.532575 1.019017 0.002215 1.2444 872.8 -0.924 -4.465 h130716_1050
6490.532787 1.019611 0.002217 1.2451 877.4 -0.765 -4.050 h130716_1051
6490.533001 1.023374 0.002226 1.2457 870.8 -2.202 -3.206 h130716_1052
6490.533215 1.023152 0.002226 1.2464 863.9 -0.891 0.382 h130716_1053
6490.533429 1.022385 0.002224 1.2470 859.1 0.573 -1.305 h130716_1054
6490.533644 1.021895 0.002224 1.2477 850.4 2.520 -3.104 h130716_1055
6490.533888 1.020951 0.002223 1.2485 839.2 0.878 -6.150 h130716_1056
6490.534106 1.022010 0.002224 1.2492 830.6 -0.165 -5.601 h130716_1057
6490.534328 1.021939 0.002227 1.2499 829.8 -0.859 -4.482 h130716_1058
6490.534544 1.027404 0.002237 1.2506 829.1 -1.269 -3.958 h130716_1059
6490.534777 1.023981 0.002236 1.2513 841.5 -2.311 -2.808 h130716_1060
6490.534991 1.027209 0.002243 1.2520 845.0 -3.128 -2.606 h130716_1061
6490.535204 1.028765 0.002249 1.2527 853.8 -1.913 0.722 h130716_1062
6490.535415 1.028898 0.002253 1.2534 866.0 -1.927 0.870 h130716_1063
6490.535629 1.027331 0.002253 1.2540 869.5 -0.710 -0.443 h130716_1064
6490.535841 1.026340 0.002250 1.2547 871.5 -0.763 -0.779 h130716_1065
6490.536054 1.027567 0.002254 1.2554 871.7 -0.326 -0.699 h130716_1066
6490.536268 1.026157 0.002254 1.2561 872.2 0.904 -2.043 h130716_1067
6490.536490 1.027135 0.002257 1.2569 868.2 2.150 -3.271 h130716_1068
6490.536719 1.026617 0.002257 1.2576 868.5 -1.116 -5.056 h130716_1069
6490.536934 1.027775 0.002260 1.2584 865.1 -2.340 -3.470 h130716_1070
6490.537155 1.030543 0.002268 1.2591 873.2 -3.857 -1.796 h130716_1071
6490.537366 1.030121 0.002270 1.2598 882.9 -3.985 -1.839 h130716_1072
6490.537578 1.028852 0.002271 1.2605 897.2 -4.143 -1.748 h130716_1073
6490.537792 1.030115 0.002277 1.2612 906.6 -4.284 -1.795 h130716_1074
6490.538004 1.028695 0.002278 1.2620 914.7 -3.966 -1.862 h130716_1075
6490.538218 1.031720 0.002285 1.2627 918.6 -4.060 -2.152 h130716_1076
6490.538430 1.030144 0.002284 1.2634 920.1 -4.109 -2.232 h130716_1077
6490.538643 1.031187 0.002288 1.2641 921.7 -4.212 -2.133 h130716_1078
6490.539067 1.031037 0.002290 1.2656 918.2 -2.330 0.761 h130716_1080
6490.539280 1.029700 0.002288 1.2664 908.7 -0.575 -0.769 h130716_1081
6490.539494 1.027659 0.002281 1.2671 888.8 -0.976 -0.864 h130716_1082
6490.539706 1.028858 0.002285 1.2679 873.6 -0.876 -1.033 h130716_1083
6490.539920 1.031950 0.002291 1.2686 870.3 -1.456 -0.412 h130716_1084
6490.540151 1.026154 0.002281 1.2694 862.6 -0.136 -1.898 h130716_1085
6490.540366 1.026939 0.002287 1.2702 872.4 -0.093 -2.222 h130716_1086
6490.540582 1.027450 0.002291 1.2710 889.0 -0.420 -1.725 h130716_1087
6490.540796 1.028378 0.002295 1.2717 888.5 -0.159 -1.762 h130716_1088
6490.541012 1.026794 0.002297 1.2725 908.2 -0.305 -1.376 h130716_1089
6490.541223 1.026388 0.002300 1.2733 926.9 -0.175 -1.481 h130716_1090
6490.541437 1.028813 0.002309 1.2741 950.3 -0.929 -0.988 h130716_1091
6490.541658 1.024828 0.002306 1.2749 963.7 0.494 -2.344 h130716_1092
6490.541873 1.025487 0.002309 1.2757 977.1 0.079 -2.215 h130716_1093
6490.542086 1.027721 0.002316 1.2764 978.7 0.074 -2.489 h130716_1094
6490.542300 1.025455 0.002313 1.2772 976.6 -0.600 -1.947 h130716_1095
6490.542516 1.026886 0.002318 1.2780 979.4 -0.952 -1.219 h130716_1096
6490.542730 1.026514 0.002319 1.2788 980.2 -0.441 -1.740 h130716_1097
6490.542943 1.027986 0.002323 1.2796 970.3 0.686 -2.950 h130716_1098
6490.543155 1.025366 0.002319 1.2804 976.1 0.669 -2.966 h130716_1099
6490.543377 1.026822 0.002323 1.2813 971.3 0.791 -2.946 h130716_1100
6490.543589 1.027103 0.002328 1.2821 975.6 0.713 -2.996 h130716_1101
6490.543803 1.027571 0.002329 1.2829 975.0 1.493 -4.122 h130716_1102
6490.544025 1.027577 0.002329 1.2837 967.0 1.441 -3.892 h130716_1103
6490.544239 1.025173 0.002325 1.2846 949.9 0.963 -3.679 h130716_1104
6490.544453 1.025535 0.002326 1.2854 944.0 0.251 -2.675 h130716_1105
6490.544667 1.027153 0.002333 1.2862 951.8 -0.842 -1.911 h130716_1106
6490.544881 1.029622 0.002341 1.2870 961.7 -0.570 -1.495 h130716_1107
6490.545094 1.025788 0.002338 1.2879 983.2 -0.029 -2.372 h130716_1108
6490.545309 1.027172 0.002343 1.2887 985.6 0.948 -3.277 h130716_1109
6490.545526 1.027347 0.002347 1.2896 1001.1 0.970 -3.412 h130716_1110
6490.545739 1.025817 0.002346 1.2904 1005.3 0.737 -3.152 h130716_1111
6490.545957 1.023128 0.002345 1.2913 1009.5 0.322 -3.299 h130716_1112
6490.546186 1.028039 0.002354 1.2922 998.8 -0.196 -2.684 h130716_1113
6490.546399 1.023573 0.002345 1.2930 979.5 -0.130 -2.268 h130716_1114
6490.546610 1.027234 0.002353 1.2939 970.5 0.250 -2.707 h130716_1115
6490.546822 1.023387 0.002345 1.2947 960.1 0.654 -3.415 h130716_1116
6490.547053 1.028846 0.002357 1.2957 950.6 -3.039 -4.484 h130716_1117
6490.547265 1.029996 0.002360 1.2965 943.4 -3.021 -4.203 h130716_1118
6490.547479 1.028148 0.002357 1.2974 938.2 -2.605 -4.514 h130716_1119
6490.547691 1.029646 0.002363 1.2983 940.5 -2.718 -4.436 h130716_1120
6490.547903 1.026754 0.002360 1.2991 944.1 -2.665 -4.582 h130716_1121
6490.548118 1.030182 0.002370 1.3000 953.9 -3.268 -4.235 h130716_1122
6490.548328 1.026708 0.002367 1.3009 959.9 -3.205 -4.495 h130716_1123
6490.548540 1.026185 0.002369 1.3018 974.8 -3.136 -4.849 h130716_1124
6490.548752 1.029906 0.002383 1.3026 992.9 -3.118 -4.114 h130716_1125
6490.548972 1.026934 0.002380 1.3036 1009.0 -2.429 -4.447 h130716_1126
6490.549186 1.029057 0.002386 1.3045 1009.9 -3.876 -2.921 h130716_1127
6490.549398 1.028896 0.002389 1.3054 1013.0 -3.614 -3.428 h130716_1128
6490.549610 1.031794 0.002397 1.3063 1008.8 -3.511 -3.425 h130716_1129
6490.549822 1.026097 0.002386 1.3072 1005.7 -3.261 -3.509 h130716_1130
6490.550039 1.028683 0.002391 1.3081 1000.2 -2.471 0.800 h130716_1131
6490.550252 1.030866 0.002398 1.3090 993.7 -1.570 -0.357 h130716_1132
6490.550466 1.027805 0.002395 1.3099 991.9 -0.805 -1.578 h130716_1133
6490.550678 1.025327 0.002390 1.3109 991.5 -0.579 -1.310 h130716_1134
6490.550891 1.028421 0.002400 1.3118 989.8 -0.353 -1.529 h130716_1135
6490.551105 1.026015 0.002397 1.3127 992.8 0.197 -1.710 h130716_1136
6490.551316 1.026935 0.002404 1.3136 1001.9 0.294 -2.237 h130716_1137
6490.551530 1.026730 0.002405 1.3146 1006.9 0.460 -2.424 h130716_1138
6490.551740 1.026905 0.002410 1.3155 1020.0 0.336 -1.686 h130716_1139
6490.551954 1.025143 0.002408 1.3165 1032.2 1.161 -2.741 h130716_1140
6490.552169 1.028313 0.002424 1.3174 1042.0 -0.175 -6.109 h130716_1141
6490.552383 1.029095 0.002427 1.3184 1053.6 -2.321 -4.332 h130716_1142
6490.552596 1.030125 0.002431 1.3193 1064.4 -2.556 -4.023 h130716_1143
6490.552813 1.027033 0.002428 1.3203 1067.8 -1.111 -0.692 h130716_1144
6490.553025 1.027927 0.002433 1.3213 1068.6 -1.220 -0.296 h130716_1145
6490.553239 1.023640 0.002428 1.3222 1067.6 -0.730 -1.101 h130716_1146
6490.553464 1.025624 0.002435 1.3232 1060.7 -0.636 -1.048 h130716_1147
6490.553678 1.025692 0.002435 1.3242 1057.3 -0.221 -1.679 h130716_1148
6490.553888 1.028591 0.002443 1.3252 1053.3 -0.672 -1.210 h130716_1149
6490.554105 1.025175 0.002438 1.3262 1048.3 -1.232 -0.504 h130716_1150
6490.554325 1.028469 0.002446 1.3272 1043.6 -1.218 -0.720 h130716_1151
6490.554539 1.024765 0.002439 1.3282 1043.4 -0.077 -1.662 h130716_1152
6490.554753 1.026711 0.002448 1.3292 1044.7 0.109 -1.719 h130716_1153
6490.555179 1.025320 0.002451 1.3312 1061.4 0.510 -2.165 h130716_1155
6490.555394 1.027804 0.002459 1.3322 1074.1 -0.333 -1.391 h130716_1156
6490.555606 1.027598 0.002461 1.3332 1080.2 -0.369 -1.662 h130716_1157
6490.555821 1.027064 0.002465 1.3342 1097.6 -0.522 -1.263 h130716_1158
6490.556037 1.026704 0.002469 1.3353 1110.2 0.115 -1.723 h130716_1159
6490.556249 1.024369 0.002468 1.3363 1122.6 -0.288 -2.118 h130716_1160
6490.556470 1.024276 0.002473 1.3373 1136.4 -0.027 -2.295 h130716_1161
6490.556686 1.027182 0.002480 1.3384 1146.1 0.328 -2.568 h130716_1162
6490.556898 1.025452 0.002480 1.3394 1150.3 -0.140 -2.659 h130716_1163
6490.557108 1.025178 0.002480 1.3404 1142.0 0.443 -2.614 h130716_1164
6490.557325 1.025291 0.002484 1.3415 1132.9 0.113 -2.171 h130716_1165
6490.557539 1.025522 0.002484 1.3425 1123.4 0.332 -2.482 h130716_1166
6490.557755 1.026776 0.002487 1.3436 1108.5 -0.714 -1.519 h130716_1167
6490.557969 1.029890 0.002496 1.3446 1096.0 -1.855 -0.733 h130716_1168
6490.558183 1.026980 0.002490 1.3457 1084.3 -2.292 0.045 h130716_1169
6490.558415 1.028351 0.002494 1.3468 1073.2 -1.946 -0.703 h130716_1170
6490.558629 1.031681 0.002506 1.3479 1065.4 -1.834 -0.736 h130716_1171
6490.558851 1.024231 0.002490 1.3490 1063.3 -0.241 -2.042 h130716_1172
6490.559064 1.026862 0.002497 1.3501 1058.9 0.189 -2.867 h130716_1173
6490.559277 1.024233 0.002496 1.3512 1067.4 0.426 -2.591 h130716_1174
6490.559499 1.026200 0.002504 1.3523 1077.6 -0.764 -1.183 h130716_1175
6490.559714 1.027099 0.002513 1.3534 1092.5 -0.946 -1.476 h130716_1176
6490.559945 1.028455 0.002519 1.3546 1112.1 0.216 -1.832 h130716_1177
6490.560160 1.024655 0.002517 1.3557 1133.1 1.088 -2.819 h130716_1178
6490.560376 1.026071 0.002524 1.3568 1150.9 0.955 -2.990 h130716_1179
6490.560587 1.025401 0.002527 1.3579 1161.9 0.913 -3.183 h130716_1180
6490.560836 1.029990 0.002544 1.3592 1174.4 -0.386 -1.271 h130716_1181
6490.561047 1.028783 0.002541 1.3603 1180.7 -0.664 -1.431 h130716_1182
6490.561279 1.028438 0.002547 1.3615 1191.8 -1.611 -0.482 h130716_1183
6490.561492 1.028208 0.002548 1.3626 1186.7 -1.576 -0.589 h130716_1184
6490.561705 1.025587 0.002541 1.3637 1172.9 -1.281 -0.790 h130716_1185
6490.561918 1.025774 0.002544 1.3649 1152.6 -1.206 -0.709 h130716_1186
6490.562130 1.030972 0.002555 1.3660 1141.1 -1.361 -0.700 h130716_1187
6490.562347 1.029466 0.002555 1.3671 1130.8 -1.386 0.254 h130716_1188
6490.562561 1.029490 0.002555 1.3683 1122.7 -0.097 -1.507 h130716_1189
6490.562775 1.028024 0.002555 1.3694 1125.0 -0.674 -0.864 h130716_1190
6490.562989 1.029448 0.002561 1.3706 1129.3 -1.481 -0.075 h130716_1191
6490.563205 1.025786 0.002558 1.3718 1143.0 -0.856 -0.736 h130716_1192
6490.563418 1.028617 0.002569 1.3729 1159.4 -0.555 -1.371 h130716_1193
6490.563631 1.024818 0.002565 1.3741 1177.1 -0.544 -1.215 h130716_1194
6490.563844 1.025669 0.002575 1.3752 1198.1 -0.633 -0.653 h130716_1195
6490.564062 1.026581 0.002579 1.3764 1215.4 -0.192 -1.287 h130716_1196
6490.564277 1.026788 0.002588 1.3776 1234.4 0.024 -1.126 h130716_1197
6490.564490 1.025631 0.002589 1.3788 1251.4 0.115 -1.448 h130716_1198
6490.564724 1.026481 0.002595 1.3801 1262.9 -0.326 -0.798 h130716_1199
6490.564935 1.029177 0.002605 1.3813 1265.1 -0.269 -0.486 h130716_1200
6490.565149 1.028042 0.002602 1.3825 1267.0 -0.329 -0.641 h130716_1201
6490.565363 1.028028 0.002607 1.3837 1257.5 0.275 -0.889 h130716_1202
6490.565577 1.026796 0.002606 1.3849 1252.9 1.231 -2.466 h130716_1203
6490.565791 1.026444 0.002607 1.3861 1242.7 -1.329 -4.285 h130716_1204
6490.566006 1.028572 0.002612 1.3873 1234.3 -2.393 -2.783 h130716_1205
6490.566220 1.030606 0.002622 1.3885 1226.3 -4.357 -0.963 h130716_1206
6490.566451 1.028864 0.002619 1.3899 1219.2 -4.163 -0.808 h130716_1207
6490.566663 1.027224 0.002617 1.3911 1211.9 -4.304 -1.337 h130716_1208
6490.566876 1.029849 0.002626 1.3923 1209.6 -4.083 -1.014 h130716_1209
6490.567089 1.030498 0.002629 1.3936 1206.3 -3.666 -1.232 h130716_1210
6490.567300 1.033514 0.002637 1.3948 1196.1 -3.809 -1.428 h130716_1211
6490.567513 1.032541 0.002637 1.3960 1189.5 -1.663 1.447 h130716_1212
6490.567725 1.030700 0.002636 1.3973 1177.8 -1.618 2.026 h130716_1213
6490.567939 1.029736 0.002636 1.3985 1176.3 0.245 0.268 h130716_1214
6490.568165 1.028821 0.002636 1.3999 1173.8 0.868 -0.487 h130716_1215
6490.568388 1.028919 0.002640 1.4012 1169.7 2.390 -1.907 h130716_1216
6490.568634 1.028773 0.002642 1.4026 1168.1 0.928 -5.266 h130716_1217
6490.568857 1.029087 0.002647 1.4040 1172.9 -0.589 -4.061 h130716_1218
6490.569073 1.028391 0.002649 1.4053 1173.7 -2.100 -2.180 h130716_1219
6490.569304 1.031052 0.002660 1.4067 1181.0 -2.859 -1.494 h130716_1220
6490.569518 1.035269 0.002674 1.4080 1182.0 -3.923 -0.293 h130716_1221
6490.569732 1.026090 0.002657 1.4093 1179.9 -1.929 2.015 h130716_1222
6490.569943 1.031303 0.002670 1.4105 1181.3 -2.036 1.947 h130716_1223
6490.570165 1.027507 0.002665 1.4119 1178.9 0.117 0.306 h130716_1224
6490.570387 1.025925 0.002665 1.4133 1180.5 1.304 -0.799 h130716_1225
6490.570600 1.027651 0.002671 1.4146 1183.9 -0.329 -4.110 h130716_1226
6490.570817 1.025170 0.002670 1.4159 1185.5 -1.061 -3.567 h130716_1227
6490.571031 1.027610 0.002680 1.4172 1187.8 -2.550 -1.972 h130716_1228
6490.571253 1.030166 0.002690 1.4186 1199.2 -3.718 -0.804 h130716_1229
6490.571467 1.030797 0.002696 1.4200 1214.7 -2.550 2.319 h130716_1230
6490.571679 1.028356 0.002696 1.4213 1227.1 -2.518 2.587 h130716_1231
6490.571892 1.034000 0.002715 1.4227 1234.0 -2.227 2.342 h130716_1232
6490.572105 1.026674 0.002701 1.4240 1245.3 -1.847 2.038 h130716_1233
6490.572328 1.031346 0.002718 1.4254 1249.9 -0.697 1.211 h130716_1234
6490.572542 1.028744 0.002715 1.4268 1251.0 0.110 0.367 h130716_1235
6490.572756 1.028396 0.002716 1.4282 1249.1 0.824 -0.755 h130716_1236
6490.572969 1.028315 0.002718 1.4295 1245.1 -0.770 -3.156 h130716_1237
6490.573203 1.028935 0.002722 1.4310 1241.5 -2.591 -1.341 h130716_1238
