# BJD(TDB)-2450000 flux err airmass sky dx dy baserun
6527.266022 1.025469 0.003700 1.4530 1614.7 2.011 -0.268 h130822_0261
6527.266224 1.024346 0.003700 1.4516 1622.8 -2.016 0.459 h130822_0262
6527.266428 1.024645 0.003691 1.4503 1617.2 2.031 -0.411 h130822_0263
6527.266665 1.024152 0.003677 1.4486 1599.1 -2.024 0.448 h130822_0264
6527.266898 1.025472 0.003677 1.4471 1588.5 1.717 -0.200 h130822_0265
6527.267118 1.024589 0.002756 1.4456 1576.3 1.885 -0.114 h130822_0266
6527.267335 1.025394 0.003665 1.4441 1566.3 -1.121 -0.037 h130822_0267
6527.267538 1.023238 0.003649 1.4428 1558.0 -1.526 -0.094 h130822_0268
6527.267739 1.022470 0.003635 1.4414 1552.9 2.476 -0.052 h130822_0269
6527.267942 1.021544 0.003631 1.4401 1541.3 -0.706 0.387 h130822_0270
6527.268159 1.021431 0.003622 1.4386 1539.9 -0.723 0.020 h130822_0271
6527.268361 1.017342 0.003605 1.4373 1544.7 -0.657 -0.397 h130822_0272
6527.268580 1.019409 0.003610 1.4359 1542.1 -0.834 0.981 h130822_0273
6527.268783 1.019366 0.003605 1.4345 1534.5 -0.847 -0.366 h130822_0274
6527.268995 1.017057 0.003598 1.4332 1536.1 -0.809 0.335 h130822_0275
6527.269196 1.017744 0.003591 1.4319 1532.9 -1.021 -0.195 h130822_0276
6527.269399 1.019528 0.003596 1.4305 1531.7 -0.853 -0.154 h130822_0277
6527.269617 1.014568 0.003573 1.4291 1523.8 -0.736 0.294 h130822_0278
6527.269817 1.015677 0.003575 1.4279 1519.6 -0.786 0.413 h130822_0279
6527.270031 1.015372 0.003569 1.4265 1508.3 -0.708 0.005 h130822_0280
6527.270232 1.017233 0.003571 1.4252 1497.1 -0.759 0.180 h130822_0281
6527.270450 1.013734 0.003550 1.4238 1491.3 -0.312 0.200 h130822_0282
6527.270649 1.014600 0.003550 1.4225 1478.6 -0.342 -0.282 h130822_0283
6527.270848 1.014083 0.003545 1.4213 1478.2 -0.364 -0.198 h130822_0284
6527.271047 1.008309 0.003513 1.4200 1474.5 -0.435 0.245 h130822_0285
6527.271246 1.012675 0.003531 1.4188 1474.1 -0.446 -0.422 h130822_0286
6527.271464 1.013115 0.003531 1.4174 1466.3 -0.580 0.649 h130822_0287
6527.271666 1.010878 0.003516 1.4162 1462.1 -0.499 -0.279 h130822_0288
6527.271867 1.008567 0.003508 1.4149 1455.4 -0.332 -0.304 h130822_0289
6527.272090 1.009790 0.003504 1.4135 1451.8 -0.585 -0.317 h130822_0290
6527.272309 1.006784 0.003483 1.4122 1449.8 -0.249 -0.175 h130822_0291
6527.272510 1.008193 0.003492 1.4110 1451.3 -0.053 -0.171 h130822_0292
6527.272727 1.009585 0.003490 1.4096 1448.4 -0.330 0.167 h130822_0293
6527.272927 1.005828 0.003472 1.4084 1440.6 0.101 -0.337 h130822_0294
6527.273126 1.007727 0.003472 1.4072 1432.3 0.156 -0.298 h130822_0295
6527.273326 1.006903 0.003469 1.4060 1420.8 0.043 -0.132 h130822_0296
6527.273525 1.006764 0.003460 1.4048 1415.7 0.435 -0.375 h130822_0297
6527.273728 1.006922 0.003460 1.4036 1424.4 0.334 -0.176 h130822_0298
6527.273927 1.004547 0.003458 1.4024 1429.1 0.265 -0.527 h130822_0299
6527.274129 1.005594 0.003462 1.4012 1429.2 0.480 -0.560 h130822_0300
6527.274345 1.002042 0.003442 1.3999 1422.0 0.446 0.053 h130822_0301
6527.274546 1.003822 0.003444 1.3987 1417.6 0.783 0.132 h130822_0302
6527.274746 1.003263 0.003435 1.3975 1412.1 0.370 0.292 h130822_0303
6527.274945 1.001010 0.003418 1.3964 1408.8 0.534 -0.263 h130822_0304
6527.275145 1.003684 0.003432 1.3952 1408.4 0.945 -0.613 h130822_0305
6527.275346 1.003559 0.003425 1.3940 1400.3 1.018 0.535 h130822_0306
6527.275555 1.003914 0.003419 1.3928 1397.2 1.194 -0.132 h130822_0307
6527.275757 1.001165 0.003405 1.3916 1393.5 0.999 0.273 h130822_0308
6527.275957 1.001097 0.003400 1.3905 1389.5 1.368 -0.038 h130822_0309
6527.276161 1.001218 0.003398 1.3893 1381.8 1.110 0.007 h130822_0310
6527.276361 1.000951 0.003393 1.3882 1375.2 1.179 0.152 h130822_0311
6527.276569 1.002191 0.003395 1.3870 1371.0 0.999 0.363 h130822_0312
6527.276770 1.002173 0.003388 1.3858 1365.4 1.362 0.329 h130822_0313
6527.276980 0.999884 0.003370 1.3846 1359.5 1.377 -0.494 h130822_0314
6527.277180 0.998589 0.003368 1.3835 1360.2 1.292 0.757 h130822_0315
6527.277390 1.001159 0.003377 1.3823 1359.4 1.428 -0.331 h130822_0316
6527.277599 0.999982 0.003365 1.3812 1357.9 1.752 -0.043 h130822_0317
6527.277801 1.000949 0.003372 1.3800 1362.5 1.217 0.274 h130822_0318
6527.278001 1.002044 0.003372 1.3789 1360.8 1.535 0.126 h130822_0319
6527.278206 0.998089 0.003354 1.3778 1363.7 1.597 0.338 h130822_0320
6527.278407 0.999864 0.003360 1.3767 1365.1 1.277 0.327 h130822_0321
6527.278607 0.999305 0.003360 1.3756 1365.5 1.499 0.000 h130822_0322
6527.278808 0.998179 0.003352 1.3745 1356.9 1.745 -0.256 h130822_0323
6527.279008 0.997187 0.002952 1.3734 1348.7 1.285 0.348 h130822_0324
6527.279210 0.998902 0.003342 1.3723 1350.2 1.410 -0.392 h130822_0325
6527.279419 1.000111 0.003345 1.3711 1353.0 1.367 0.456 h130822_0326
6527.279645 0.998782 0.003338 1.3699 1347.1 1.606 -0.519 h130822_0327
6527.279849 0.997969 0.003330 1.3688 1350.9 1.263 0.468 h130822_0328
6527.280083 0.997419 0.003326 1.3676 1351.6 0.943 -0.561 h130822_0329
6527.280292 1.000980 0.003337 1.3664 1340.5 1.025 0.494 h130822_0330
6527.280492 0.995121 0.003301 1.3654 1321.3 2.061 0.472 h130822_0331
6527.280710 0.997985 0.003308 1.3642 1303.9 -1.279 0.317 h130822_0332
6527.280913 0.997485 0.003300 1.3631 1292.2 -1.032 -0.218 h130822_0333
6527.281113 0.999630 0.003301 1.3621 1290.1 -1.425 0.156 h130822_0334
6527.281317 0.996389 0.003287 1.3610 1306.6 -1.133 -0.052 h130822_0335
6527.281517 0.994568 0.003282 1.3600 1316.3 -1.078 0.129 h130822_0336
6527.281719 0.996188 0.003294 1.3589 1329.6 -1.437 0.074 h130822_0337
6527.281919 0.994209 0.003284 1.3579 1332.9 -1.421 0.139 h130822_0338
6527.282146 0.999625 0.003303 1.3567 1330.4 -1.309 0.033 h130822_0339
6527.282346 0.996427 0.003280 1.3557 1312.4 -1.162 -0.369 h130822_0340
6527.282546 0.996284 0.003271 1.3546 1294.8 -1.240 0.000 h130822_0341
6527.282763 0.998498 0.003271 1.3535 1268.0 -1.155 0.758 h130822_0342
6527.282963 0.996304 0.003248 1.3525 1246.4 -0.903 0.318 h130822_0343
6527.283183 0.994444 0.003234 1.3514 1233.9 -0.547 -0.520 h130822_0344
6527.283384 0.997554 0.003245 1.3504 1239.9 -0.597 0.198 h130822_0345
6527.283582 0.996395 0.003247 1.3494 1252.0 -0.368 0.305 h130822_0346
6527.283780 0.996778 0.003255 1.3484 1268.8 -0.226 0.010 h130822_0347
6527.283982 0.994332 0.003245 1.3474 1275.9 -0.304 0.265 h130822_0348
6527.284182 0.998959 0.003264 1.3464 1282.6 -0.356 0.089 h130822_0349
6527.284381 0.996770 0.003247 1.3454 1274.4 -0.336 0.143 h130822_0350
6527.284580 1.000015 0.003250 1.3444 1263.1 -0.564 0.014 h130822_0351
6527.284779 0.996792 0.003238 1.3434 1253.7 -0.646 -0.611 h130822_0352
6527.284980 0.997815 0.003231 1.3424 1245.2 -0.485 0.671 h130822_0353
6527.285180 0.998654 0.003233 1.3414 1238.9 -0.212 -0.139 h130822_0354
6527.285381 0.999321 0.003238 1.3405 1238.8 -0.186 0.152 h130822_0355
6527.285579 0.998781 0.003229 1.3395 1230.0 0.032 0.220 h130822_0356
6527.285778 0.993555 0.003203 1.3385 1227.8 0.206 -0.121 h130822_0357
6527.285976 1.000047 0.003227 1.3376 1222.2 -0.014 -0.041 h130822_0358
6527.286176 0.995676 0.003208 1.3366 1219.8 0.390 -0.372 h130822_0359
6527.286374 0.996866 0.003206 1.3357 1219.8 -0.067 -0.171 h130822_0360
6527.286744 0.995401 0.003054 1.3339 1223.4 0.527 -0.552 h130822_0361
6527.286947 0.998142 0.003213 1.3329 1222.4 0.089 0.303 h130822_0362
6527.287145 0.996565 0.003206 1.3320 1226.3 0.487 0.095 h130822_0363
6527.287342 0.998190 0.003215 1.3311 1228.0 0.797 -0.258 h130822_0364
6527.287543 0.996165 0.003208 1.3301 1226.1 0.598 0.718 h130822_0365
6527.287742 0.996695 0.003201 1.3292 1222.7 0.770 0.365 h130822_0366
6527.287941 0.995953 0.003196 1.3283 1223.5 1.420 -0.073 h130822_0367
6527.288154 1.000903 0.003211 1.3273 1216.2 1.135 0.450 h130822_0368
6527.288361 0.999084 0.003197 1.3263 1213.2 1.209 0.026 h130822_0369
6527.288569 0.995639 0.003180 1.3254 1213.1 1.260 -0.050 h130822_0370
6527.288782 0.996262 0.003185 1.3244 1218.2 1.316 0.130 h130822_0371
6527.288982 0.997910 0.003194 1.3235 1218.4 1.194 0.380 h130822_0372
6527.289185 0.997121 0.003190 1.3225 1221.7 1.047 0.034 h130822_0373
6527.289386 0.996495 0.003185 1.3216 1226.9 1.494 0.053 h130822_0374
6527.289587 0.995317 0.003185 1.3207 1245.1 1.907 0.137 h130822_0375
6527.289790 0.995181 0.003187 1.3198 1249.3 -1.497 0.613 h130822_0376
6527.289991 0.997535 0.003201 1.3189 1253.0 -1.784 0.203 h130822_0377
6527.290191 0.997841 0.003199 1.3180 1255.4 1.934 -0.082 h130822_0378
6527.290401 0.997530 0.003192 1.3171 1249.5 -0.781 -0.105 h130822_0379
6527.290602 0.995629 0.003058 1.3162 1239.0 -0.961 0.578 h130822_0380
6527.290801 0.996349 0.003174 1.3153 1230.5 -0.848 -0.034 h130822_0381
6527.291003 0.996339 0.003174 1.3144 1232.8 -0.781 -0.059 h130822_0382
6527.291202 0.997470 0.003173 1.3135 1228.0 -0.530 0.449 h130822_0383
6527.291404 0.996597 0.003173 1.3126 1230.7 -0.765 0.279 h130822_0384
6527.291603 0.995663 0.003164 1.3118 1226.5 -0.086 -0.119 h130822_0385
6527.291803 0.989906 0.003141 1.3109 1225.9 -0.342 -0.400 h130822_0386
6527.292002 0.995780 0.003166 1.3100 1226.0 -0.433 0.063 h130822_0387
6527.292220 0.997287 0.003173 1.3091 1232.0 0.051 -0.323 h130822_0388
6527.292418 0.997022 0.003164 1.3082 1227.1 0.164 -0.050 h130822_0389
6527.292625 0.999175 0.003176 1.3073 1237.7 0.834 -0.333 h130822_0390
6527.292824 0.995209 0.003157 1.3065 1245.1 0.150 0.769 h130822_0391
6527.293032 0.997649 0.003164 1.3056 1249.5 0.514 0.333 h130822_0392
6527.293231 0.995972 0.003157 1.3048 1239.4 0.351 0.651 h130822_0393
6527.293429 0.996450 0.003148 1.3039 1217.8 0.508 0.700 h130822_0394
6527.293631 0.995344 0.003136 1.3031 1204.0 0.679 0.753 h130822_0395
6527.293833 0.995929 0.003130 1.3022 1186.0 0.767 0.124 h130822_0396
6527.294033 0.994525 0.003116 1.3014 1171.1 1.061 -0.154 h130822_0397
6527.294235 0.996222 0.003116 1.3006 1159.0 0.992 0.096 h130822_0398
6527.294434 0.994052 0.003104 1.2997 1155.7 1.031 0.294 h130822_0399
6527.294634 0.994265 0.003116 1.2989 1179.8 0.823 0.353 h130822_0400
6527.294834 0.995835 0.003129 1.2981 1207.2 1.227 0.209 h130822_0401
6527.295059 0.995810 0.003150 1.2972 1273.3 1.416 0.021 h130822_0402
6527.295260 0.992979 0.003155 1.2963 1318.3 1.487 -0.104 h130822_0403
6527.295463 0.996021 0.003169 1.2955 1324.2 1.448 0.065 h130822_0404
6527.295671 0.992159 0.003157 1.2947 1334.8 1.441 0.188 h130822_0405
6527.295871 0.995675 0.003150 1.2939 1289.6 1.506 0.389 h130822_0406
6527.296072 0.992111 0.003129 1.2931 1269.3 2.024 -0.146 h130822_0407
6527.296280 0.994252 0.003130 1.2922 1249.9 -1.557 0.036 h130822_0408
6527.296496 0.993464 0.003102 1.2914 1204.1 -1.589 0.012 h130822_0409
6527.296695 0.994358 0.003093 1.2906 1169.5 1.998 0.155 h130822_0410
6527.296905 0.997114 0.003100 1.2897 1160.5 -1.269 0.253 h130822_0411
6527.297105 0.997312 0.003111 1.2890 1178.2 -1.029 0.257 h130822_0412
6527.297304 0.995534 0.003106 1.2882 1197.1 -0.943 0.429 h130822_0413
6527.297521 0.994935 0.003106 1.2873 1208.9 -1.140 0.166 h130822_0414
6527.297721 0.994328 0.003104 1.2865 1214.7 -1.050 -0.020 h130822_0415
6527.297929 0.994878 0.003106 1.2857 1212.7 -0.933 0.021 h130822_0416
6527.298129 0.995724 0.003109 1.2850 1217.8 -0.995 0.201 h130822_0417
6527.298560 0.991323 0.003086 1.2833 1208.8 -0.875 -0.032 h130822_0419
6527.298778 0.994957 0.003097 1.2825 1208.4 -0.940 0.192 h130822_0420
6527.298995 0.996758 0.003079 1.2816 1196.0 -0.651 0.004 h130822_0421
6527.299194 0.995321 0.003091 1.2809 1194.7 -0.378 -0.016 h130822_0422
6527.299391 0.993672 0.003081 1.2801 1191.0 -0.324 -0.246 h130822_0423
6527.299591 0.995467 0.003083 1.2794 1182.1 -0.102 -0.200 h130822_0424
6527.299792 0.995497 0.003074 1.2786 1158.4 0.073 -0.485 h130822_0425
6527.299990 0.993187 0.003067 1.2779 1168.3 -0.008 -0.119 h130822_0426
6527.300187 0.995659 0.003084 1.2772 1189.6 -0.245 -0.245 h130822_0427
6527.300584 0.995195 0.003093 1.2757 1231.5 -0.039 -0.284 h130822_0429
6527.300784 0.991315 0.003081 1.2750 1237.4 -0.022 -0.529 h130822_0430
6527.300981 0.991581 0.003081 1.2742 1238.3 0.185 -0.683 h130822_0431
6527.301183 0.991786 0.003081 1.2735 1239.9 0.027 0.513 h130822_0432
6527.301583 0.996717 0.003099 1.2720 1244.9 0.695 -0.077 h130822_0434
6527.301782 0.993626 0.003091 1.2713 1246.0 0.657 -0.253 h130822_0435
6527.301980 0.994051 0.003083 1.2706 1230.6 0.537 -0.538 h130822_0436
6527.302179 0.995058 0.003074 1.2699 1207.3 0.834 -0.408 h130822_0437
6527.302378 0.992144 0.003054 1.2692 1180.1 0.778 -0.421 h130822_0438
6527.302579 0.994983 0.002991 1.2685 1172.0 1.096 -0.019 h130822_0439
6527.302778 0.996514 0.003065 1.2678 1181.8 0.882 0.209 h130822_0440
6527.303177 0.990341 0.003054 1.2664 1210.0 0.819 0.322 h130822_0442
6527.303385 0.993445 0.003070 1.2656 1223.4 1.596 0.022 h130822_0443
6527.303594 0.994101 0.003074 1.2649 1222.7 1.552 -0.058 h130822_0444
6527.303802 0.993047 0.003072 1.2642 1236.7 1.521 0.153 h130822_0445
6527.304001 0.995237 0.003084 1.2635 1255.3 1.380 0.023 h130822_0446
6527.304201 0.996914 0.003088 1.2628 1252.6 1.561 -0.192 h130822_0447
6527.304410 0.994653 0.003079 1.2621 1251.3 1.795 -0.042 h130822_0448
6527.304618 0.994911 0.003077 1.2614 1244.7 1.713 -0.530 h130822_0449
6527.304819 0.994204 0.003070 1.2607 1239.0 1.278 0.712 h130822_0450
6527.305028 0.999242 0.003086 1.2600 1234.7 1.329 -0.295 h130822_0451
6527.305230 0.997159 0.003077 1.2593 1233.3 1.483 -0.231 h130822_0452
6527.305634 0.991984 0.003053 1.2580 1230.0 -1.419 0.069 h130822_0454
6527.305834 0.993805 0.003058 1.2573 1227.7 -1.793 -0.123 h130822_0455
6527.306035 0.997184 0.003067 1.2566 1224.0 1.504 -0.204 h130822_0456
6527.306234 0.994099 0.003053 1.2560 1222.9 1.654 0.263 h130822_0457
6527.306442 0.995778 0.003063 1.2553 1234.0 1.745 -0.031 h130822_0458
6527.306644 0.996285 0.003067 1.2546 1235.8 1.562 0.168 h130822_0459
6527.306845 0.995244 0.003065 1.2540 1240.6 1.826 -0.374 h130822_0460
6527.307046 0.993790 0.003058 1.2533 1240.7 1.814 0.436 h130822_0461
6527.307247 0.995365 0.003072 1.2527 1245.6 -1.437 0.125 h130822_0462
6527.307459 0.994833 0.003058 1.2520 1239.9 -0.876 -0.189 h130822_0463
6527.307676 0.995925 0.003061 1.2513 1237.5 -1.107 -0.030 h130822_0464
6527.307875 0.992702 0.003049 1.2506 1247.4 -0.870 -0.313 h130822_0465
6527.308076 0.994146 0.003058 1.2500 1252.2 -1.267 0.242 h130822_0466
6527.308481 0.996444 0.003072 1.2487 1265.2 -1.141 0.403 h130822_0468
6527.308682 0.996758 0.003079 1.2481 1281.7 -1.004 0.056 h130822_0469
6527.308882 0.994618 0.003070 1.2474 1277.2 -1.386 -0.051 h130822_0470
6527.309084 0.991397 0.003067 1.2468 1296.5 -1.211 -0.594 h130822_0471
6527.309285 0.995857 0.003083 1.2462 1302.2 -1.211 0.303 h130822_0472
6527.309487 0.995816 0.003079 1.2456 1293.4 -1.072 0.373 h130822_0473
6527.309704 0.993250 0.003067 1.2449 1287.3 -0.695 -0.429 h130822_0474
6527.309919 0.997175 0.003076 1.2442 1275.1 -0.335 -0.092 h130822_0475
6527.310117 0.993142 0.003061 1.2436 1279.1 -0.705 -0.073 h130822_0476
6527.310316 0.995629 0.003058 1.2430 1265.7 -0.527 -0.376 h130822_0477
6527.310516 0.992713 0.003049 1.2424 1267.0 -0.675 0.328 h130822_0478
6527.310716 0.995401 0.003054 1.2418 1254.1 -0.678 0.639 h130822_0479
6527.310919 0.994157 0.003046 1.2412 1245.8 -0.592 -0.691 h130822_0480
6527.311119 0.994395 0.003040 1.2406 1228.9 -0.917 0.387 h130822_0481
6527.311329 0.994042 0.003039 1.2400 1229.7 -0.384 -0.230 h130822_0482
6527.311527 0.996924 0.003040 1.2394 1221.7 -0.618 0.026 h130822_0483
6527.311726 0.993731 0.003028 1.2388 1223.9 -0.376 -0.664 h130822_0484
6527.311925 0.994552 0.002987 1.2382 1208.3 -0.340 0.192 h130822_0485
6527.312322 0.991435 0.003000 1.2371 1179.4 -0.217 0.109 h130822_0487
6527.312520 0.995349 0.002996 1.2365 1178.6 -0.367 0.409 h130822_0488
6527.312719 0.991890 0.003000 1.2359 1178.7 -0.010 0.130 h130822_0489
6527.312916 0.994062 0.003014 1.2353 1194.3 -0.344 -0.409 h130822_0490
6527.313122 0.994858 0.003021 1.2347 1212.7 -0.314 0.220 h130822_0491
6527.313321 0.994402 0.003024 1.2342 1233.2 -0.185 0.289 h130822_0492
6527.313521 0.993222 0.003010 1.2336 1221.9 -0.362 0.172 h130822_0493
6527.313719 0.996127 0.003028 1.2330 1219.4 -0.350 0.776 h130822_0494
6527.313919 0.994294 0.003023 1.2325 1236.0 -0.477 -0.355 h130822_0495
6527.314117 0.993368 0.003010 1.2319 1218.0 -0.265 -0.233 h130822_0496
6527.314315 0.995954 0.003017 1.2314 1200.2 -0.098 -0.296 h130822_0497
6527.314513 0.990493 0.002991 1.2308 1194.2 0.041 -0.832 h130822_0498
6527.314712 0.993376 0.002989 1.2303 1183.3 -0.264 0.349 h130822_0499
6527.314911 0.993721 0.002994 1.2297 1177.4 -0.281 0.393 h130822_0500
6527.315118 0.996898 0.003005 1.2291 1176.7 -0.009 0.448 h130822_0501
6527.315317 0.993481 0.002991 1.2286 1174.3 -0.076 0.737 h130822_0502
6527.315516 0.994948 0.002991 1.2281 1168.9 0.037 0.760 h130822_0503
6527.315723 0.996875 0.002996 1.2275 1159.4 -0.071 0.352 h130822_0504
6527.315929 0.995505 0.002994 1.2269 1173.3 -0.166 0.290 h130822_0505
6527.316127 0.993072 0.002977 1.2264 1166.5 0.254 0.407 h130822_0506
6527.316325 0.994552 0.002987 1.2259 1177.4 -0.045 0.277 h130822_0507
6527.316528 0.993791 0.002987 1.2253 1190.2 -0.061 0.651 h130822_0508
6527.316727 0.996609 0.003000 1.2248 1182.7 -0.520 0.563 h130822_0509
6527.317142 0.995349 0.002996 1.2237 1199.8 0.171 0.458 h130822_0511
6527.317343 0.993227 0.002991 1.2232 1212.5 0.098 -0.080 h130822_0512
6527.317541 0.992784 0.002989 1.2227 1218.7 0.220 0.041 h130822_0513
6527.317745 0.991925 0.002994 1.2221 1220.5 -0.198 0.159 h130822_0514
6527.317944 0.995899 0.003010 1.2216 1225.6 0.063 0.337 h130822_0515
6527.318148 0.994520 0.003002 1.2211 1227.0 0.578 0.125 h130822_0516
6527.318346 0.994558 0.002998 1.2206 1227.6 0.416 0.033 h130822_0517
6527.318544 0.997316 0.003014 1.2201 1234.9 0.055 0.026 h130822_0518
6527.318742 0.993260 0.002996 1.2196 1235.1 0.420 -0.030 h130822_0519
6527.318940 0.994724 0.002998 1.2191 1231.5 0.531 0.419 h130822_0520
6527.319139 0.994931 0.003002 1.2186 1233.7 0.421 0.200 h130822_0521
6527.319337 0.998039 0.003005 1.2181 1233.1 0.588 0.038 h130822_0522
6527.319539 0.995462 0.002994 1.2176 1226.9 0.283 0.072 h130822_0523
6527.319755 0.991939 0.002982 1.2170 1229.1 0.707 -0.027 h130822_0524
6527.319954 0.997317 0.002998 1.2166 1221.2 0.432 0.005 h130822_0525
6527.320161 0.994531 0.002986 1.2161 1222.0 0.382 0.131 h130822_0526
6527.320359 0.994823 0.002986 1.2156 1220.7 0.166 -0.143 h130822_0527
6527.320559 0.997068 0.002991 1.2151 1209.9 0.865 0.224 h130822_0528
6527.320759 0.993811 0.002979 1.2146 1210.6 0.923 0.128 h130822_0529
6527.320959 0.993579 0.002975 1.2141 1209.9 0.995 -0.044 h130822_0530
6527.321160 0.995740 0.002984 1.2136 1208.5 1.023 0.172 h130822_0531
6527.321367 0.996927 0.002987 1.2131 1210.7 0.604 0.006 h130822_0532
6527.321576 0.995532 0.002987 1.2126 1214.0 0.771 -0.170 h130822_0533
6527.321773 0.996118 0.002984 1.2122 1212.7 0.624 -0.068 h130822_0534
6527.321972 0.992978 0.002972 1.2117 1213.6 1.089 -0.282 h130822_0535
6527.322174 0.996869 0.002987 1.2112 1213.4 1.192 0.392 h130822_0536
6527.322374 0.996363 0.002980 1.2108 1218.6 1.221 -0.106 h130822_0537
6527.322775 0.995210 0.002989 1.2098 1237.5 1.582 0.508 h130822_0539
6527.322984 0.995460 0.002984 1.2093 1238.5 1.566 -0.348 h130822_0540
6527.323204 0.997333 0.002986 1.2088 1241.3 1.639 0.154 h130822_0541
6527.323412 0.994807 0.002984 1.2084 1246.9 1.773 0.378 h130822_0542
6527.323619 0.993867 0.002982 1.2079 1251.4 -1.633 0.403 h130822_0543
6527.323837 0.995794 0.002991 1.2074 1258.8 1.964 -0.100 h130822_0544
6527.324037 0.995517 0.002984 1.2070 1263.7 -1.387 0.087 h130822_0545
6527.324243 0.994155 0.002984 1.2065 1274.6 -1.310 0.313 h130822_0546
6527.324452 0.994260 0.002991 1.2061 1278.8 -1.388 -0.126 h130822_0547
6527.324651 0.996935 0.003002 1.2056 1269.7 -0.902 0.234 h130822_0548
6527.324867 0.995247 0.002984 1.2051 1267.4 -0.897 0.388 h130822_0549
6527.325067 0.993262 0.002979 1.2047 1269.8 -0.677 -0.347 h130822_0550
6527.325268 0.998244 0.003003 1.2043 1270.7 -0.619 0.179 h130822_0551
6527.325465 0.992985 0.002973 1.2038 1262.9 -0.971 0.544 h130822_0552
6527.325667 0.996490 0.002991 1.2034 1269.3 -0.907 -0.008 h130822_0553
6527.325866 0.997652 0.003003 1.2030 1276.3 -0.849 -0.204 h130822_0554
6527.326073 0.995089 0.002987 1.2025 1275.8 -0.734 0.328 h130822_0555
6527.326273 0.995484 0.002987 1.2021 1275.1 -0.773 0.451 h130822_0556
6527.326474 0.993393 0.002979 1.2017 1280.2 -0.858 -0.124 h130822_0557
6527.326674 0.993704 0.002982 1.2013 1284.8 -0.681 0.330 h130822_0558
6527.326873 0.995924 0.002994 1.2008 1290.8 -0.467 0.339 h130822_0559
6527.327071 0.994983 0.002991 1.2004 1286.9 -0.151 0.309 h130822_0560
6527.327277 0.995267 0.002987 1.2000 1288.4 -0.203 0.021 h130822_0561
6527.327475 0.994249 0.002982 1.1996 1285.9 -0.364 0.161 h130822_0562
6527.327673 0.995456 0.002991 1.1992 1288.5 -0.237 0.109 h130822_0563
6527.327871 0.997353 0.002991 1.1988 1285.7 -0.020 0.052 h130822_0564
6527.328068 0.997234 0.002989 1.1984 1281.1 0.186 -0.185 h130822_0565
6527.328266 0.994497 0.002975 1.1980 1282.6 0.093 -0.334 h130822_0566
6527.328464 0.996687 0.002987 1.1976 1286.7 0.230 -0.194 h130822_0567
6527.328662 0.996759 0.002987 1.1972 1290.3 0.295 -0.156 h130822_0568
6527.328871 0.998801 0.002994 1.1968 1289.5 0.430 -0.058 h130822_0569
6527.329070 0.996272 0.002980 1.1964 1287.7 0.768 -0.425 h130822_0570
6527.329272 0.993784 0.002973 1.1960 1291.2 0.611 0.114 h130822_0571
6527.329470 0.996164 0.002980 1.1956 1291.1 0.812 0.065 h130822_0572
6527.329670 0.994121 0.002968 1.1952 1293.6 0.451 -0.338 h130822_0573
6527.329869 0.996059 0.002980 1.1948 1296.2 0.792 -0.022 h130822_0574
6527.330070 0.996363 0.002980 1.1945 1295.7 0.776 0.110 h130822_0575
6527.330276 0.998453 0.002984 1.1941 1290.3 0.930 0.142 h130822_0576
6527.330476 0.994582 0.002968 1.1937 1292.7 1.016 -0.139 h130822_0577
6527.330726 0.995371 0.002973 1.1932 1294.5 1.100 -0.162 h130822_0578
6527.330934 0.996507 0.002973 1.1928 1285.7 1.114 -0.004 h130822_0579
6527.331133 0.997014 0.002972 1.1925 1272.7 1.646 -0.015 h130822_0580
6527.331342 0.996405 0.002963 1.1921 1269.1 1.414 0.202 h130822_0581
6527.331542 0.996299 0.002963 1.1917 1269.1 1.569 -0.051 h130822_0582
6527.331950 0.997612 0.002959 1.1910 1259.4 1.693 -0.006 h130822_0584
6527.332169 0.996488 0.002959 1.1906 1260.7 1.894 0.133 h130822_0585
6527.332369 0.997578 0.002959 1.1902 1254.8 -1.443 -0.005 h130822_0586
6527.332579 0.996279 0.002950 1.1898 1257.2 -1.146 -0.002 h130822_0587
6527.332795 0.997187 0.002952 1.1894 1253.8 -1.144 0.056 h130822_0588
6527.332996 0.997167 0.002952 1.1891 1248.3 -1.101 -0.042 h130822_0589
6527.333212 0.996522 0.002942 1.1887 1229.3 -1.103 0.060 h130822_0590
6527.333412 0.996402 0.002945 1.1884 1226.4 -0.898 0.158 h130822_0591
6527.333611 0.995609 0.002935 1.1880 1222.7 -0.997 0.363 h130822_0592
6527.333810 0.996763 0.002938 1.1877 1223.9 -0.392 -0.134 h130822_0593
6527.334013 0.996067 0.002933 1.1873 1218.1 -0.531 -0.115 h130822_0594
6527.334210 0.994433 0.002927 1.1870 1222.3 -0.570 -0.117 h130822_0595
6527.334410 0.994022 0.002931 1.1867 1231.8 -0.335 -0.128 h130822_0596
6527.334608 0.996110 0.002938 1.1863 1239.3 0.373 -0.231 h130822_0597
6527.334807 0.995612 0.002940 1.1860 1248.7 0.170 0.066 h130822_0598
6527.335007 0.993537 0.002929 1.1857 1244.8 0.379 -0.141 h130822_0599
6527.335205 0.994438 0.002931 1.1853 1234.6 0.526 -0.216 h130822_0600
6527.335403 0.997667 0.002942 1.1850 1227.7 0.481 -0.225 h130822_0601
6527.335601 0.996327 0.002915 1.1847 1183.3 1.056 -0.417 h130822_0602
6527.335801 0.996124 0.002908 1.1844 1171.9 0.737 0.071 h130822_0603
6527.336009 0.998435 0.002901 1.1840 1137.1 0.944 0.296 h130822_0604
6527.336210 0.995046 0.002882 1.1837 1125.3 0.986 -0.110 h130822_0605
6527.336411 0.994893 0.002876 1.1834 1117.0 1.114 0.338 h130822_0606
6527.336619 0.994468 0.002880 1.1830 1128.6 1.524 -0.309 h130822_0607
6527.336820 0.995270 0.002892 1.1827 1145.8 1.470 0.262 h130822_0608
6527.337030 0.995345 0.002892 1.1824 1150.4 1.763 0.178 h130822_0609
6527.337456 0.998284 0.002908 1.1818 1165.2 1.782 0.107 h130822_0611
6527.337661 1.000110 0.002919 1.1814 1159.0 1.736 0.093 h130822_0612
6527.337866 0.999455 0.002905 1.1811 1143.7 1.805 0.206 h130822_0613
6527.338065 0.996902 0.002903 1.1808 1160.3 -1.215 -0.213 h130822_0614
6527.338264 0.999397 0.002912 1.1805 1157.0 -0.656 -0.039 h130822_0615
6527.338467 0.997569 0.002903 1.1802 1161.3 -0.649 -0.042 h130822_0616
6527.338668 0.998034 0.002912 1.1799 1164.7 -1.017 0.234 h130822_0617
6527.338868 1.001704 0.002926 1.1796 1187.2 -0.820 0.031 h130822_0618
6527.339068 0.997819 0.002903 1.1793 1160.5 -0.883 -0.219 h130822_0619
6527.339278 1.000000 0.002894 1.1790 1129.3 -0.566 -0.025 h130822_0620
6527.339477 0.998745 0.002896 1.1787 1139.7 -0.389 -0.035 h130822_0621
6527.339677 1.000643 0.002890 1.1785 1126.0 -0.464 0.056 h130822_0622
6527.339875 0.999444 0.002883 1.1782 1111.8 -0.154 0.106 h130822_0623
6527.340073 1.001737 0.002882 1.1779 1092.4 0.006 0.138 h130822_0624
6527.340271 1.001553 0.002887 1.1776 1112.3 0.343 -0.172 h130822_0625
6527.340471 1.002270 0.002889 1.1774 1109.1 0.064 -0.028 h130822_0626
6527.340693 1.003526 0.002883 1.1770 1093.6 -0.044 0.111 h130822_0627
6527.340891 1.003207 0.002887 1.1768 1099.2 0.318 -0.088 h130822_0628
6527.341099 0.999643 0.002875 1.1765 1101.8 0.557 -0.409 h130822_0629
6527.341298 1.001503 0.002892 1.1762 1134.5 0.682 -0.358 h130822_0630
6527.341501 1.000599 0.002887 1.1759 1130.9 0.761 -0.581 h130822_0631
6527.341702 1.008137 0.002915 1.1757 1136.2 1.042 0.102 h130822_0632
6527.341901 1.006584 0.002910 1.1754 1130.3 0.921 -0.161 h130822_0633
6527.342101 1.007524 0.002906 1.1751 1125.1 1.034 -0.120 h130822_0634
6527.342301 1.005877 0.002905 1.1749 1129.7 1.111 0.033 h130822_0635
6527.342500 1.008622 0.002906 1.1746 1119.2 1.115 -0.154 h130822_0636
6527.342700 1.009173 0.002906 1.1744 1118.5 1.434 0.340 h130822_0637
6527.342925 1.008487 0.002899 1.1741 1107.6 1.623 0.247 h130822_0638
6527.343132 1.006850 0.002889 1.1738 1088.1 1.814 -0.359 h130822_0639
6527.343333 1.014001 0.002915 1.1736 1085.4 1.495 -0.431 h130822_0640
6527.343531 1.010127 0.002901 1.1733 1090.5 1.569 -0.058 h130822_0641
6527.343756 1.011564 0.002905 1.1730 1091.6 1.612 -0.440 h130822_0642
6527.343965 1.008702 0.002896 1.1728 1092.7 1.945 -0.104 h130822_0643
6527.344165 1.010888 0.002906 1.1726 1098.8 -1.086 0.075 h130822_0644
6527.344372 1.012655 0.002919 1.1723 1087.1 -1.457 0.393 h130822_0645
6527.344587 1.013187 0.002905 1.1721 1081.1 -0.709 -0.407 h130822_0646
6527.344786 1.014426 0.002912 1.1718 1080.5 -0.959 -0.117 h130822_0647
6527.344986 1.013253 0.002897 1.1716 1075.8 -0.752 -0.286 h130822_0648
6527.345202 1.010583 0.002890 1.1713 1079.3 -0.907 -0.212 h130822_0649
6527.345408 1.010948 0.002883 1.1711 1064.4 -0.767 -0.102 h130822_0650
6527.345633 1.016367 0.002894 1.1708 1052.6 -0.261 -0.028 h130822_0651
6527.345831 1.013797 0.002885 1.1706 1051.1 -0.564 0.044 h130822_0652
6527.346028 1.014764 0.002890 1.1704 1060.0 -0.065 -0.186 h130822_0653
6527.346228 1.016053 0.002894 1.1702 1058.4 0.283 -0.396 h130822_0654
6527.346425 1.016424 0.002897 1.1699 1065.0 -0.132 -0.708 h130822_0655
6527.346626 1.019042 0.002910 1.1697 1066.3 -0.057 0.227 h130822_0656
6527.346824 1.017653 0.002906 1.1695 1072.8 0.275 -0.194 h130822_0657
6527.347021 1.018515 0.002899 1.1693 1062.4 0.237 0.050 h130822_0658
6527.347244 1.019702 0.002903 1.1691 1062.3 0.418 -0.066 h130822_0659
6527.347450 1.019466 0.002903 1.1688 1068.3 0.641 -0.228 h130822_0660
6527.348095 1.020347 0.002899 1.1682 1058.3 0.314 -0.346 h130822_0661
6527.348292 1.019208 0.002899 1.1680 1056.3 0.818 -0.294 h130822_0662
6527.348492 1.024488 0.002919 1.1678 1047.7 0.946 -0.193 h130822_0663
6527.348717 1.023631 0.002908 1.1675 1050.9 0.740 -0.367 h130822_0664
6527.348925 1.020823 0.002892 1.1673 1043.9 0.884 0.028 h130822_0665
6527.349124 1.021966 0.002889 1.1671 1031.4 1.039 -0.088 h130822_0666
6527.349331 1.024484 0.002894 1.1669 1026.4 1.093 -0.558 h130822_0667
6527.349548 1.021801 0.002887 1.1667 1027.1 0.635 0.266 h130822_0668
6527.349761 1.027334 0.002905 1.1665 1024.7 0.711 0.067 h130822_0669
6527.349959 1.021372 0.002880 1.1663 1011.6 0.590 0.286 h130822_0670
6527.350157 1.024609 0.002897 1.1662 1011.7 0.790 0.260 h130822_0671
6527.350357 1.023454 0.002894 1.1660 1009.6 0.750 0.155 h130822_0672
6527.350556 1.025173 0.002906 1.1658 1035.1 1.039 -0.085 h130822_0673
6527.350767 1.025972 0.002908 1.1656 1023.1 1.197 -0.782 h130822_0674
6527.350967 1.027037 0.002905 1.1654 1025.5 1.682 0.153 h130822_0675
6527.351190 1.028805 0.002913 1.1652 1021.9 1.082 0.191 h130822_0676
6527.351388 1.030289 0.002919 1.1651 1017.3 0.757 0.222 h130822_0677
6527.351586 1.025953 0.002903 1.1649 1009.0 0.677 0.350 h130822_0678
6527.351794 1.029349 0.002915 1.1647 1016.4 0.636 0.359 h130822_0679
6527.351993 1.026482 0.002894 1.1645 1007.9 0.690 0.219 h130822_0680
6527.352191 1.024025 0.002887 1.1644 1007.6 0.634 -0.370 h130822_0681
6527.352390 1.028661 0.002899 1.1642 1006.6 0.403 0.192 h130822_0682
6527.352587 1.025810 0.002896 1.1641 1013.0 0.491 0.520 h130822_0683
6527.352785 1.026151 0.002889 1.1639 996.1 0.005 0.001 h130822_0684
6527.352991 1.026220 0.002887 1.1637 986.5 0.467 -0.262 h130822_0685
6527.353189 1.024619 0.002871 1.1636 984.9 -0.128 0.108 h130822_0686
6527.353386 1.026671 0.002887 1.1634 992.2 -0.126 -0.088 h130822_0687
6527.353584 1.024112 0.002887 1.1633 997.0 -0.315 -0.166 h130822_0688
6527.353780 1.025229 0.002890 1.1631 997.6 -0.313 -0.475 h130822_0689
6527.353981 1.022615 0.002869 1.1630 989.9 0.094 -0.326 h130822_0690
6527.354177 1.027695 0.002894 1.1628 988.0 -0.609 -0.110 h130822_0691
6527.354374 1.029516 0.002910 1.1627 989.7 0.005 -0.641 h130822_0692
6527.354582 1.022828 0.002867 1.1625 988.0 0.011 -0.662 h130822_0693
6527.354783 1.026327 0.002885 1.1624 981.9 -0.551 0.208 h130822_0694
6527.354981 1.030138 0.002890 1.1622 980.7 -0.025 0.669 h130822_0695
6527.355181 1.027171 0.002875 1.1621 970.2 -0.777 0.003 h130822_0696
6527.355381 1.030629 0.002897 1.1620 976.4 -0.537 0.212 h130822_0697
6527.355587 1.028350 0.002889 1.1618 972.9 -0.079 -0.277 h130822_0698
6527.355787 1.024525 0.002864 1.1617 976.2 -0.422 -0.346 h130822_0699
6527.355992 1.027754 0.002869 1.1616 964.3 -0.564 -0.532 h130822_0700
6527.356192 1.027098 0.002867 1.1614 964.3 -0.644 0.203 h130822_0701
6527.356407 1.026696 0.002880 1.1613 969.8 -0.997 0.449 h130822_0702
6527.356622 1.025169 0.002866 1.1611 965.5 -0.658 -0.147 h130822_0703
6527.356823 1.025501 0.002867 1.1610 969.3 -0.758 0.033 h130822_0704
6527.357022 1.027854 0.002883 1.1609 972.8 -0.886 0.038 h130822_0705
6527.357223 1.025760 0.002882 1.1608 971.7 -1.031 -0.110 h130822_0706
6527.357431 1.028100 0.002887 1.1606 967.7 -0.575 0.122 h130822_0707
6527.357629 1.029398 0.002890 1.1605 967.4 -1.136 0.415 h130822_0708
6527.357846 1.024659 0.002869 1.1604 970.4 -0.574 -0.132 h130822_0709
6527.358069 1.029624 0.002892 1.1603 981.9 -0.673 -0.697 h130822_0710
6527.358285 1.031765 0.002905 1.1602 997.0 -1.144 0.531 h130822_0711
6527.358493 1.024706 0.002880 1.1600 992.8 -0.866 0.157 h130822_0712
6527.358694 1.028005 0.002905 1.1599 988.1 -1.461 -0.049 h130822_0713
6527.358910 1.024384 0.002873 1.1598 985.6 -0.717 -0.284 h130822_0714
6527.359109 1.026646 0.002897 1.1597 989.0 -0.831 -0.012 h130822_0715
6527.359319 1.025467 0.002880 1.1596 987.8 -0.946 -0.051 h130822_0716
6527.359535 1.026431 0.002873 1.1595 969.2 -0.468 -0.482 h130822_0717
6527.359741 1.031195 0.002897 1.1594 977.2 -0.528 0.284 h130822_0718
6527.359940 1.028654 0.002890 1.1593 981.1 -1.008 0.814 h130822_0719
6527.360157 1.026943 0.002894 1.1592 988.2 -0.832 -0.063 h130822_0720
6527.360960 1.027889 0.002889 1.1588 973.1 -0.983 -0.089 h130822_0724
6527.361168 1.027319 0.002885 1.1587 968.5 -0.766 -0.138 h130822_0725
6527.361385 1.027857 0.002885 1.1587 971.0 -0.796 -0.056 h130822_0726
6527.361591 1.028208 0.002883 1.1586 968.9 -0.429 0.032 h130822_0727
6527.361790 1.028780 0.002896 1.1585 978.3 0.009 -0.083 h130822_0728
6527.361988 1.029973 0.002892 1.1584 970.3 -0.417 -0.319 h130822_0729
6527.362188 1.025362 0.002866 1.1583 965.9 -0.120 -0.556 h130822_0730
6527.362386 1.028597 0.002873 1.1583 963.6 -0.106 -0.747 h130822_0731
6527.362585 1.028729 0.002869 1.1582 959.8 -0.081 0.070 h130822_0732
6527.362785 1.030192 0.002892 1.1581 972.5 -0.237 0.428 h130822_0733
6527.362982 1.028464 0.002880 1.1581 970.5 0.038 -0.052 h130822_0734
6527.363180 1.027081 0.002873 1.1580 969.1 0.270 0.263 h130822_0735
6527.363773 1.028366 0.002880 1.1578 968.5 0.829 -1.057 h130822_0738
6527.363975 1.028301 0.002880 1.1578 967.9 0.755 0.790 h130822_0739
6527.364181 1.027023 0.002876 1.1577 969.3 0.938 -0.604 h130822_0740
6527.364376 1.029708 0.002892 1.1576 972.6 1.180 0.285 h130822_0741
6527.364767 1.028075 0.002890 1.1575 983.1 1.047 0.466 h130822_0743
6527.366556 1.027212 0.002887 1.1571 981.1 -0.913 -1.205 h130822_0752
6527.366753 1.028375 0.002890 1.1571 974.0 -1.040 -0.163 h130822_0753
6527.367356 1.027472 0.002880 1.1570 965.9 -0.269 -0.147 h130822_0756
6527.367742 1.030405 0.002889 1.1569 966.1 -0.232 0.348 h130822_0758
6527.367935 1.027387 0.002876 1.1569 962.9 0.000 -0.080 h130822_0759
6527.368131 1.029621 0.002880 1.1569 961.7 -0.043 -0.463 h130822_0760
6527.368324 1.025647 0.002866 1.1569 966.3 -0.390 -0.781 h130822_0761
6527.368528 1.027923 0.002876 1.1569 968.3 0.072 0.628 h130822_0762
6527.368732 1.027012 0.002880 1.1568 966.9 0.175 -0.612 h130822_0763
6527.368926 1.028241 0.002880 1.1568 966.0 0.202 0.161 h130822_0764
6527.369121 1.028675 0.002880 1.1568 966.2 0.772 0.878 h130822_0765
6527.369317 1.026756 0.002873 1.1568 967.7 0.201 -0.933 h130822_0766
6527.372224 1.028107 0.002899 1.1568 1007.7 2.701 -1.388 h130822_0767
6527.372424 1.030462 0.002912 1.1568 1009.3 -0.236 0.045 h130822_0768
6527.372624 1.026160 0.002892 1.1569 1009.6 -0.192 0.499 h130822_0769
6527.372821 1.026755 0.002890 1.1569 1011.8 0.170 -0.032 h130822_0770
6527.373021 1.027939 0.002899 1.1569 1010.6 0.238 0.171 h130822_0771
6527.373219 1.028558 0.002903 1.1569 1010.6 0.498 1.031 h130822_0772
6527.373418 1.026308 0.002890 1.1569 1009.9 0.409 -1.992 h130822_0773
6527.373618 1.026805 0.002890 1.1570 1009.5 0.909 0.570 h130822_0774
6527.373825 1.028786 0.002903 1.1570 1007.0 0.878 -0.128 h130822_0775
6527.374022 1.026667 0.002892 1.1570 1004.6 1.263 0.920 h130822_0776
6527.374438 1.028625 0.002908 1.1571 1011.4 1.477 -0.093 h130822_0778
6527.374845 1.028272 0.002905 1.1572 1006.7 1.650 -0.834 h130822_0780
6527.375054 1.028516 0.002908 1.1572 1010.6 2.045 -0.146 h130822_0781
6527.375266 1.027996 0.002901 1.1573 1005.7 -1.719 0.922 h130822_0782
6527.375474 1.029758 0.002912 1.1573 1006.3 1.694 -0.713 h130822_0783
6527.375682 1.026956 0.002887 1.1574 996.6 2.311 0.213 h130822_0784
6527.375882 1.025775 0.002882 1.1574 997.9 -1.431 0.423 h130822_0785
6527.376086 1.027480 0.002899 1.1575 1004.9 -1.023 -0.073 h130822_0786
6527.376303 1.031081 0.002906 1.1575 1005.3 -0.597 0.160 h130822_0787
6527.376503 1.026104 0.002892 1.1576 996.3 -0.809 -0.298 h130822_0788
6527.376702 1.029138 0.002894 1.1576 988.6 -0.628 0.264 h130822_0789
6527.376897 1.026271 0.002871 1.1577 967.9 -0.525 -0.397 h130822_0790
6527.377093 1.030748 0.002890 1.1577 970.1 -0.788 0.778 h130822_0791
6527.377291 1.028811 0.002887 1.1578 972.4 -0.397 -0.206 h130822_0792
6527.377488 1.027922 0.002882 1.1578 972.4 -0.636 -0.101 h130822_0793
6527.377684 1.025449 0.002869 1.1579 969.7 0.061 -0.505 h130822_0794
6527.377885 1.028218 0.002875 1.1580 964.4 -0.035 -0.242 h130822_0795
6527.378081 1.024441 0.002859 1.1580 958.2 -0.257 -0.963 h130822_0796
6527.378282 1.027971 0.002873 1.1581 955.0 0.252 0.543 h130822_0797
6527.378478 1.028056 0.002880 1.1582 958.8 0.004 0.162 h130822_0798
6527.378676 1.024556 0.002859 1.1582 956.4 0.007 0.253 h130822_0799
6527.378874 1.028390 0.002871 1.1583 951.7 0.176 0.796 h130822_0800
6527.379072 1.027405 0.002869 1.1584 944.5 0.471 0.189 h130822_0801
6527.379270 1.026150 0.002860 1.1585 945.4 0.384 -0.084 h130822_0802
6527.379467 1.028726 0.002883 1.1585 946.6 0.449 0.096 h130822_0803
6527.379665 1.026558 0.002866 1.1586 951.8 0.283 -0.538 h130822_0804
6527.379863 1.027087 0.002873 1.1587 943.3 0.356 -0.143 h130822_0805
6527.380059 1.027910 0.002867 1.1588 943.5 0.357 0.108 h130822_0806
6527.380257 1.027741 0.002873 1.1589 946.4 0.430 -0.275 h130822_0807
6527.380456 1.024393 0.002855 1.1589 953.3 0.658 -0.562 h130822_0808
6527.380656 1.028482 0.002880 1.1590 962.2 0.536 0.167 h130822_0809
6527.380865 1.028012 0.002882 1.1591 964.1 0.441 0.254 h130822_0810
6527.381064 1.025763 0.002869 1.1592 969.1 0.337 0.213 h130822_0811
6527.381262 1.027878 0.002876 1.1593 970.4 0.342 0.299 h130822_0812
6527.381459 1.028284 0.002882 1.1594 974.9 0.423 0.177 h130822_0813
6527.381657 1.028492 0.002887 1.1595 976.3 0.773 0.221 h130822_0814
6527.381855 1.024459 0.002869 1.1596 976.7 0.143 0.253 h130822_0815
6527.382056 1.028877 0.002889 1.1597 977.9 0.380 0.544 h130822_0816
6527.382253 1.028770 0.002896 1.1598 985.6 0.411 0.021 h130822_0817
6527.382451 1.026883 0.002885 1.1599 985.0 0.380 -0.007 h130822_0818
6527.382647 1.026580 0.002887 1.1600 992.1 0.009 0.089 h130822_0819
6527.382848 1.025696 0.002882 1.1601 1001.5 0.073 -0.088 h130822_0820
6527.383044 1.025536 0.002889 1.1603 1002.9 -0.058 -0.162 h130822_0821
6527.383241 1.023296 0.002873 1.1604 1007.5 0.269 -0.540 h130822_0822
6527.383440 1.027201 0.002890 1.1605 1007.9 0.108 -0.308 h130822_0823
6527.383637 1.023682 0.002882 1.1606 1011.1 -0.314 -0.357 h130822_0824
6527.383834 1.024145 0.002889 1.1607 1014.3 -0.321 -0.401 h130822_0825
6527.384032 1.023666 0.002887 1.1608 1017.4 -0.083 -0.274 h130822_0826
6527.384230 1.022424 0.002876 1.1609 1017.7 -0.319 -0.038 h130822_0827
6527.384426 1.024641 0.002894 1.1611 1026.0 -0.471 -0.160 h130822_0828
6527.384623 1.026700 0.002897 1.1612 1024.5 -0.163 -0.646 h130822_0829
6527.384820 1.027185 0.002903 1.1613 1024.2 -0.736 -0.607 h130822_0830
6527.385020 1.026646 0.002897 1.1614 1024.5 -0.456 -0.223 h130822_0831
6527.385217 1.024861 0.002883 1.1616 1021.7 -0.865 0.039 h130822_0832
6527.385434 1.027084 0.002890 1.1617 1025.0 -0.590 0.342 h130822_0833
6527.385631 1.022475 0.002876 1.1619 1025.1 -1.030 0.361 h130822_0834
6527.385848 1.024288 0.002885 1.1620 1026.2 -0.849 -0.223 h130822_0835
6527.386047 1.025019 0.002755 1.1621 1023.3 -0.799 -0.054 h130822_0836
6527.386245 1.024103 0.002753 1.1623 1026.6 -0.817 -0.636 h130822_0837
6527.386443 1.024223 0.002753 1.1624 1032.0 -0.675 0.201 h130822_0838
6527.386641 1.025124 0.002760 1.1625 1028.7 -1.216 0.296 h130822_0839
6527.386840 1.025077 0.002760 1.1627 1029.8 -1.136 -0.042 h130822_0840
6527.387041 1.025812 0.002760 1.1628 1026.0 -1.094 0.054 h130822_0841
6527.387239 1.026582 0.002763 1.1630 1022.7 -1.497 -0.036 h130822_0842
6527.387458 1.025516 0.002756 1.1632 1023.1 -1.566 -0.292 h130822_0843
6527.387674 1.024589 0.002756 1.1633 1024.6 -0.860 -0.500 h130822_0844
6527.387873 1.024908 0.002758 1.1635 1021.0 -1.340 -0.186 h130822_0845
6527.388076 1.020895 0.002749 1.1636 1031.1 -1.066 0.311 h130822_0846
6527.388274 1.023246 0.002755 1.1638 1031.3 -1.696 0.089 h130822_0847
6527.388478 1.025464 0.002769 1.1640 1037.3 1.787 -0.385 h130822_0848
6527.388678 1.024924 0.002769 1.1641 1032.5 -1.407 0.110 h130822_0849
6527.388877 1.024138 0.002767 1.1643 1041.3 -0.942 -0.162 h130822_0850
6527.389075 1.023635 0.002772 1.1644 1043.0 -0.929 -0.708 h130822_0851
6527.389274 1.022476 0.002765 1.1646 1050.9 -0.884 0.395 h130822_0852
6527.389474 1.023750 0.002769 1.1648 1050.8 -0.981 -0.385 h130822_0853
6527.389673 1.023952 0.002774 1.1650 1056.8 -1.317 0.257 h130822_0854
6527.389889 1.028736 0.002802 1.1651 1061.8 -0.855 -0.849 h130822_0855
6527.390088 1.023633 0.002776 1.1653 1062.9 -0.990 0.793 h130822_0856
6527.390288 1.024979 0.002779 1.1655 1070.6 -1.105 -0.631 h130822_0857
6527.390485 1.025365 0.002781 1.1657 1069.3 -0.608 -0.112 h130822_0858
6527.390683 1.028139 0.002788 1.1659 1061.4 -0.373 -0.450 h130822_0859
6527.390881 1.026539 0.002781 1.1660 1058.6 -0.570 -0.267 h130822_0860
6527.391080 1.024532 0.002776 1.1662 1055.9 -0.670 -0.465 h130822_0861
6527.391279 1.024052 0.002771 1.1664 1050.7 -1.015 0.283 h130822_0862
6527.391477 1.023001 0.002767 1.1666 1047.8 -0.470 -0.253 h130822_0863
6527.391674 1.022679 0.002760 1.1668 1045.7 -0.593 -0.522 h130822_0864
6527.391873 1.026002 0.002772 1.1670 1042.0 -0.137 -0.256 h130822_0865
6527.392071 1.029615 0.002797 1.1672 1046.0 0.036 -0.432 h130822_0866
