# BJD(TDB)-2450000 flux err airmass sky dx dy baserun
6573.245892 1.003560 0.002972 1.1582 1631.8 -0.470 -1.347 h131007_0131
6573.246162 1.009794 0.002994 1.1582 1662.7 0.383 0.197 h131007_0132
6573.246424 1.006877 0.002980 1.1583 1675.1 1.153 -1.490 h131007_0133
6573.246695 1.004454 0.002994 1.1583 1687.2 1.047 -0.342 h131007_0134
6573.246958 1.002899 0.002979 1.1584 1701.0 0.844 -0.153 h131007_0135
6573.247232 1.006665 0.003002 1.1584 1699.5 0.715 0.265 h131007_0136
6573.247494 1.002458 0.002966 1.1585 1700.8 0.863 0.257 h131007_0137
6573.247765 1.002200 0.002966 1.1586 1691.6 0.802 -1.326 h131007_0138
6573.248029 1.004724 0.003019 1.1586 1677.8 0.723 1.037 h131007_0139
6573.248293 1.007966 0.002979 1.1587 1662.5 0.613 0.665 h131007_0140
6573.248556 1.006906 0.002966 1.1588 1646.7 0.636 -0.558 h131007_0141
6573.248818 1.010385 0.002987 1.1589 1635.6 1.650 -0.044 h131007_0142
6573.249089 1.004686 0.002954 1.1590 1637.8 -2.032 0.024 h131007_0143
6573.249352 1.003024 0.002950 1.1590 1653.0 2.250 -1.594 h131007_0144
6573.249623 1.003074 0.002966 1.1591 1677.6 -1.380 1.428 h131007_0145
6573.249919 1.004719 0.002979 1.1593 1706.5 -1.459 -0.068 h131007_0146
6573.250181 1.003778 0.002973 1.1593 1691.9 -1.790 0.523 h131007_0147
6573.250442 1.006338 0.003009 1.1595 1666.6 1.334 -0.177 h131007_0148
6573.250706 1.009807 0.002979 1.1596 1627.5 1.984 0.103 h131007_0149
6573.250970 0.998799 0.002929 1.1597 1602.8 -0.720 -0.467 h131007_0150
6573.251241 1.002288 0.002944 1.1598 1593.2 -1.642 -0.029 h131007_0151
6573.251507 1.004169 0.002957 1.1599 1593.2 -1.841 0.020 h131007_0152
6573.251795 1.004980 0.002954 1.1600 1597.9 2.122 -0.319 h131007_0153
6573.252057 1.011459 0.002986 1.1601 1617.0 -2.505 0.572 h131007_0154
6573.252329 1.004698 0.002986 1.1603 1655.5 1.521 0.523 h131007_0155
6573.252616 1.002078 0.002966 1.1604 1694.0 1.527 -0.061 h131007_0156
6573.252895 1.002296 0.002972 1.1605 1711.5 1.393 -1.118 h131007_0157
6573.253165 1.002356 0.003002 1.1607 1726.3 0.479 1.656 h131007_0158
6573.253427 1.006284 0.003030 1.1608 1726.2 0.046 -0.429 h131007_0159
6573.253688 1.006726 0.003000 1.1609 1709.6 0.788 -0.975 h131007_0160
6573.253949 1.007428 0.002997 1.1611 1691.7 0.351 0.424 h131007_0161
6573.254210 1.004207 0.003019 1.1612 1675.7 -1.787 1.174 h131007_0162
6573.254471 1.008479 0.003036 1.1614 1667.6 4.212 0.215 h131007_0163
6573.254741 1.005006 0.003029 1.1615 1654.6 -0.642 0.298 h131007_0164
6573.255001 1.005766 0.002973 1.1617 1653.5 1.109 -0.606 h131007_0165
6573.255283 1.005272 0.002972 1.1618 1667.6 -0.213 0.137 h131007_0166
6573.255803 1.002908 0.002979 1.1622 1711.6 0.072 -0.043 h131007_0168
6573.256064 1.007523 0.003000 1.1623 1732.6 0.123 -0.134 h131007_0169
6573.256325 1.003886 0.002993 1.1625 1746.3 0.375 0.043 h131007_0170
6573.256586 1.004989 0.002994 1.1627 1758.4 -0.162 -0.220 h131007_0171
6573.256847 1.005332 0.002997 1.1628 1763.2 -0.216 0.082 h131007_0172
6573.257108 1.004491 0.003000 1.1630 1763.9 -0.269 0.057 h131007_0173
6573.257368 1.006492 0.003036 1.1632 1769.0 -0.397 0.305 h131007_0174
6573.257629 1.002857 0.003052 1.1634 1774.2 -2.165 2.482 h131007_0175
6573.257891 1.004581 0.003030 1.1636 1763.4 2.137 -2.008 h131007_0176
6573.258154 1.005675 0.003037 1.1638 1745.1 -1.336 1.244 h131007_0177
6573.258432 1.002420 0.002993 1.1640 1735.4 -2.046 -2.967 h131007_0178
6573.258704 1.008491 0.003007 1.1642 1738.5 2.306 0.326 h131007_0179
6573.258976 1.004747 0.003012 1.1644 1753.7 -1.651 0.807 h131007_0180
6573.259248 1.004974 0.003002 1.1646 1763.6 -1.632 -1.558 h131007_0181
6573.259510 1.002653 0.002997 1.1648 1764.2 -1.571 0.696 h131007_0182
6573.259793 1.003996 0.003012 1.1650 1770.1 -1.100 -1.154 h131007_0183
6573.260057 1.002266 0.002997 1.1652 1793.3 -1.029 0.313 h131007_0184
6573.260346 0.998090 0.002987 1.1655 1807.4 -0.643 -1.730 h131007_0185
6573.260608 1.001342 0.003004 1.1657 1805.4 -0.400 0.766 h131007_0186
6573.260871 1.006075 0.003026 1.1659 1821.0 -0.675 0.245 h131007_0187
6573.261131 1.005774 0.003019 1.1662 1811.4 -1.092 -0.150 h131007_0188
6573.261393 1.006738 0.003012 1.1664 1782.1 -0.723 0.553 h131007_0189
6573.261657 1.004807 0.002994 1.1666 1738.7 -0.664 -1.060 h131007_0190
6573.261919 1.004055 0.002993 1.1668 1703.9 -1.709 0.441 h131007_0191
6573.262183 1.003401 0.002979 1.1671 1680.7 -1.000 -0.841 h131007_0192
6573.262445 1.004780 0.002983 1.1673 1693.7 -0.631 -0.396 h131007_0193
6573.262703 1.005017 0.002993 1.1676 1715.9 -0.897 0.718 h131007_0194
6573.262966 1.003112 0.002990 1.1678 1726.8 -0.350 -1.135 h131007_0195
6573.263227 1.004903 0.003004 1.1681 1733.8 -0.171 -0.047 h131007_0196
6573.263488 1.007305 0.003007 1.1683 1742.0 0.025 -0.100 h131007_0197
6573.263748 1.002545 0.003000 1.1686 1750.5 0.136 -0.083 h131007_0198
6573.264009 1.002452 0.003014 1.1689 1757.4 -0.332 -1.293 h131007_0199
6573.264271 1.006916 0.003023 1.1691 1775.5 -0.579 0.189 h131007_0200
6573.264532 1.004724 0.003019 1.1694 1781.8 -0.196 -0.312 h131007_0201
6573.264791 1.006852 0.003016 1.1697 1765.3 -0.147 -0.397 h131007_0202
6573.265051 1.005515 0.003007 1.1699 1751.3 0.219 -0.211 h131007_0203
6573.265312 1.001992 0.002990 1.1702 1738.1 -0.010 -0.467 h131007_0204
6573.265574 1.004454 0.002994 1.1705 1724.3 0.245 -0.317 h131007_0205
6573.265835 1.005168 0.003002 1.1708 1734.2 0.009 -0.294 h131007_0206
6573.266098 1.002235 0.002990 1.1711 1741.9 -0.216 -0.658 h131007_0207
6573.266358 1.006643 0.003009 1.1713 1725.3 1.040 -1.065 h131007_0208
6573.266621 1.007034 0.003004 1.1717 1703.0 1.069 -0.357 h131007_0209
6573.266882 1.002005 0.002983 1.1720 1681.8 0.383 -0.326 h131007_0210
6573.267144 1.008165 0.002994 1.1723 1677.0 0.616 -0.170 h131007_0211
6573.267405 1.003488 0.002976 1.1725 1647.2 1.149 -0.593 h131007_0212
6573.267675 1.005354 0.002983 1.1729 1636.7 0.795 0.163 h131007_0213
6573.267941 1.001022 0.002972 1.1732 1661.0 1.842 -1.456 h131007_0214
6573.268203 1.003195 0.002972 1.1735 1664.8 -2.294 0.121 h131007_0215
6573.268473 1.001415 0.002976 1.1738 1652.5 1.517 0.256 h131007_0216
6573.268743 1.005305 0.002987 1.1742 1648.0 1.652 -0.829 h131007_0217
6573.269013 1.007983 0.003000 1.1745 1658.8 -1.483 -0.205 h131007_0218
6573.269276 1.005308 0.002994 1.1748 1674.2 -1.158 0.205 h131007_0219
6573.269540 1.000828 0.002973 1.1751 1658.1 -0.461 -0.902 h131007_0220
6573.269804 1.005499 0.003007 1.1755 1663.5 -1.316 0.573 h131007_0221
6573.270084 1.005209 0.002994 1.1759 1647.0 -0.475 -0.086 h131007_0222
6573.270344 1.003931 0.005134 1.1762 1635.1 -1.113 -0.815 h131007_0223
6573.270608 1.001298 0.002969 1.1765 1632.1 -0.350 -0.094 h131007_0224
6573.270868 1.000080 0.002964 1.1769 1624.5 -0.548 -0.456 h131007_0225
6573.271131 1.006947 0.002987 1.1772 1615.9 0.013 -0.078 h131007_0226
6573.271392 1.002649 0.002973 1.1776 1612.5 -0.064 -0.140 h131007_0227
6573.271652 1.002462 0.002976 1.1780 1610.6 0.030 -0.090 h131007_0228
6573.271911 0.999462 0.002962 1.1783 1602.0 0.922 -0.646 h131007_0229
6573.272181 0.999659 0.002969 1.1787 1620.4 0.729 -0.211 h131007_0230
6573.272444 1.001661 0.002980 1.1790 1634.5 0.710 -0.812 h131007_0231
6573.272706 1.004301 0.003004 1.1794 1646.8 0.713 1.002 h131007_0232
6573.272970 1.002061 0.002994 1.1798 1653.9 1.006 -0.523 h131007_0233
6573.273232 1.002250 0.002993 1.1802 1652.7 1.197 -0.537 h131007_0234
6573.273495 1.007718 0.003000 1.1806 1634.4 0.495 0.525 h131007_0235
6573.273756 1.006039 0.002987 1.1809 1608.9 1.720 -0.448 h131007_0236
6573.274027 1.003678 0.002979 1.1813 1582.9 -1.731 0.127 h131007_0237
6573.274291 1.004232 0.002969 1.1817 1555.6 1.719 0.018 h131007_0238
6573.274554 1.002589 0.002959 1.1821 1541.3 -0.546 -0.580 h131007_0239
6573.274817 1.003280 0.002959 1.1825 1537.2 -0.582 -0.416 h131007_0240
6573.275079 1.005263 0.002969 1.1829 1537.7 -1.134 0.811 h131007_0241
6573.275342 1.001421 0.002959 1.1833 1545.5 -1.571 -0.296 h131007_0242
6573.275604 1.002754 0.002964 1.1838 1552.6 -1.180 -0.348 h131007_0243
6573.275876 1.003016 0.002966 1.1842 1559.6 -0.655 -0.156 h131007_0244
6573.276136 1.005371 0.002980 1.1846 1566.1 -0.803 0.054 h131007_0245
6573.276398 1.000485 0.002966 1.1850 1568.2 -1.794 -0.030 h131007_0246
6573.276661 1.006974 0.002980 1.1854 1558.6 2.878 -0.093 h131007_0247
6573.276931 1.000000 0.002952 1.1859 1537.0 -0.143 -0.209 h131007_0248
6573.277192 1.004118 0.002966 1.1863 1531.6 0.324 -0.066 h131007_0249
6573.277452 1.002600 0.002954 1.1867 1520.4 0.306 -0.358 h131007_0250
6573.277975 1.005909 0.002962 1.1876 1485.2 -0.352 1.012 h131007_0252
6573.278238 1.003168 0.002947 1.1881 1472.9 -0.130 -0.493 h131007_0253
6573.278498 1.000926 0.002940 1.1885 1458.9 0.519 -0.577 h131007_0254
6573.278763 1.001780 0.002943 1.1890 1453.8 0.596 -0.413 h131007_0255
6573.279026 1.002951 0.002943 1.1894 1455.6 0.034 0.395 h131007_0256
6573.279289 1.002689 0.002952 1.1899 1468.3 0.673 0.064 h131007_0257
6573.279550 1.002354 0.002952 1.1903 1481.4 0.671 -0.517 h131007_0258
6573.279813 1.005252 0.002966 1.1908 1490.7 0.516 -0.003 h131007_0259
6573.280073 1.002520 0.002962 1.1913 1496.3 0.974 0.076 h131007_0260
6573.280344 1.006098 0.002973 1.1918 1501.9 1.281 -0.398 h131007_0261
6573.280612 1.002157 0.002964 1.1922 1503.6 0.827 0.002 h131007_0262
6573.280876 1.001559 0.002957 1.1927 1494.4 0.904 -0.156 h131007_0263
6573.281137 1.003751 0.002964 1.1932 1476.2 1.277 0.306 h131007_0264
6573.281399 0.998797 0.002944 1.1937 1440.4 1.496 -0.196 h131007_0265
6573.281663 1.003861 0.002943 1.1942 1399.8 1.523 -0.051 h131007_0266
6573.281925 1.002227 0.002940 1.1947 1380.6 2.132 -0.385 h131007_0267
6573.282189 1.001133 0.002930 1.1952 1366.9 -1.202 -0.343 h131007_0268
6573.282451 1.000678 0.002929 1.1957 1352.9 -1.609 -0.061 h131007_0269
6573.282715 0.998547 0.002916 1.1962 1347.1 -1.677 0.879 h131007_0270
6573.282987 0.997775 0.002916 1.1967 1350.9 -1.516 0.157 h131007_0271
6573.283248 1.000366 0.002933 1.1972 1367.9 -1.680 0.383 h131007_0272
6573.283510 0.997929 0.002929 1.1977 1395.3 -1.508 -0.689 h131007_0273
6573.283789 0.999483 0.002957 1.1983 1417.7 -2.140 0.680 h131007_0274
6573.284053 1.001257 0.002983 1.1988 1447.9 1.094 1.105 h131007_0275
6573.284315 0.998842 0.002969 1.1993 1470.1 1.669 -1.494 h131007_0276
6573.284587 0.997588 0.002972 1.1999 1472.5 -1.402 -0.852 h131007_0277
6573.284850 0.993888 0.002964 1.2004 1469.2 -1.647 0.175 h131007_0278
6573.285114 0.995588 0.002950 1.2010 1451.7 -0.838 -0.285 h131007_0279
6573.285377 0.992176 0.002947 1.2015 1440.9 -1.202 -0.415 h131007_0280
6573.285637 0.998877 0.002972 1.2021 1423.3 -1.979 1.086 h131007_0281
6573.285901 0.992938 0.002944 1.2026 1411.0 1.974 0.165 h131007_0282
6573.286165 0.994279 0.002954 1.2032 1405.9 -0.618 -0.659 h131007_0283
6573.286428 0.995576 0.002962 1.2037 1404.1 -1.292 0.890 h131007_0284
6573.286691 0.993771 0.002954 1.2043 1414.2 -1.370 -0.697 h131007_0285
6573.286952 0.989190 0.002937 1.2048 1422.3 -0.555 -1.061 h131007_0286
6573.287216 0.991846 0.002943 1.2054 1417.5 -1.134 -0.116 h131007_0287
6573.287479 0.990927 0.002937 1.2060 1415.3 -1.402 -0.551 h131007_0288
6573.287740 0.989394 0.002943 1.2066 1418.6 -0.496 -0.694 h131007_0289
6573.288003 0.990216 0.002940 1.2071 1411.5 -0.687 0.560 h131007_0290
6573.288266 0.987815 0.002936 1.2077 1410.9 -0.414 -0.208 h131007_0291
6573.288526 0.986267 0.002940 1.2083 1409.9 -0.996 -0.287 h131007_0292
6573.288788 0.985867 0.002933 1.2089 1401.4 -1.437 0.399 h131007_0293
6573.289050 0.983635 0.002929 1.2095 1411.0 -1.309 -0.556 h131007_0294
6573.289312 0.987957 0.002947 1.2101 1407.8 -0.597 -0.586 h131007_0295
6573.289576 0.986546 0.002947 1.2107 1399.5 -0.530 1.173 h131007_0296
6573.289838 0.982222 0.002933 1.2113 1405.5 -1.369 1.025 h131007_0297
6573.290100 0.982418 0.002936 1.2119 1418.3 -0.653 -1.698 h131007_0298
6573.290364 0.986143 0.002947 1.2125 1406.8 -1.225 -0.510 h131007_0299
6573.290628 0.978365 0.002926 1.2132 1421.0 -1.274 -0.105 h131007_0300
6573.290891 0.981293 0.002937 1.2138 1415.3 -0.928 -0.091 h131007_0301
6573.291152 0.983398 0.002943 1.2144 1410.9 -1.123 -0.552 h131007_0302
6573.291414 0.979750 0.002929 1.2150 1406.8 -0.489 0.139 h131007_0303
6573.291677 0.981332 0.002937 1.2157 1406.4 -0.744 -0.492 h131007_0304
6573.291937 0.974398 0.002907 1.2163 1374.6 -0.879 -0.416 h131007_0305
6573.292201 0.975955 0.002919 1.2169 1369.7 -0.475 -0.271 h131007_0306
6573.292463 0.975932 0.002914 1.2176 1362.8 -0.463 0.569 h131007_0307
6573.292723 0.975785 0.002907 1.2182 1339.2 -1.030 0.049 h131007_0308
6573.292985 0.975472 0.002903 1.2189 1325.8 -1.131 -0.591 h131007_0309
6573.294436 0.975779 0.002929 1.2226 1343.6 -0.953 0.385 h131007_0311
6573.294697 0.973638 0.002929 1.2232 1362.4 -1.621 0.012 h131007_0312
6573.294961 0.974072 0.002940 1.2239 1381.2 -0.570 0.102 h131007_0313
6573.295221 0.975242 0.002947 1.2246 1383.9 -1.151 -0.996 h131007_0314
6573.295483 0.975001 0.002952 1.2253 1368.2 -0.071 -0.514 h131007_0315
6573.295744 0.973674 0.002929 1.2260 1352.4 -0.587 -1.186 h131007_0316
6573.296009 0.975635 0.002936 1.2267 1346.5 0.055 0.062 h131007_0317
6573.296272 0.972086 0.002922 1.2274 1343.2 0.232 -0.049 h131007_0318
6573.296532 0.974369 0.002940 1.2281 1340.4 -0.593 -0.050 h131007_0319
6573.296793 0.972871 0.002940 1.2288 1324.3 -1.005 -0.438 h131007_0320
6573.298024 0.970698 0.002937 1.2322 1236.7 -0.020 0.827 h131007_0321
6573.298288 0.974052 0.002916 1.2329 1239.0 -0.068 -1.497 h131007_0322
6573.298552 0.976278 0.002944 1.2337 1257.2 -0.035 0.468 h131007_0323
6573.298812 0.974685 0.002952 1.2344 1291.0 0.813 -2.467 h131007_0324
6573.299077 0.975004 0.002959 1.2352 1314.6 0.520 1.686 h131007_0325
6573.299340 0.973150 0.002954 1.2359 1345.4 0.275 -0.188 h131007_0326
6573.299600 0.971362 0.002954 1.2367 1363.8 -0.634 0.226 h131007_0327
6573.299861 0.972958 0.002957 1.2374 1372.6 -0.814 -0.121 h131007_0328
6573.300122 0.970143 0.002957 1.2382 1366.6 0.186 -1.143 h131007_0329
6573.300386 0.972953 0.002969 1.2390 1366.3 0.304 0.000 h131007_0330
6573.300647 0.973290 0.002962 1.2397 1351.2 0.368 -0.193 h131007_0331
6573.300907 0.975032 0.002972 1.2405 1336.0 -0.168 -0.987 h131007_0332
6573.301171 0.973553 0.002969 1.2413 1315.1 -0.697 1.441 h131007_0333
6573.301434 0.968513 0.002947 1.2421 1281.6 -0.589 0.477 h131007_0334
6573.301694 0.974304 0.002943 1.2429 1266.5 -0.532 -0.069 h131007_0335
6573.301955 0.973455 0.002930 1.2436 1261.6 -0.130 -0.893 h131007_0336
6573.302216 0.973848 0.002944 1.2444 1261.7 -0.082 -0.081 h131007_0337
6573.302477 0.970475 0.002944 1.2452 1273.8 0.158 -0.208 h131007_0338
6573.302737 0.970719 0.002937 1.2460 1286.8 0.136 0.577 h131007_0339
6573.302997 0.972004 0.002947 1.2468 1294.6 0.325 -0.497 h131007_0340
6573.303258 0.971712 0.002947 1.2476 1305.1 -1.641 0.913 h131007_0341
6573.303521 0.967979 0.002943 1.2485 1319.7 2.571 -1.264 h131007_0342
6573.303790 0.972142 0.002954 1.2493 1316.6 -0.359 -0.829 h131007_0343
6573.304054 0.970558 0.003069 1.2502 1319.3 -0.113 -0.128 h131007_0344
6573.304315 0.971260 0.002957 1.2510 1296.4 -1.064 1.139 h131007_0345
6573.304578 0.970903 0.002947 1.2518 1276.1 -0.850 -0.721 h131007_0346
6573.304842 0.971787 0.002940 1.2527 1254.0 -0.735 0.072 h131007_0347
6573.305103 0.969001 0.002926 1.2535 1230.9 -0.315 -0.263 h131007_0348
6573.305363 0.969132 0.002926 1.2544 1214.5 -1.133 -0.144 h131007_0349
6573.305626 0.972961 0.002937 1.2552 1197.0 -1.163 -0.131 h131007_0350
6573.305905 0.971407 0.002943 1.2561 1169.5 -1.484 -0.365 h131007_0351
6573.306184 0.972193 0.002922 1.2570 1140.6 -0.703 0.688 h131007_0352
6573.306445 0.972282 0.002940 1.2579 1130.8 -1.512 0.132 h131007_0353
6573.306709 0.965366 0.002896 1.2588 1117.1 -0.935 -1.281 h131007_0354
6573.306972 0.971722 0.002923 1.2597 1116.0 -1.200 0.627 h131007_0355
6573.307235 0.971199 0.002922 1.2606 1118.5 -0.615 0.226 h131007_0356
6573.307495 0.973730 0.002937 1.2614 1129.7 -1.488 0.983 h131007_0357
6573.307761 0.970403 0.002933 1.2623 1146.8 -0.855 -0.305 h131007_0358
6573.308022 0.970698 0.002937 1.2632 1156.9 -1.169 0.364 h131007_0359
6573.308285 0.971014 0.002952 1.2641 1169.0 -1.352 -0.288 h131007_0360
6573.308547 0.968220 0.002933 1.2650 1158.8 -1.164 -0.143 h131007_0361
6573.308810 0.969604 0.002929 1.2660 1140.6 -1.168 0.145 h131007_0362
6573.309074 0.970149 0.002923 1.2669 1108.3 -1.825 -0.144 h131007_0363
6573.309336 0.974074 0.002929 1.2678 1078.4 1.857 0.345 h131007_0364
6573.309598 0.970025 0.002910 1.2687 1049.6 -1.330 0.466 h131007_0365
6573.309861 0.966297 0.002890 1.2696 1022.1 -1.772 0.538 h131007_0366
6573.310124 0.968876 0.002893 1.2706 1001.8 2.099 -0.818 h131007_0367
6573.310823 0.971949 0.002914 1.2731 1010.8 1.981 -1.057 h131007_0368
6573.311095 0.969615 0.002907 1.2741 1008.1 -1.919 0.510 h131007_0369
6573.311492 0.969484 0.002923 1.2755 1028.0 -1.612 0.678 h131007_0370
6573.311757 0.969249 0.002926 1.2765 1029.0 -1.980 -0.056 h131007_0371
6573.312023 0.970560 0.002929 1.2775 1026.0 1.422 0.091 h131007_0372
6573.312286 0.969325 0.002929 1.2785 1022.1 1.844 -0.156 h131007_0373
6573.312884 0.974373 0.002943 1.2807 1007.5 1.462 0.646 h131007_0375
6573.313149 0.971223 0.002929 1.2817 993.9 1.831 0.364 h131007_0376
6573.313673 0.966784 0.002914 1.2837 964.6 1.648 0.383 h131007_0378
6573.313935 0.972672 0.002930 1.2847 958.1 1.334 0.459 h131007_0379
6573.314197 0.969126 0.002919 1.2857 949.1 1.902 -0.887 h131007_0380
6573.314505 0.970202 0.002919 1.2869 937.6 1.011 -0.505 h131007_0381
6573.314770 0.972500 0.002929 1.2879 925.5 1.288 0.612 h131007_0382
6573.315033 0.967991 0.002914 1.2890 920.2 1.851 -0.356 h131007_0383
6573.315300 0.973011 0.002929 1.2900 912.3 -1.939 0.087 h131007_0384
6573.315564 0.972555 0.002930 1.2911 913.8 1.598 0.372 h131007_0385
6573.315827 0.970691 0.002926 1.2921 912.9 1.308 -0.493 h131007_0386
6573.316091 0.969136 0.002923 1.2932 904.3 1.240 0.360 h131007_0387
6573.316355 0.970486 0.002929 1.2942 899.3 1.054 -0.095 h131007_0388
6573.316619 0.974593 0.002940 1.2953 890.1 0.613 0.217 h131007_0389
6573.316881 0.974499 0.002943 1.2963 881.4 1.686 0.264 h131007_0390
6573.317146 0.974567 0.002943 1.2974 867.2 -1.548 0.566 h131007_0391
6573.317410 0.972733 0.002930 1.2985 852.6 -1.830 -0.532 h131007_0392
6573.317673 0.972570 0.002936 1.2996 866.5 1.973 -0.209 h131007_0393
6573.318626 0.974126 0.002957 1.3035 894.9 2.070 0.225 h131007_0394
6573.319873 0.972849 0.002943 1.3088 813.1 2.197 -0.615 h131007_0395
6573.320135 0.975742 0.002954 1.3100 796.7 -0.816 0.558 h131007_0396
6573.320396 0.968384 0.002930 1.3111 772.7 -1.704 1.229 h131007_0397
6573.321172 0.971013 0.002940 1.3145 768.2 -0.852 -0.474 h131007_0398
6573.321439 0.969966 0.002950 1.3156 796.1 -0.660 0.078 h131007_0399
6573.321698 0.972429 0.002969 1.3168 821.0 -0.580 -0.145 h131007_0400
6573.321958 0.975146 0.002990 1.3180 853.5 -0.713 -0.247 h131007_0401
6573.322219 0.970933 0.002983 1.3191 883.2 -0.861 -0.608 h131007_0402
6573.322483 0.972700 0.003004 1.3203 918.1 -2.051 1.455 h131007_0403
6573.322747 0.973160 0.003012 1.3215 942.6 1.650 -0.332 h131007_0404
6573.323019 0.973717 0.003023 1.3227 944.5 -1.379 0.350 h131007_0405
6573.323300 0.975297 0.003043 1.3240 950.6 -1.775 0.316 h131007_0406
6573.323563 0.969770 0.003019 1.3252 950.7 -1.090 -0.409 h131007_0407
6573.324095 0.965953 0.003004 1.3277 933.9 -1.088 -1.454 h131007_0408
6573.324623 0.968744 0.003040 1.3301 1003.2 -1.240 -0.460 h131007_0409
6573.324887 0.971859 0.003054 1.3314 1006.8 -0.941 -0.741 h131007_0410
6573.325148 0.972965 0.003062 1.3326 1007.0 -1.192 0.780 h131007_0411
6573.325411 0.976226 0.003072 1.3338 986.9 -1.161 0.275 h131007_0412
6573.325674 0.968146 0.003040 1.3351 953.1 -0.952 0.030 h131007_0413
6573.325938 0.972670 0.003043 1.3363 899.9 -1.080 -0.764 h131007_0414
6573.326199 0.969842 0.003026 1.3376 869.6 -1.455 0.038 h131007_0415
6573.326464 0.971161 0.003033 1.3389 858.3 -1.198 -0.115 h131007_0416
6573.326726 0.968109 0.003022 1.3401 858.8 -1.578 -0.278 h131007_0417
6573.326991 0.977030 0.003050 1.3414 858.2 -1.192 0.148 h131007_0418
6573.327252 0.978780 0.003065 1.3427 862.8 -1.677 0.576 h131007_0419
6573.327530 0.973654 0.003050 1.3441 862.1 -1.990 0.459 h131007_0420
6573.327792 0.970856 0.003044 1.3454 880.6 1.644 -0.288 h131007_0421
6573.328053 0.971443 0.003059 1.3467 896.2 -1.371 -0.044 h131007_0422
6573.328316 0.976479 0.003090 1.3480 912.2 -1.332 0.853 h131007_0423
6573.328578 0.970558 0.003069 1.3493 922.5 -1.903 -0.516 h131007_0424
6573.328841 0.972322 0.003325 1.3506 924.9 1.585 -0.260 h131007_0425
6573.329103 0.972174 0.003079 1.3519 907.4 1.913 -0.707 h131007_0426
6573.329374 0.969134 0.003066 1.3533 882.2 -1.312 -0.580 h131007_0427
6573.329635 0.979619 0.003099 1.3546 874.0 -1.470 1.336 h131007_0428
6573.329898 0.971959 0.003080 1.3560 871.7 -1.870 -0.232 h131007_0429
6573.330162 0.972744 0.003092 1.3574 887.7 -1.551 0.229 h131007_0430
6573.330424 0.970464 0.003090 1.3587 914.8 -0.823 -0.293 h131007_0431
6573.330685 0.974771 0.003119 1.3601 939.9 -1.135 0.619 h131007_0432
6573.330947 0.973702 0.003120 1.3614 956.9 -1.180 0.451 h131007_0433
6573.331210 0.970944 0.003130 1.3628 966.2 -1.208 -0.953 h131007_0434
6573.331472 0.972243 0.003140 1.3642 957.1 -1.215 0.111 h131007_0435
6573.331735 0.977646 0.003155 1.3656 939.6 -1.596 1.676 h131007_0436
6573.331997 0.973535 0.003130 1.3670 922.9 -1.034 -1.869 h131007_0437
6573.332259 0.972352 0.003123 1.3684 910.3 -0.856 0.640 h131007_0438
6573.332521 0.973687 0.003142 1.3698 919.6 -0.802 0.132 h131007_0439
6573.332783 0.977823 0.003163 1.3712 939.2 -0.790 0.424 h131007_0440
6573.333044 0.971151 0.003152 1.3726 962.3 -1.274 0.518 h131007_0441
6573.333306 0.975974 0.003166 1.3740 973.7 -0.904 -0.458 h131007_0442
6573.333567 0.971162 0.003155 1.3755 973.7 -1.311 0.989 h131007_0443
6573.333830 0.974078 0.003173 1.3769 971.4 -0.830 -1.106 h131007_0444
6573.334093 0.970934 0.003166 1.3784 955.4 -0.403 0.426 h131007_0445
6573.334353 0.973790 0.003180 1.3798 960.0 -1.018 1.079 h131007_0446
6573.334617 0.972641 0.003176 1.3813 966.1 -0.877 -0.471 h131007_0447
6573.335140 0.977308 0.003206 1.3842 1002.3 0.085 -0.299 h131007_0449
6573.335399 0.969225 0.003180 1.3857 1017.0 0.180 -0.442 h131007_0450
6573.335662 0.976139 0.003202 1.3872 975.1 -0.420 -0.122 h131007_0451
6573.335926 0.973715 0.003185 1.3887 936.3 -0.258 -0.370 h131007_0452
6573.336209 0.974623 0.003183 1.3903 897.6 -0.527 -0.415 h131007_0453
6573.336470 0.973483 0.003173 1.3918 874.2 -0.164 -1.381 h131007_0454
6573.336732 0.973831 0.003180 1.3933 856.7 0.276 0.903 h131007_0455
6573.336996 0.974615 0.003187 1.3949 857.5 -0.424 0.416 h131007_0456
6573.337256 0.972356 0.003187 1.3964 868.3 0.967 -1.240 h131007_0457
6573.337527 0.975859 0.003202 1.3980 882.4 0.836 0.907 h131007_0458
6573.337796 0.973261 0.003206 1.3996 900.5 0.831 -0.131 h131007_0459
6573.338060 0.977746 0.003230 1.4011 929.3 0.298 0.008 h131007_0460
6573.338330 0.971019 0.003219 1.4027 954.0 -0.063 -0.886 h131007_0461
6573.338602 0.970766 0.003235 1.4044 973.6 0.329 0.797 h131007_0462
6573.338864 0.971366 0.003238 1.4059 985.0 0.000 0.374 h131007_0463
6573.339123 0.974670 0.003259 1.4075 997.7 0.513 -0.522 h131007_0464
6573.339384 0.974123 0.003262 1.4091 1005.4 0.511 0.752 h131007_0465
6573.339647 0.977457 0.003288 1.4107 991.8 0.717 1.015 h131007_0466
6573.339910 0.973156 0.003262 1.4123 979.7 1.056 -1.893 h131007_0467
6573.340174 0.974460 0.003262 1.4139 960.9 1.428 -0.621 h131007_0468
6573.340437 0.974115 0.003262 1.4155 948.0 1.061 1.864 h131007_0469
6573.340700 0.972550 0.003256 1.4172 947.0 0.597 -0.509 h131007_0470
6573.340962 0.972169 0.003268 1.4188 953.0 1.047 0.223 h131007_0471
6573.341224 0.973154 0.003275 1.4204 953.2 0.793 0.308 h131007_0472
6573.341486 0.972792 0.003280 1.4221 961.5 1.034 0.188 h131007_0473
6573.341748 0.974603 0.003296 1.4237 965.0 0.766 -0.119 h131007_0474
6573.342010 0.971989 0.003288 1.4254 962.0 1.320 -0.665 h131007_0475
6573.342532 0.973196 0.003306 1.4287 1006.1 1.112 0.471 h131007_0477
6573.342795 0.975228 0.003332 1.4304 1029.2 1.160 -0.302 h131007_0478
6573.343059 0.972322 0.003325 1.4321 1033.9 0.508 0.229 h131007_0479
6573.343329 0.971801 0.003323 1.4339 1028.3 1.144 -0.222 h131007_0480
6573.343594 0.975899 0.003339 1.4356 1011.5 1.500 -0.395 h131007_0481
6573.343858 0.975428 0.003339 1.4373 999.8 -1.706 0.633 h131007_0482
6573.344122 0.970870 0.003323 1.4391 987.3 -1.823 -0.113 h131007_0483
6573.344383 0.976439 0.003345 1.4408 968.5 1.514 -0.005 h131007_0484
6573.344653 0.972620 0.003330 1.4426 963.2 -2.628 -0.072 h131007_0485
6573.344916 0.971330 0.003328 1.4444 953.6 0.876 -0.287 h131007_0486
6573.345188 0.971141 0.003332 1.4462 935.6 0.850 0.569 h131007_0487
6573.345451 0.975145 0.003349 1.4480 925.8 0.393 0.751 h131007_0488
6573.345712 0.973863 0.003349 1.4497 929.5 1.744 -0.030 h131007_0489
6573.345975 0.972232 0.003342 1.4515 924.6 -2.062 -0.965 h131007_0490
6573.346236 0.971680 0.003345 1.4533 911.1 2.243 -0.038 h131007_0491
6573.346499 0.972593 0.003352 1.4551 911.2 -1.186 -0.533 h131007_0492
6573.346761 0.975281 0.003366 1.4569 923.3 -1.736 0.058 h131007_0493
6573.347039 0.974915 0.003381 1.4588 941.7 -1.646 0.552 h131007_0494
6573.347302 0.974062 0.003381 1.4607 943.7 -2.517 0.278 h131007_0495
6573.347564 0.974247 0.003381 1.4625 914.0 1.566 -0.870 h131007_0496
6573.348088 0.972085 0.003375 1.4662 900.2 1.393 0.361 h131007_0498
6573.348350 0.973799 0.003389 1.4681 898.6 1.100 -0.671 h131007_0499
6573.348611 0.978752 0.003423 1.4699 916.7 2.607 0.565 h131007_0500
6573.348874 0.974663 0.003413 1.4718 932.2 -1.286 -0.296 h131007_0501
6573.349142 0.974524 0.003428 1.4737 966.9 -0.788 -0.589 h131007_0502
6573.349404 0.974292 0.003438 1.4756 1000.5 -2.162 0.546 h131007_0503
6573.349670 0.977462 0.003471 1.4776 1039.9 1.182 0.296 h131007_0504
6573.349933 0.976379 0.003479 1.4795 1081.3 1.731 -0.483 h131007_0505
6573.350197 0.971998 0.003471 1.4814 1099.5 -1.837 0.180 h131007_0506
6573.350461 0.976499 0.003494 1.4834 1108.4 1.410 0.339 h131007_0507
6573.350725 0.975590 0.003499 1.4853 1106.8 1.564 -0.120 h131007_0508
6573.351025 0.976125 0.003499 1.4875 1078.2 -2.255 1.213 h131007_0509
6573.351286 0.974739 0.003499 1.4895 1054.5 1.001 -0.306 h131007_0510
6573.351556 0.979276 0.003506 1.4915 1024.9 1.795 -1.540 h131007_0511
6573.351827 0.976908 0.003499 1.4936 1015.8 -2.114 0.816 h131007_0512
6573.352096 0.976890 0.003504 1.4956 1010.1 1.268 0.766 h131007_0513
6573.352359 0.978111 0.003508 1.4976 989.9 1.698 -0.153 h131007_0514
6573.352621 0.975144 0.003501 1.4996 978.7 -2.243 -0.043 h131007_0515
6573.352885 0.978296 0.003522 1.5017 990.6 0.709 0.381 h131007_0516
6573.353154 0.973844 0.003521 1.5037 1023.8 0.825 0.301 h131007_0517
6573.353416 0.975425 0.003542 1.5058 1043.6 1.301 0.962 h131007_0518
6573.353680 0.974238 0.003542 1.5078 1036.4 0.676 -0.498 h131007_0519
6573.353944 0.977035 0.003551 1.5099 994.0 1.632 -0.137 h131007_0520
6573.354216 0.975141 0.003532 1.5120 949.8 -2.622 -0.349 h131007_0521
6573.354480 0.978492 0.003554 1.5141 947.3 1.741 -0.177 h131007_0522
6573.354744 0.978060 0.003554 1.5162 944.8 -1.820 0.628 h131007_0523
6573.355007 0.977442 0.003556 1.5183 928.4 0.715 0.289 h131007_0524
6573.355269 0.980043 0.003565 1.5204 911.7 0.808 0.700 h131007_0525
6573.355531 0.974979 0.003554 1.5225 902.8 0.858 0.028 h131007_0526
6573.355792 0.976424 0.003561 1.5246 884.9 0.947 -0.205 h131007_0527
6573.356056 0.978215 0.003571 1.5268 879.6 1.283 0.227 h131007_0528
6573.356319 0.980629 0.003586 1.5289 873.6 0.975 -0.078 h131007_0529
6573.356583 0.980613 0.003601 1.5311 870.1 0.289 0.628 h131007_0530
6573.356847 0.983894 0.003615 1.5333 867.1 0.551 0.645 h131007_0531
6573.357108 0.980724 0.003606 1.5354 861.2 1.171 0.079 h131007_0532
6573.357371 0.980250 0.003619 1.5376 856.6 1.406 -0.252 h131007_0533
6573.357632 0.983396 0.003626 1.5398 836.0 1.095 -0.077 h131007_0534
6573.357895 0.983033 0.003619 1.5420 813.7 1.092 0.615 h131007_0535
6573.358158 0.980626 0.003614 1.5442 811.3 0.786 -0.492 h131007_0536
6573.358419 0.986833 0.003644 1.5465 802.0 1.347 1.031 h131007_0537
6573.358690 0.986169 0.003647 1.5488 806.2 0.383 -1.203 h131007_0538
6573.358954 0.986440 0.003647 1.5510 772.0 0.386 0.104 h131007_0539
6573.359216 0.985516 0.003651 1.5533 759.7 -0.074 0.777 h131007_0540
6573.359476 0.986958 0.003665 1.5555 765.7 0.361 1.103 h131007_0541
6573.359740 0.985421 0.003662 1.5578 769.8 0.883 -1.283 h131007_0542
6573.360010 0.990371 0.003684 1.5602 764.9 0.317 1.132 h131007_0543
6573.360273 0.985576 0.003669 1.5625 747.0 0.536 0.082 h131007_0544
6573.360532 0.989144 0.003687 1.5648 743.9 0.083 0.323 h131007_0545
6573.360794 0.988089 0.003691 1.5671 741.8 -0.169 0.372 h131007_0546
6573.361057 0.986690 0.003691 1.5695 738.8 0.301 -0.649 h131007_0547
6573.361321 0.986046 0.003698 1.5718 754.1 0.334 0.136 h131007_0548
6573.361583 0.991608 0.003729 1.5742 756.3 0.346 0.694 h131007_0549
6573.361843 0.990181 0.003729 1.5765 748.2 0.776 0.349 h131007_0550
6573.362107 0.992811 0.003747 1.5789 740.3 0.237 0.020 h131007_0551
6573.362366 0.992014 0.003748 1.5813 724.7 0.015 -0.074 h131007_0552
6573.362637 0.993280 0.003754 1.5837 711.3 0.010 0.361 h131007_0553
6573.362896 0.993413 0.003762 1.5861 714.4 -0.506 0.580 h131007_0554
6573.363158 0.998239 0.003784 1.5886 698.1 0.060 -0.223 h131007_0555
6573.363421 0.998429 0.003791 1.5910 683.0 0.944 0.059 h131007_0556
6573.363685 0.997183 0.003791 1.5935 684.8 -0.192 0.298 h131007_0557
6573.363944 0.997893 0.003808 1.5959 712.5 0.333 -0.052 h131007_0558
6573.364472 0.995023 0.003820 1.6009 728.8 1.092 -0.192 h131007_0560
6573.364734 0.997917 0.003845 1.6034 747.2 0.496 0.258 h131007_0561
6573.364996 0.998043 0.003855 1.6059 762.5 -0.203 0.154 h131007_0562
6573.365256 0.996737 0.003865 1.6084 796.5 -0.015 -0.518 h131007_0563
6573.365520 0.999494 0.003901 1.6109 815.3 -0.051 1.538 h131007_0564
6573.365783 1.001871 0.003924 1.6135 819.1 0.554 0.053 h131007_0565
6573.366045 1.003181 0.003931 1.6160 809.4 0.831 -0.260 h131007_0566
6573.366314 1.001371 0.003924 1.6187 782.2 0.715 0.876 h131007_0567
6573.366576 0.998096 0.003902 1.6213 758.3 -0.251 0.403 h131007_0568
6573.366836 1.002187 0.003924 1.6238 739.9 -0.064 -0.435 h131007_0569
6573.367097 1.004770 0.003941 1.6264 740.9 -0.375 0.470 h131007_0570
6573.367355 1.004553 0.003955 1.6290 747.0 0.875 -0.219 h131007_0571
6573.367619 1.003903 0.003977 1.6317 768.5 1.571 -0.523 h131007_0572
6573.367891 1.005546 0.003984 1.6344 800.6 0.466 0.778 h131007_0573
6573.368152 1.003054 0.003988 1.6370 830.7 0.832 -0.200 h131007_0574
6573.368415 1.006943 0.004021 1.6397 841.3 -0.142 1.340 h131007_0575
6573.368674 1.004101 0.004017 1.6424 833.5 0.183 0.104 h131007_0576
6573.368936 1.004151 0.004028 1.6451 818.1 1.043 -0.397 h131007_0577
6573.369200 1.010334 0.004057 1.6478 810.7 0.881 0.152 h131007_0578
6573.369464 1.005862 0.004055 1.6505 821.6 0.801 -0.301 h131007_0579
6573.369726 1.008474 0.004084 1.6533 905.5 0.812 0.591 h131007_0580
6573.369989 1.006841 0.004098 1.6560 944.8 0.961 0.307 h131007_0581
6573.370251 1.008704 0.004124 1.6588 946.8 0.055 1.470 h131007_0582
6573.370512 1.006231 0.004120 1.6616 956.9 0.664 -0.055 h131007_0583
6573.370774 1.004589 0.004127 1.6643 966.2 0.863 -0.268 h131007_0584
6573.371037 1.005433 0.005714 1.6672 954.5 0.845 0.207 h131007_0585
6573.371299 1.006213 0.004143 1.6700 940.4 1.105 0.883 h131007_0586
6573.371561 1.005891 0.004148 1.6728 943.7 0.562 -0.729 h131007_0587
6573.371822 1.002501 0.004143 1.6757 934.8 1.284 1.643 h131007_0588
6573.372092 1.001684 0.004148 1.6786 929.3 0.680 -0.642 h131007_0589
6573.372356 1.004111 0.004174 1.6815 931.8 1.094 -0.668 h131007_0590
6573.372618 1.004743 0.004188 1.6844 932.7 1.198 0.726 h131007_0591
6573.372883 1.008931 0.004211 1.6873 931.5 1.267 1.616 h131007_0592
6573.373146 1.005648 0.004214 1.6902 956.5 1.533 -0.616 h131007_0593
6573.373409 1.008589 0.004240 1.6932 988.3 -2.246 0.680 h131007_0594
6573.373672 1.007454 0.004247 1.6961 985.9 1.375 0.246 h131007_0595
6573.373935 1.002494 0.004229 1.6991 974.9 1.179 -0.287 h131007_0596
6573.374196 1.006594 0.004264 1.7021 994.1 0.936 1.382 h131007_0597
6573.374460 1.010277 0.004300 1.7051 1009.6 0.909 -0.525 h131007_0598
6573.374723 1.004147 0.004283 1.7081 1013.6 1.588 0.206 h131007_0599
6573.374985 1.003926 0.004289 1.7111 1019.9 1.533 -1.015 h131007_0600
6573.375249 1.007597 0.004336 1.7142 1026.8 2.107 0.221 h131007_0601
6573.375519 1.008141 0.004340 1.7173 1031.8 -2.095 1.811 h131007_0602
6573.375782 1.008389 0.004364 1.7204 1017.9 1.400 0.206 h131007_0603
6573.376046 1.006930 0.004352 1.7235 1026.0 0.400 0.704 h131007_0604
6573.376306 1.003395 0.004354 1.7266 1069.6 1.491 0.835 h131007_0605
6573.376570 1.007284 0.004394 1.7298 1127.4 1.960 -0.536 h131007_0606
6573.376841 1.012975 0.004440 1.7330 1148.6 -1.194 0.143 h131007_0607
6573.377105 1.005839 0.004409 1.7361 1118.4 -1.302 -0.676 h131007_0608
6573.377421 1.000928 0.004387 1.7400 1093.2 -1.466 1.371 h131007_0609
6573.377684 1.002911 0.004409 1.7432 1063.5 -1.314 0.968 h131007_0610
6573.377946 1.004225 0.004416 1.7464 1026.8 -1.301 -1.212 h131007_0611
6573.378209 1.007601 0.004457 1.7496 1032.0 -1.213 1.380 h131007_0612
6573.378471 1.005159 0.004437 1.7528 997.7 -0.784 -0.087 h131007_0613
6573.378731 1.001771 0.004433 1.7560 987.0 -1.428 -0.706 h131007_0614
6573.378994 1.006264 0.004464 1.7593 984.0 -1.222 0.303 h131007_0615
6573.379257 1.004717 0.004479 1.7626 1014.4 -0.928 1.413 h131007_0616
6573.379536 1.009005 0.004519 1.7661 1035.6 -1.191 0.709 h131007_0617
6573.379798 1.003059 0.004505 1.7694 1049.0 -0.838 0.186 h131007_0618
6573.380060 1.005488 0.004519 1.7728 1042.1 -1.133 -0.385 h131007_0619
6573.380324 1.002323 0.004512 1.7761 1039.4 -1.372 -0.222 h131007_0620
6573.380585 1.001337 0.004523 1.7795 1042.7 -1.461 0.201 h131007_0621
6573.380847 1.007323 0.004569 1.7829 1042.7 -2.038 0.920 h131007_0622
6573.381110 1.003985 0.004580 1.7863 1048.4 2.081 -0.348 h131007_0623
6573.381375 1.007787 0.004592 1.7898 1058.0 -0.651 -0.353 h131007_0624
6573.381637 1.002740 0.004585 1.7932 1068.0 -0.771 -0.171 h131007_0625
6573.381900 1.010927 0.004640 1.7967 1080.1 -0.915 1.717 h131007_0626
6573.382163 1.002910 0.004616 1.8002 1099.3 -0.794 0.111 h131007_0627
6573.382424 1.010905 0.004673 1.8036 1100.9 -0.286 -0.380 h131007_0628
6573.382684 1.008336 0.004676 1.8071 1112.0 -0.890 0.517 h131007_0629
6573.382946 1.003578 0.004673 1.8107 1151.0 -1.109 0.297 h131007_0630
6573.383208 1.010039 0.004720 1.8142 1193.9 -0.465 -0.112 h131007_0631
6573.383468 1.002072 0.004702 1.8178 1228.0 0.195 -1.633 h131007_0632
6573.383730 1.009231 0.004749 1.8213 1242.1 -0.373 2.021 h131007_0633
6573.383993 1.003327 0.004732 1.8250 1231.8 -0.839 0.116 h131007_0634
6573.384255 1.003755 0.004742 1.8286 1205.5 -1.267 0.642 h131007_0635
6573.384517 1.007224 0.004766 1.8322 1167.9 -0.377 0.537 h131007_0636
6573.384777 1.013089 0.004806 1.8359 1146.4 -0.464 -0.636 h131007_0637
6573.385039 1.004218 0.004775 1.8396 1134.2 -0.695 1.078 h131007_0638
6573.385302 1.003279 0.004788 1.8433 1111.0 0.082 0.689 h131007_0639
6573.385562 1.006413 0.004816 1.8470 1095.3 -0.252 2.211 h131007_0640
6573.385825 1.001319 0.004799 1.8507 1105.6 0.311 -1.947 h131007_0641
6573.386095 1.004697 0.004839 1.8546 1131.3 0.212 1.115 h131007_0642
6573.386359 1.013217 0.004906 1.8584 1185.7 0.221 0.103 h131007_0643
6573.386619 1.011915 0.004915 1.8622 1208.5 -0.662 -0.112 h131007_0644
6573.386881 1.012573 0.004939 1.8660 1223.5 -0.633 -0.324 h131007_0645
6573.387143 1.009355 0.004936 1.8699 1212.3 0.563 -0.223 h131007_0646
6573.387406 1.003732 0.004913 1.8737 1207.5 -0.867 2.374 h131007_0647
6573.387668 0.998747 0.004903 1.8776 1211.1 -0.008 -0.440 h131007_0648
6573.387929 0.999117 0.004918 1.8815 1202.5 -0.439 0.158 h131007_0649
6573.388190 1.003849 0.004958 1.8854 1191.3 -0.069 -1.324 h131007_0650
6573.388452 1.006163 0.004978 1.8894 1183.4 0.242 1.128 h131007_0651
6573.388715 1.005434 0.004989 1.8934 1186.3 -0.137 0.402 h131007_0652
6573.388977 0.998882 0.004972 1.8973 1196.2 0.256 0.607 h131007_0653
6573.389237 1.005523 0.005032 1.9013 1215.3 0.874 0.358 h131007_0654
6573.389499 1.013523 0.005094 1.9054 1231.2 0.585 1.238 h131007_0655
6573.389763 1.011259 0.005089 1.9095 1224.8 0.605 -0.357 h131007_0656
6573.390026 1.009779 0.005098 1.9136 1208.6 0.065 0.373 h131007_0657
6573.390290 1.002087 0.005065 1.9177 1193.4 0.425 0.432 h131007_0658
6573.391037 1.003689 0.005115 1.9295 1169.3 0.926 -0.554 h131007_0659
6573.391298 1.003931 0.005134 1.9337 1190.7 0.338 0.872 h131007_0660
6573.391559 1.008657 0.005169 1.9379 1150.8 0.009 0.465 h131007_0661
6573.391819 1.003513 0.005144 1.9421 1082.2 0.084 0.790 h131007_0662
6573.392079 1.009503 0.005184 1.9463 1022.6 0.232 0.365 h131007_0663
6573.392340 1.002208 0.005154 1.9506 979.8 0.822 0.054 h131007_0664
6573.392605 1.003662 0.005172 1.9550 947.3 0.026 0.717 h131007_0665
6573.392866 1.012384 0.005237 1.9593 935.9 0.506 1.249 h131007_0666
6573.393128 1.005916 0.005224 1.9637 972.6 0.758 0.312 h131007_0667
6573.393390 1.004911 0.005245 1.9680 1009.3 1.189 0.069 h131007_0668
6573.393651 0.999440 0.005237 1.9724 1030.3 0.591 0.315 h131007_0669
6573.394176 1.010001 0.005320 1.9813 982.2 1.112 0.910 h131007_0671
6573.394437 1.000958 0.005281 1.9858 944.4 0.666 -1.199 h131007_0672
6573.394700 1.002909 0.005308 1.9903 917.4 1.009 0.580 h131007_0673
6573.394964 1.004468 0.005334 1.9949 905.4 0.245 -1.036 h131007_0674
6573.395228 1.009389 0.005377 1.9995 914.0 0.297 1.827 h131007_0675
6573.395489 1.004862 0.005374 2.0041 931.6 0.406 -0.522 h131007_0676
6573.395751 1.000560 0.005373 2.0087 938.9 0.474 0.776 h131007_0677
6573.396014 1.004749 0.005413 2.0133 940.1 0.849 0.204 h131007_0678
6573.396276 1.009407 0.005453 2.0180 931.9 0.267 0.025 h131007_0679
6573.396541 1.009468 0.005474 2.0228 917.8 1.096 1.628 h131007_0680
6573.396805 1.003099 0.005455 2.0275 912.1 0.832 0.030 h131007_0681
6573.397077 1.002068 0.005471 2.0324 911.6 1.080 -0.172 h131007_0682
6573.397336 1.002274 0.005491 2.0372 918.0 1.184 0.947 h131007_0683
6573.397600 1.001970 0.005513 2.0420 929.4 0.934 -0.643 h131007_0684
6573.397862 0.997560 0.005510 2.0469 923.6 1.165 1.449 h131007_0685
6573.398125 1.008857 0.005588 2.0517 905.9 0.804 -0.128 h131007_0686
6573.398387 1.002049 0.005568 2.0566 894.8 0.940 -0.008 h131007_0687
6573.398648 1.007362 0.005617 2.0615 886.7 0.715 0.934 h131007_0688
6573.398911 1.007909 0.005640 2.0665 884.8 -0.018 -0.266 h131007_0689
6573.399171 1.002335 0.005631 2.0714 884.6 0.849 -0.134 h131007_0690
6573.399437 0.998916 0.005631 2.0765 883.4 0.645 0.563 h131007_0691
6573.399701 1.001206 0.005669 2.0816 890.9 0.659 -0.279 h131007_0692
6573.399965 1.005433 0.005714 2.0867 898.5 0.980 0.149 h131007_0693
6573.400227 1.002999 0.005729 2.0918 908.0 0.646 -0.207 h131007_0694
6573.400490 1.002949 0.005747 2.0969 908.6 1.377 -0.238 h131007_0695
6573.400752 1.001891 0.005761 2.1021 915.0 0.347 0.372 h131007_0696
6573.401013 1.005321 0.005804 2.1073 922.8 1.106 0.864 h131007_0697
6573.401277 1.005736 0.005829 2.1125 932.0 1.594 0.345 h131007_0698
6573.401540 1.010659 0.005886 2.1178 925.4 -2.987 0.192 h131007_0699
6573.401804 1.006152 0.005879 2.1231 930.2 1.104 -0.529 h131007_0700
6573.402067 1.001278 0.005879 2.1285 950.2 1.426 -0.003 h131007_0701
6573.402329 0.999081 0.005893 2.1338 978.6 -1.536 1.315 h131007_0702
6573.402590 1.002481 0.005937 2.1391 987.6 -1.847 0.439 h131007_0703
6573.402854 1.003031 0.005962 2.1446 994.5 -2.411 -0.134 h131007_0704
6573.403117 1.000016 0.005970 2.1501 1009.9 0.940 0.415 h131007_0705
6573.403389 1.004228 0.006023 2.1558 1035.2 0.532 -0.818 h131007_0706
6573.403653 1.008168 0.006070 2.1613 1038.9 0.955 0.561 h131007_0707
6573.403914 1.010853 0.006113 2.1669 1032.4 1.124 0.990 h131007_0708
6573.404177 1.007339 0.006116 2.1725 1040.1 0.800 0.052 h131007_0709
6573.404440 1.003105 0.006120 2.1781 1060.0 1.613 -0.458 h131007_0710
6573.404963 1.009429 0.006221 2.1894 1127.9 1.864 0.969 h131007_0712
6573.405226 1.003270 0.006202 2.1952 1133.0 -2.409 -0.794 h131007_0713
6573.405487 1.013451 0.006293 2.2009 1133.2 1.481 0.579 h131007_0714
6573.405751 1.002989 0.006256 2.2067 1142.2 -1.827 -0.856 h131007_0715
6573.406013 1.008179 0.006318 2.2126 1144.8 -2.270 0.848 h131007_0716
6573.406278 1.011341 0.006361 2.2185 1141.8 1.591 -0.149 h131007_0717
6573.406539 1.006844 0.006361 2.2244 1145.3 -1.943 -0.385 h131007_0718
6573.406802 1.003887 0.006368 2.2304 1142.4 -1.760 0.076 h131007_0719
6573.407064 1.000562 0.006371 2.2363 1129.4 -2.663 1.886 h131007_0720
6573.407328 1.004492 0.006422 2.2424 1120.1 1.408 -0.203 h131007_0721
6573.407590 1.008251 0.006472 2.2485 1135.5 1.220 0.133 h131007_0722
6573.407852 1.006356 0.006494 2.2546 1157.4 1.103 0.428 h131007_0723
6573.408113 1.006864 0.006525 2.2607 1179.2 1.685 -0.204 h131007_0724
6573.408375 1.005962 0.006554 2.2668 1199.2 -1.796 0.414 h131007_0725
6573.408636 1.009071 0.006605 2.2731 1207.5 -1.442 -0.042 h131007_0726
6573.408899 1.004216 0.006601 2.2793 1194.8 -1.142 0.515 h131007_0727
6573.409161 1.012436 0.006680 2.2856 1161.4 -1.415 -0.333 h131007_0728
6573.409424 1.007068 0.006667 2.2920 1124.1 -1.233 0.335 h131007_0729
6573.409688 1.002422 0.006662 2.2984 1081.1 -0.593 -0.580 h131007_0730
6573.409948 1.002721 0.006688 2.3048 1067.5 -1.025 0.385 h131007_0731
6573.410210 1.004209 0.006730 2.3112 1073.9 -1.614 0.160 h131007_0732
6573.410471 1.002769 0.006752 2.3177 1081.7 -1.196 -0.424 h131007_0733
6573.410736 0.999518 0.006762 2.3244 1100.1 -1.661 0.450 h131007_0734
6573.410999 0.997601 0.006784 2.3310 1118.8 -1.786 1.088 h131007_0735
6573.411262 1.003521 0.006855 2.3376 1134.0 -1.879 -0.500 h131007_0736
6573.411523 1.004816 0.006900 2.3443 1155.4 -1.158 0.074 h131007_0737
6573.411785 1.005130 0.006931 2.3510 1162.3 -0.972 -0.104 h131007_0738
