# BJD(TDB)-2450000 flux err airmass sky dx dy baserun
6573.245892 1.004909 0.002290 1.1582 469.2 0.000 0.000 j131007_0131
6573.246695 1.001186 0.002320 1.1583 459.8 1.518 1.021 j131007_0134
6573.246958 1.007164 0.002332 1.1584 458.3 1.320 1.187 j131007_0135
6573.247232 1.004166 0.002332 1.1584 458.7 1.191 1.631 j131007_0136
6573.247494 1.005407 0.002318 1.1585 453.8 1.343 1.582 j131007_0137
6573.247765 1.003606 0.002316 1.1586 449.5 1.243 0.014 j131007_0138
6573.248029 1.004490 0.002318 1.1586 448.6 1.203 2.387 j131007_0139
6573.248293 1.004598 0.002318 1.1587 446.3 1.076 2.029 j131007_0140
6573.248556 1.007275 0.002320 1.1588 440.5 1.118 0.810 j131007_0141
6573.248818 1.010811 0.002334 1.1589 437.6 2.091 1.321 j131007_0142
6573.249089 1.008988 0.002316 1.1590 433.2 -1.548 1.404 j131007_0143
6573.249352 1.010185 0.002316 1.1590 430.8 2.694 -0.247 j131007_0144
6573.249623 1.007835 0.002320 1.1591 433.5 -0.895 2.759 j131007_0145
6573.249919 1.005514 0.002312 1.1593 435.0 -0.962 1.313 j131007_0146
6573.250181 1.007356 0.002313 1.1593 429.4 -1.299 1.886 j131007_0147
6573.250442 1.005361 0.002334 1.1595 424.0 1.776 1.160 j131007_0148
6573.250706 1.007603 0.002313 1.1596 418.2 2.460 1.435 j131007_0149
6573.250970 1.003960 0.002301 1.1597 412.6 -0.247 0.907 j131007_0150
6573.251241 1.003902 0.002304 1.1598 407.5 -1.189 1.329 j131007_0151
6573.251507 1.000923 0.002299 1.1599 408.4 -1.375 1.362 j131007_0152
6573.251795 1.003958 0.002304 1.1600 406.7 2.561 1.051 j131007_0153
6573.252057 1.014726 0.002329 1.1601 405.6 -2.034 1.945 j131007_0154
6573.252329 0.999955 0.002306 1.1603 410.6 2.003 1.859 j131007_0155
6573.252616 1.005760 0.002306 1.1604 417.6 2.020 1.292 j131007_0156
6573.252895 1.008621 0.002312 1.1605 420.9 1.850 0.236 j131007_0157
6573.253165 0.999819 0.002308 1.1607 415.5 0.964 3.008 j131007_0158
6573.253427 1.005410 0.004278 1.1608 415.8 0.528 0.904 j131007_0159
6573.253688 1.006340 0.002313 1.1609 410.7 1.252 0.370 j131007_0160
6573.253949 1.009969 0.002320 1.1611 407.6 0.826 1.774 j131007_0161
6573.254210 1.001300 0.002324 1.1612 403.1 -1.286 2.463 j131007_0162
6573.254471 1.009230 0.002348 1.1614 401.5 4.702 1.500 j131007_0163
6573.254741 1.004777 0.002337 1.1615 397.3 -0.138 1.656 j131007_0164
6573.255001 1.000717 0.002290 1.1617 396.5 1.596 0.735 j131007_0165
6573.255283 1.006284 0.002299 1.1618 395.4 0.269 1.465 j131007_0166
6573.255543 1.002390 0.002292 1.1620 395.5 0.549 1.026 j131007_0167
6573.255803 1.006535 0.002301 1.1622 398.9 0.575 1.306 j131007_0168
6573.256064 1.010306 0.002310 1.1623 400.0 0.605 1.213 j131007_0169
6573.256325 1.006315 0.002302 1.1625 398.5 0.847 1.362 j131007_0170
6573.256586 1.006816 0.002301 1.1627 401.2 0.326 1.130 j131007_0171
6573.256847 1.007231 0.002301 1.1628 396.9 0.270 1.420 j131007_0172
6573.257108 1.003483 0.002296 1.1630 396.7 0.214 1.406 j131007_0173
6573.257368 1.008041 0.002324 1.1632 399.5 0.072 1.601 j131007_0174
6573.257629 1.004482 0.002334 1.1634 397.0 -1.659 3.848 j131007_0175
6573.257891 1.004579 0.002318 1.1636 397.0 2.550 -0.635 j131007_0176
6573.258154 1.007307 0.002325 1.1638 390.3 -0.797 2.599 j131007_0177
6573.258432 1.004197 0.002299 1.1640 387.0 -1.559 -1.630 j131007_0178
6573.258704 1.005447 0.002296 1.1642 385.6 2.762 1.643 j131007_0179
6573.258976 1.003734 0.002302 1.1644 388.8 -1.181 2.162 j131007_0180
6573.259248 1.007550 0.002301 1.1646 388.3 -1.154 -0.237 j131007_0181
6573.259510 1.003284 0.002294 1.1648 384.6 -1.080 2.045 j131007_0182
6573.259793 1.006152 0.002306 1.1650 390.2 -0.627 0.207 j131007_0183
6573.260057 1.007161 0.002299 1.1652 388.4 -0.529 1.649 j131007_0184
6573.260346 1.007429 0.002301 1.1655 392.1 -0.154 -0.365 j131007_0185
6573.260608 1.006371 0.002304 1.1657 392.9 0.053 2.095 j131007_0186
6573.260871 1.010159 0.002308 1.1659 392.8 -0.208 1.574 j131007_0187
6573.261131 1.005739 0.002296 1.1662 388.4 -0.584 1.185 j131007_0188
6573.261393 1.011581 0.002304 1.1664 380.3 -0.248 1.896 j131007_0189
6573.261657 1.011248 0.002304 1.1666 376.0 -0.184 0.293 j131007_0190
6573.261919 1.005758 0.002294 1.1668 370.7 -1.239 1.780 j131007_0191
6573.262183 1.008234 0.002299 1.1671 366.3 -0.508 0.489 j131007_0192
6573.262445 1.008441 0.002299 1.1673 368.8 -0.135 0.963 j131007_0193
6573.262703 1.004041 0.002287 1.1676 365.1 -0.402 2.073 j131007_0194
6573.262966 1.009814 0.002299 1.1678 365.0 0.126 0.229 j131007_0195
6573.263227 1.004453 0.002296 1.1681 368.3 0.319 1.299 j131007_0196
6573.263488 1.009042 0.002299 1.1683 366.7 0.516 1.241 j131007_0197
6573.263748 1.010819 0.002304 1.1686 363.1 0.628 1.280 j131007_0198
6573.264009 1.006125 0.002299 1.1689 362.3 0.147 0.064 j131007_0199
6573.264271 1.005191 0.002299 1.1691 366.3 -0.070 1.536 j131007_0200
6573.264532 1.007174 0.002299 1.1694 365.4 0.312 1.032 j131007_0201
6573.264791 1.005667 0.002290 1.1697 362.6 0.343 0.935 j131007_0202
6573.265051 1.007768 0.002294 1.1699 358.9 0.708 1.121 j131007_0203
6573.265312 1.003338 0.002283 1.1702 353.3 0.477 0.884 j131007_0204
6573.265574 1.006395 0.002287 1.1705 349.8 0.699 1.015 j131007_0205
6573.265835 1.006109 0.002289 1.1708 352.3 0.483 1.032 j131007_0206
6573.266098 1.007502 0.002290 1.1711 350.2 0.281 0.680 j131007_0207
6573.266358 1.004374 0.002289 1.1713 349.2 1.530 0.280 j131007_0208
6573.266621 1.004511 0.002289 1.1717 345.3 1.571 0.962 j131007_0209
6573.266882 1.006135 0.002289 1.1720 341.2 0.884 1.021 j131007_0210
6573.267144 1.004916 0.002285 1.1723 342.9 1.105 1.152 j131007_0211
6573.267405 1.004722 0.002283 1.1725 338.7 1.644 0.735 j131007_0212
6573.267675 1.007089 0.002289 1.1729 336.1 1.297 1.481 j131007_0213
6573.267941 1.004378 0.002285 1.1732 340.3 2.317 -0.115 j131007_0214
6573.268203 1.010273 0.002292 1.1735 337.4 -1.788 1.429 j131007_0215
6573.268473 1.002977 0.002283 1.1738 333.6 1.962 1.591 j131007_0216
6573.268743 1.005178 0.002289 1.1742 335.0 2.121 0.463 j131007_0217
6573.269013 1.006564 0.002290 1.1745 333.4 -0.939 1.132 j131007_0218
6573.269276 1.004383 0.002285 1.1748 333.4 -0.654 1.545 j131007_0219
6573.269540 1.003673 0.002280 1.1751 329.5 0.045 0.448 j131007_0220
6573.269804 1.001717 0.002287 1.1755 329.6 -0.814 1.926 j131007_0221
6573.270084 1.007222 0.002294 1.1759 326.8 0.053 1.272 j131007_0222
6573.270344 1.004275 0.002283 1.1762 324.4 -0.606 0.495 j131007_0223
6573.270608 1.006517 0.002287 1.1765 322.7 0.136 1.229 j131007_0224
6573.270868 1.006730 0.002285 1.1769 320.7 -0.045 0.871 j131007_0225
6573.271131 1.006907 0.002287 1.1772 319.7 0.522 1.263 j131007_0226
6573.271392 1.003219 0.002280 1.1776 315.9 0.445 1.203 j131007_0227
6573.271652 1.002281 0.002283 1.1780 316.8 0.526 1.253 j131007_0228
6573.271911 1.006055 0.002289 1.1783 315.5 1.409 0.666 j131007_0229
6573.272181 1.006721 0.002289 1.1787 318.3 1.231 1.126 j131007_0230
6573.272444 1.000242 0.002278 1.1790 318.7 1.203 0.524 j131007_0231
6573.272706 1.007160 0.002302 1.1794 320.6 1.202 2.345 j131007_0232
6573.272970 1.002436 0.002287 1.1798 318.3 1.496 0.808 j131007_0233
6573.273232 1.005570 0.002294 1.1802 319.8 1.703 0.772 j131007_0234
6573.273495 1.007482 0.002290 1.1806 315.8 0.989 1.870 j131007_0235
6573.273756 1.008814 0.002292 1.1809 311.1 2.218 0.896 j131007_0236
6573.274027 1.003524 0.002287 1.1813 309.1 -1.230 1.446 j131007_0237
6573.274291 1.005860 0.002287 1.1817 305.2 2.205 1.358 j131007_0238
6573.274554 1.005320 0.002287 1.1821 305.5 -0.030 0.746 j131007_0239
6573.274817 1.007264 0.002290 1.1825 304.7 -0.065 0.914 j131007_0240
6573.275079 1.009269 0.002294 1.1829 303.6 -0.613 2.139 j131007_0241
6573.275342 1.004184 0.002289 1.1833 308.9 -1.088 1.062 j131007_0242
6573.275604 1.003649 0.002283 1.1838 301.0 -0.673 0.993 j131007_0243
6573.275876 1.006432 0.002287 1.1842 304.1 -0.156 1.165 j131007_0244
6573.276136 1.006733 0.002292 1.1846 301.4 -0.314 1.387 j131007_0245
6573.276398 1.004551 0.002289 1.1850 303.7 -1.275 1.275 j131007_0246
6573.276661 1.004791 0.002287 1.1854 300.7 3.357 1.262 j131007_0247
6573.276931 1.007402 0.002292 1.1859 299.1 0.384 1.124 j131007_0248
6573.277192 1.004421 0.002287 1.1863 298.3 0.840 1.242 j131007_0249
6573.277452 1.002659 0.002278 1.1867 295.7 0.800 0.976 j131007_0250
6573.277712 1.003850 0.002285 1.1872 296.5 0.793 0.268 j131007_0251
6573.277975 1.005752 0.002287 1.1876 290.5 0.167 2.320 j131007_0252
6573.278238 1.007269 0.002290 1.1881 290.2 0.365 0.847 j131007_0253
6573.278498 1.005120 0.002287 1.1885 288.4 1.005 0.759 j131007_0254
6573.278763 1.005087 0.002287 1.1890 285.4 1.113 0.913 j131007_0255
6573.279026 1.004918 0.002287 1.1894 285.6 0.558 1.692 j131007_0256
6573.279289 1.002770 0.002283 1.1899 283.6 1.170 1.395 j131007_0257
6573.279550 1.005558 0.002287 1.1903 283.7 1.169 0.831 j131007_0258
6573.279813 1.005417 0.002289 1.1908 286.8 1.048 1.329 j131007_0259
6573.280073 1.003275 0.002287 1.1913 286.9 1.470 1.389 j131007_0260
6573.280344 1.010356 0.002299 1.1918 283.5 1.781 0.943 j131007_0261
6573.280612 1.001983 0.002287 1.1922 288.5 1.338 1.318 j131007_0262
6573.280876 1.004741 0.002290 1.1927 285.4 1.385 1.170 j131007_0263
6573.281137 1.004014 0.002290 1.1932 280.0 1.768 1.610 j131007_0264
6573.281399 1.000928 0.002287 1.1937 274.0 2.021 1.139 j131007_0265
6573.281663 1.004909 0.002290 1.1942 274.0 2.019 1.285 j131007_0266
6573.281925 1.005987 0.002299 1.1947 271.4 2.614 0.974 j131007_0267
6573.282189 1.003770 0.002289 1.1952 264.8 -0.700 1.004 j131007_0268
6573.282451 0.998219 0.002277 1.1957 261.7 -1.072 1.264 j131007_0269
6573.282715 0.998964 0.002277 1.1962 260.6 -1.165 2.199 j131007_0270
6573.282987 0.998961 0.002280 1.1967 263.6 -0.969 1.499 j131007_0271
6573.283248 1.001615 0.004497 1.1972 263.2 -1.166 1.708 j131007_0272
6573.283510 1.000123 0.002283 1.1977 266.5 -1.009 0.613 j131007_0273
6573.283789 1.000578 0.002294 1.1983 268.0 -1.594 2.015 j131007_0274
6573.284053 0.996533 0.002294 1.1988 268.7 1.637 2.445 j131007_0275
6573.284315 0.997531 0.002289 1.1993 273.4 2.181 -0.145 j131007_0276
6573.284587 1.000311 0.002301 1.1999 274.1 -0.853 0.469 j131007_0277
6573.284850 0.995136 0.002290 1.2004 273.0 -1.121 1.475 j131007_0278
6573.285114 1.000582 0.002296 1.2010 272.5 -0.313 1.055 j131007_0279
6573.285377 0.995555 0.002292 1.2015 271.4 -0.683 0.890 j131007_0280
6573.285637 0.996679 0.002294 1.2021 263.9 -1.465 2.402 j131007_0281
6573.285901 0.994248 0.002290 1.2026 265.2 2.469 1.489 j131007_0282
6573.286165 0.992458 0.002289 1.2032 261.3 -0.064 0.661 j131007_0283
6573.286428 0.992475 0.002290 1.2037 263.0 -0.744 2.213 j131007_0284
6573.286691 0.994133 0.002290 1.2043 263.8 -0.836 0.633 j131007_0285
6573.286952 0.993694 0.002287 1.2048 261.0 -0.044 0.278 j131007_0286
6573.287216 0.990602 0.002278 1.2054 259.6 -0.603 1.215 j131007_0287
6573.287479 0.995673 0.002289 1.2060 260.3 -0.862 0.774 j131007_0288
6573.287740 0.992601 0.002289 1.2066 259.8 0.040 0.651 j131007_0289
6573.288003 0.992500 0.002289 1.2071 261.0 -0.141 1.890 j131007_0290
6573.288788 0.986670 0.002280 1.2089 256.3 -0.898 1.741 j131007_0293
6573.289050 0.988807 0.002287 1.2095 258.4 -0.815 0.771 j131007_0294
6573.289576 0.987012 0.002289 1.2107 255.0 -0.022 2.520 j131007_0296
6573.289838 0.984252 0.002280 1.2113 253.7 -0.861 2.347 j131007_0297
6573.290100 0.986011 0.002285 1.2119 255.0 -0.127 -0.367 j131007_0298
6573.290364 0.984342 0.002280 1.2125 251.3 -0.698 0.834 j131007_0299
6573.290628 0.982322 0.002278 1.2132 257.0 -0.747 1.229 j131007_0300
6573.290891 0.983388 0.002283 1.2138 251.8 -0.421 1.244 j131007_0301
6573.291152 0.983874 0.002280 1.2144 250.1 -0.599 0.762 j131007_0302
6573.291414 0.983845 0.002285 1.2150 251.8 0.035 1.456 j131007_0303
6573.291677 0.984599 0.002289 1.2157 252.1 -0.228 0.831 j131007_0304
6573.291937 0.980704 0.002280 1.2163 251.5 -0.346 0.919 j131007_0305
6573.292201 0.978475 0.002278 1.2169 246.7 0.054 1.084 j131007_0306
6573.292463 0.981008 0.002280 1.2176 246.4 0.082 1.884 j131007_0307
6573.292723 0.979747 0.002278 1.2182 243.1 -0.494 1.377 j131007_0308
6573.292985 0.978355 0.002277 1.2189 240.9 -0.598 0.724 j131007_0309
6573.294174 0.978092 0.002280 1.2219 246.7 -0.395 0.212 j131007_0310
6573.294436 0.976711 0.002287 1.2226 240.1 -0.415 1.694 j131007_0311
6573.294697 0.976789 0.002287 1.2232 242.1 -1.066 1.333 j131007_0312
6573.294961 0.975006 0.002289 1.2239 240.3 -0.040 1.412 j131007_0313
6573.295221 0.979046 0.002299 1.2246 241.7 -0.629 0.324 j131007_0314
6573.295483 0.978829 0.002306 1.2253 240.6 0.470 0.769 j131007_0315
6573.295744 0.978620 0.002294 1.2260 236.2 -0.069 0.160 j131007_0316
6573.296009 0.978339 0.002292 1.2267 233.5 0.594 1.392 j131007_0317
6573.296272 0.976924 0.002294 1.2274 239.2 0.764 1.282 j131007_0318
6573.296532 0.980381 0.002306 1.2281 237.7 -0.057 1.306 j131007_0319
6573.296793 0.975388 0.002918 1.2288 235.8 -0.482 0.880 j131007_0320
6573.298024 0.967533 0.002301 1.2322 237.8 0.515 2.162 j131007_0321
6573.298288 0.977759 0.002302 1.2329 225.6 0.473 -0.174 j131007_0322
6573.298552 0.973348 0.002302 1.2337 228.0 0.480 1.745 j131007_0323
6573.298812 0.980896 0.002324 1.2344 231.4 1.360 -1.147 j131007_0324
6573.299077 0.973876 0.002308 1.2352 233.0 1.046 3.013 j131007_0325
6573.299340 0.974373 0.002306 1.2359 236.7 0.787 1.182 j131007_0326
6573.299600 0.974242 0.002306 1.2367 235.7 -0.120 1.557 j131007_0327
6573.299861 0.974663 0.002304 1.2374 235.2 -0.281 1.201 j131007_0328
6573.300122 0.974897 0.002313 1.2382 237.2 0.699 0.201 j131007_0329
6573.300386 0.973508 0.002312 1.2390 237.5 0.853 1.333 j131007_0330
6573.300647 0.976207 0.002316 1.2397 235.3 0.892 1.149 j131007_0331
6573.300907 0.975909 0.002316 1.2405 233.4 0.365 0.353 j131007_0332
6573.301171 0.973960 0.002320 1.2413 234.3 -0.143 2.740 j131007_0333
6573.301434 0.971146 0.002313 1.2421 226.5 -0.080 1.795 j131007_0334
6573.301694 0.974826 0.002310 1.2429 225.1 0.024 1.275 j131007_0335
6573.301955 0.980229 0.002318 1.2436 226.7 0.407 0.449 j131007_0336
6573.302216 0.975777 0.002318 1.2444 224.7 0.462 1.209 j131007_0337
6573.302477 0.972651 0.002316 1.2452 228.3 0.673 1.129 j131007_0338
6573.302737 0.970943 0.002304 1.2460 229.2 0.665 1.920 j131007_0339
6573.302997 0.973733 0.002313 1.2468 229.0 0.848 0.801 j131007_0340
6573.303258 0.973572 0.002310 1.2476 226.2 -1.099 2.238 j131007_0341
6573.303521 0.973762 0.002316 1.2485 230.7 3.072 0.075 j131007_0342
6573.303790 0.973973 0.002316 1.2493 227.1 0.182 0.499 j131007_0343
6573.304054 0.972025 0.002313 1.2502 229.6 0.441 1.210 j131007_0344
6573.304315 0.973523 0.002320 1.2510 224.5 -0.512 2.467 j131007_0345
6573.304578 0.971573 0.002313 1.2518 221.1 -0.291 0.599 j131007_0346
6573.304842 0.974900 0.002320 1.2527 220.9 -0.200 1.377 j131007_0347
6573.305103 0.973048 0.002313 1.2535 222.1 0.225 1.068 j131007_0348
6573.305363 0.973078 0.002316 1.2544 218.5 -0.598 1.187 j131007_0349
6573.305626 0.974203 0.002322 1.2552 216.4 -0.608 1.183 j131007_0350
6573.305905 0.970261 0.002325 1.2561 214.4 -0.901 0.973 j131007_0351
6573.306184 0.972670 0.002318 1.2570 209.8 -0.169 2.031 j131007_0352
6573.306445 0.971742 0.002334 1.2579 210.2 -0.978 1.449 j131007_0353
6573.306709 0.968111 0.002310 1.2588 207.5 -0.384 0.051 j131007_0354
6573.306972 0.970024 0.002318 1.2597 206.0 -0.640 1.958 j131007_0355
6573.307235 0.975399 0.002329 1.2606 207.1 -0.085 1.529 j131007_0356
6573.307495 0.973247 0.002332 1.2614 211.5 -0.936 2.299 j131007_0357
6573.307761 0.970688 0.002325 1.2623 207.6 -0.291 1.033 j131007_0358
6573.308022 0.970275 0.002325 1.2632 210.3 -0.613 1.675 j131007_0359
6573.308285 0.969466 0.002329 1.2641 208.0 -0.813 1.058 j131007_0360
6573.308547 0.969957 0.002325 1.2650 206.5 -0.608 1.192 j131007_0361
6573.308810 0.969039 0.002322 1.2660 207.8 -0.613 1.465 j131007_0362
6573.309074 0.971425 0.002329 1.2669 206.4 -1.251 1.190 j131007_0363
6573.309336 0.971972 0.002332 1.2678 202.6 2.380 1.680 j131007_0364
6573.309598 0.970148 0.002325 1.2687 197.6 -0.745 1.794 j131007_0365
6573.309861 0.970508 0.002327 1.2696 198.2 -1.207 1.867 j131007_0366
6573.310124 0.972805 0.002336 1.2706 199.1 2.620 0.465 j131007_0367
6573.310823 0.974771 0.002345 1.2731 201.8 2.500 0.268 j131007_0368
6573.311095 0.973789 0.002345 1.2741 198.2 -1.378 1.858 j131007_0369
6573.311492 0.971586 0.002348 1.2755 200.2 -1.057 2.004 j131007_0370
6573.311757 0.973412 0.002351 1.2765 195.4 -1.410 1.251 j131007_0371
6573.312023 0.972246 0.002349 1.2775 196.3 1.953 1.420 j131007_0372
6573.312286 0.968990 0.002345 1.2785 194.4 2.374 1.182 j131007_0373
6573.312621 0.974452 0.002359 1.2797 201.7 1.956 0.858 j131007_0374
6573.312884 0.972609 0.002357 1.2807 195.9 2.062 1.980 j131007_0375
6573.313149 0.973028 0.002359 1.2817 197.9 2.404 1.686 j131007_0376
6573.313411 0.970467 0.002355 1.2827 190.5 -1.480 1.436 j131007_0377
6573.313673 0.966938 0.002349 1.2837 191.7 2.191 1.722 j131007_0378
6573.313935 0.971645 0.002359 1.2847 190.9 1.900 1.767 j131007_0379
6573.314197 0.971432 0.002357 1.2857 188.5 2.434 0.428 j131007_0380
6573.314505 0.973292 0.002362 1.2869 188.1 1.554 0.832 j131007_0381
6573.314770 0.974785 0.002369 1.2879 185.7 1.849 1.947 j131007_0382
6573.315033 0.967576 0.002355 1.2890 183.9 2.404 0.983 j131007_0383
6573.315300 0.971684 0.002365 1.2900 182.2 -1.365 1.420 j131007_0384
6573.315564 0.972962 0.002369 1.2911 184.4 2.137 1.717 j131007_0385
6573.315827 0.971577 0.002367 1.2921 182.6 1.871 0.830 j131007_0386
6573.316091 0.973361 0.002374 1.2932 183.5 1.803 1.683 j131007_0387
6573.316355 0.971292 0.002371 1.2942 181.7 1.599 1.236 j131007_0388
6573.316619 0.972784 0.002376 1.2953 179.7 1.172 1.571 j131007_0389
6573.316881 0.975854 0.002386 1.2963 179.2 2.232 1.608 j131007_0390
6573.317146 0.970098 0.002374 1.2974 174.9 -0.956 1.901 j131007_0391
6573.317410 0.971138 0.002374 1.2985 177.2 -1.261 0.802 j131007_0392
6573.317673 0.975799 0.002388 1.2996 173.9 2.516 1.123 j131007_0393
6573.318626 0.972026 0.002372 1.3035 150.1 2.632 1.555 j131007_0394
6573.319873 0.973141 0.002386 1.3088 145.2 2.772 0.704 j131007_0395
6573.320135 0.976785 0.002407 1.3100 170.1 -0.245 1.874 j131007_0396
6573.320396 0.968529 0.002394 1.3111 167.3 -1.135 2.558 j131007_0397
6573.321172 0.975057 0.002416 1.3145 174.7 -0.270 0.851 j131007_0398
6573.321439 0.972444 0.002412 1.3156 168.1 -0.061 1.437 j131007_0399
6573.321698 0.970496 0.002409 1.3168 170.4 -0.013 1.177 j131007_0400
6573.321958 0.971959 0.002418 1.3180 174.8 -0.136 1.093 j131007_0401
6573.322219 0.977386 0.002430 1.3191 175.9 -0.282 0.715 j131007_0402
6573.322483 0.971966 0.002421 1.3203 176.0 -1.480 2.774 j131007_0403
6573.322747 0.971741 0.002423 1.3215 178.2 2.224 1.029 j131007_0404
6573.323019 0.970813 0.002427 1.3227 178.5 -0.789 1.678 j131007_0405
6573.323300 0.978694 0.002456 1.3240 180.2 -1.173 1.666 j131007_0406
6573.323563 0.971259 0.002433 1.3252 180.8 -0.516 0.936 j131007_0407
6573.324095 0.968993 0.002418 1.3277 153.0 -0.528 -0.113 j131007_0408
6573.324623 0.973185 0.002452 1.3301 192.9 -0.672 0.887 j131007_0409
6573.324887 0.975987 0.002456 1.3314 186.2 -0.381 0.569 j131007_0410
6573.325148 0.973934 0.002456 1.3326 184.7 -0.606 2.121 j131007_0411
6573.325411 0.974939 0.002458 1.3338 182.9 -0.589 1.583 j131007_0412
6573.325674 0.973982 0.002463 1.3351 180.9 -0.365 1.382 j131007_0413
6573.325938 0.973429 0.002461 1.3363 175.0 -0.517 0.583 j131007_0414
6573.326199 0.970141 0.002451 1.3376 173.2 -0.880 1.384 j131007_0415
6573.326464 0.971303 0.002458 1.3389 168.5 -0.611 1.233 j131007_0416
6573.326726 0.973377 0.002461 1.3401 170.4 -0.958 1.049 j131007_0417
6573.326991 0.972778 0.002461 1.3414 173.1 -0.607 1.485 j131007_0418
6573.327252 0.977124 0.002475 1.3427 171.9 -1.100 1.917 j131007_0419
6573.327530 0.972935 0.002470 1.3441 172.2 -1.407 1.788 j131007_0420
6573.327792 0.972419 0.002470 1.3454 172.0 2.194 1.061 j131007_0421
6573.328053 0.973824 0.002478 1.3467 172.8 -0.776 1.295 j131007_0422
6573.328316 0.972594 0.002482 1.3480 174.1 -0.742 2.192 j131007_0423
6573.328578 0.972619 0.002482 1.3493 175.9 -1.329 0.832 j131007_0424
6573.328841 0.973945 0.002489 1.3506 175.1 2.163 1.089 j131007_0425
6573.329103 0.974365 0.002489 1.3519 170.7 2.488 0.587 j131007_0426
6573.329374 0.970018 0.002486 1.3533 173.8 -0.706 0.741 j131007_0427
6573.329635 0.974164 0.002494 1.3546 169.8 -0.882 2.677 j131007_0428
6573.329898 0.972185 0.002496 1.3560 171.3 -1.266 1.073 j131007_0429
6573.330162 0.970928 0.002496 1.3574 173.1 -0.962 1.572 j131007_0430
6573.330424 0.974819 0.002507 1.3587 174.1 -0.242 1.044 j131007_0431
6573.330685 0.972436 0.002505 1.3601 174.7 -0.548 1.958 j131007_0432
6573.330947 0.976262 0.002515 1.3614 177.8 -0.591 1.793 j131007_0433
6573.331210 0.967152 0.002507 1.3628 178.0 -0.616 0.372 j131007_0434
6573.331472 0.969223 0.002517 1.3642 179.6 -0.639 1.430 j131007_0435
6573.331735 0.970506 0.002521 1.3656 176.6 -0.996 3.019 j131007_0436
6573.331997 0.972677 0.002521 1.3670 172.9 -0.441 -0.523 j131007_0437
6573.332259 0.973744 0.002522 1.3684 172.7 -0.280 1.986 j131007_0438
6573.332521 0.974127 0.002533 1.3698 172.7 -0.185 1.465 j131007_0439
6573.332783 0.974664 0.002538 1.3712 176.7 -0.186 1.743 j131007_0440
6573.333044 0.971413 0.002533 1.3726 178.4 -0.655 1.871 j131007_0441
6573.333306 0.976432 0.002543 1.3740 175.8 -0.297 0.869 j131007_0442
6573.333567 0.973080 0.002540 1.3755 180.6 -0.713 2.293 j131007_0443
6573.333830 0.969821 0.002538 1.3769 178.9 -0.265 0.249 j131007_0444
6573.334093 0.970607 0.002545 1.3784 176.2 0.189 1.747 j131007_0445
6573.334353 0.973510 0.002554 1.3798 175.0 -0.445 2.426 j131007_0446
6573.334617 0.973761 0.002556 1.3813 177.0 -0.261 0.880 j131007_0447
6573.334879 0.975410 0.002560 1.3828 177.9 0.124 0.517 j131007_0448
6573.335140 0.976818 0.002568 1.3842 181.5 0.674 1.045 j131007_0449
6573.335399 0.971150 0.002827 1.3857 183.3 0.776 0.916 j131007_0450
6573.335662 0.975073 0.002569 1.3872 180.9 0.167 1.226 j131007_0451
6573.335926 0.973563 0.002566 1.3887 177.0 0.328 0.976 j131007_0452
6573.336209 0.972431 0.002566 1.3903 175.6 0.094 0.925 j131007_0453
6573.336732 0.974057 0.002576 1.3933 169.3 0.879 2.226 j131007_0455
6573.336996 0.973754 0.002581 1.3949 172.5 0.226 1.713 j131007_0456
6573.337256 0.974685 0.002589 1.3964 171.7 1.530 0.125 j131007_0457
6573.337527 0.977754 0.002595 1.3980 174.4 1.412 2.249 j131007_0458
6573.337796 0.975481 0.002595 1.3996 171.8 1.427 1.228 j131007_0459
6573.338330 0.971754 0.002592 1.4027 178.2 0.517 0.444 j131007_0461
6573.338602 0.972819 0.002607 1.4044 185.8 0.921 2.137 j131007_0462
6573.338864 0.970116 0.002597 1.4059 178.0 0.601 1.701 j131007_0463
6573.339123 0.977568 0.002620 1.4075 180.2 1.087 0.777 j131007_0464
6573.339384 0.975346 0.002618 1.4091 183.3 1.109 2.070 j131007_0465
6573.339647 0.979752 0.002644 1.4107 182.2 1.290 2.364 j131007_0466
6573.339910 0.973160 0.002622 1.4123 181.3 1.638 -0.556 j131007_0467
6573.340174 0.974523 0.002625 1.4139 182.6 2.038 0.687 j131007_0468
6573.340437 0.972595 0.002620 1.4155 174.2 1.682 3.201 j131007_0469
6573.340700 0.971912 0.002622 1.4172 176.6 1.203 0.841 j131007_0470
6573.340962 0.974790 0.002636 1.4188 178.1 1.655 1.520 j131007_0471
6573.341224 0.973823 0.002638 1.4204 178.2 1.405 1.613 j131007_0472
6573.341486 0.972638 0.002638 1.4221 175.8 1.641 1.541 j131007_0473
6573.341748 0.971844 0.002644 1.4237 178.0 1.380 1.221 j131007_0474
6573.342010 0.975139 0.002651 1.4254 178.4 1.899 0.667 j131007_0475
6573.342272 0.973162 0.002648 1.4271 178.3 0.798 0.969 j131007_0476
6573.342532 0.975198 0.002658 1.4287 179.0 1.721 1.799 j131007_0477
6573.342795 0.973552 0.002662 1.4304 179.1 1.750 1.033 j131007_0478
6573.343059 0.971747 0.002658 1.4321 180.2 1.113 1.540 j131007_0479
6573.343329 0.972346 0.002663 1.4339 179.4 1.726 1.110 j131007_0480
6573.343594 0.973796 0.002672 1.4356 177.0 2.087 0.932 j131007_0481
6573.343858 0.973626 0.002675 1.4373 180.3 -1.090 1.975 j131007_0482
6573.344122 0.973519 0.002675 1.4391 175.9 -1.188 1.222 j131007_0483
6573.344383 0.976491 0.002689 1.4408 175.6 2.114 1.317 j131007_0484
6573.344653 0.974527 0.002683 1.4426 175.4 -2.001 1.246 j131007_0485
6573.344916 0.969911 0.002677 1.4444 173.7 1.491 1.050 j131007_0486
6573.345188 0.969786 0.002683 1.4462 171.5 1.456 1.921 j131007_0487
6573.345451 0.975526 0.002700 1.4480 170.7 1.007 2.098 j131007_0488
6573.345712 0.973967 0.002698 1.4497 169.8 2.335 1.317 j131007_0489
6573.345975 0.974351 0.002702 1.4515 171.4 -1.433 0.380 j131007_0490
6573.346236 0.973872 0.002705 1.4533 169.2 2.881 1.299 j131007_0491
6573.346499 0.974377 0.002710 1.4551 171.9 -0.555 0.791 j131007_0492
6573.346761 0.980133 0.002726 1.4569 168.3 -1.101 1.399 j131007_0493
6573.347039 0.972512 0.002716 1.4588 175.2 -1.001 1.895 j131007_0494
6573.347302 0.975702 0.002726 1.4607 171.9 -1.872 1.619 j131007_0495
6573.347564 0.973484 0.002726 1.4625 169.9 2.145 0.472 j131007_0496
6573.347827 0.975224 0.002730 1.4644 168.8 -1.439 2.579 j131007_0497
6573.348088 0.972996 0.002730 1.4662 168.5 2.004 1.682 j131007_0498
6573.348350 0.973904 0.002738 1.4681 167.2 1.727 0.672 j131007_0499
6573.348611 0.977428 0.002757 1.4699 169.7 3.204 1.912 j131007_0500
6573.348874 0.974329 0.002751 1.4718 173.3 -0.618 1.051 j131007_0501
6573.349142 0.971132 0.002747 1.4737 171.2 -0.192 0.752 j131007_0502
6573.349404 0.975289 0.002759 1.4756 172.9 -1.524 1.879 j131007_0503
6573.349670 0.973284 0.002763 1.4776 177.5 1.793 1.578 j131007_0504
6573.349933 0.977109 0.002780 1.4795 182.2 2.325 0.847 j131007_0505
6573.350197 0.972480 0.002768 1.4814 181.7 -1.176 1.539 j131007_0506
6573.350461 0.977351 0.002784 1.4834 182.2 2.021 1.655 j131007_0507
6573.350725 0.971452 0.002775 1.4853 179.7 2.163 1.210 j131007_0508
6573.351025 0.977973 0.002800 1.4875 184.6 -1.622 2.557 j131007_0509
6573.351286 0.977868 0.002806 1.4895 179.8 1.601 1.047 j131007_0510
6573.351556 0.976275 0.002802 1.4915 179.8 2.384 -0.198 j131007_0511
6573.351827 0.973603 0.002798 1.4936 177.2 -1.461 2.147 j131007_0512
6573.352096 0.977196 0.002812 1.4956 178.1 1.889 2.105 j131007_0513
6573.352359 0.976444 0.002812 1.4976 173.1 2.331 1.203 j131007_0514
6573.352621 0.974973 0.002810 1.4996 167.6 -1.607 1.289 j131007_0515
6573.352885 0.977772 0.002824 1.5017 174.7 1.327 1.723 j131007_0516
6573.353154 0.976633 0.002831 1.5037 177.3 1.440 1.620 j131007_0517
6573.353416 0.975973 0.002836 1.5058 179.6 1.905 2.267 j131007_0518
6573.353680 0.971150 0.002827 1.5078 176.6 1.303 0.809 j131007_0519
6573.353944 0.975835 0.002848 1.5099 174.0 2.256 1.207 j131007_0520
6573.354216 0.974355 0.002843 1.5120 168.4 -1.957 0.996 j131007_0521
6573.354480 0.980757 0.002869 1.5141 173.6 2.329 1.175 j131007_0522
6573.354744 0.977921 0.002859 1.5162 169.8 -1.183 1.967 j131007_0523
6573.355007 0.977630 0.002864 1.5183 170.1 1.351 1.608 j131007_0524
6573.355269 0.979049 0.002872 1.5204 170.2 1.437 2.048 j131007_0525
6573.355531 0.976668 0.002874 1.5225 169.7 1.487 1.358 j131007_0526
6573.355792 0.980835 0.002888 1.5246 165.8 1.581 1.134 j131007_0527
6573.356056 0.978528 0.002888 1.5268 167.4 1.901 1.548 j131007_0528
6573.356319 0.977315 0.002890 1.5289 167.1 1.608 1.249 j131007_0529
6573.356583 0.978058 0.002906 1.5311 167.2 0.907 1.980 j131007_0530
6573.356847 0.979204 0.002911 1.5333 167.7 1.188 1.997 j131007_0531
6573.357108 0.979974 0.002916 1.5354 167.1 1.775 1.385 j131007_0532
6573.357371 0.975388 0.002918 1.5376 168.4 2.022 1.099 j131007_0533
6573.357632 0.980526 0.002930 1.5398 166.3 1.682 1.299 j131007_0534
6573.357895 0.981738 0.002935 1.5420 163.7 1.727 1.965 j131007_0535
6573.358158 0.983530 0.002942 1.5442 162.6 1.430 0.832 j131007_0536
6573.358419 0.984985 0.002954 1.5465 164.0 1.994 2.371 j131007_0537
6573.358690 0.983547 0.002954 1.5488 164.8 1.045 0.124 j131007_0538
6573.358954 0.983549 0.002956 1.5510 162.9 1.034 1.404 j131007_0539
6573.359216 0.986385 0.002974 1.5533 160.9 0.565 2.120 j131007_0540
6573.359476 0.986131 0.002979 1.5555 162.5 1.003 2.420 j131007_0541
6573.359740 0.987006 0.002984 1.5578 161.6 1.510 0.070 j131007_0542
6573.360010 0.989712 0.002993 1.5602 157.2 0.981 2.452 j131007_0543
6573.360273 0.989507 0.003000 1.5625 158.5 1.187 1.413 j131007_0544
6573.360532 0.988878 0.003001 1.5648 159.1 0.713 1.668 j131007_0545
6573.360794 0.987353 0.003003 1.5671 157.5 0.471 1.709 j131007_0546
6573.361057 0.988885 0.003013 1.5695 156.9 0.946 0.680 j131007_0547
6573.361321 0.984684 0.003005 1.5718 161.3 0.983 1.481 j131007_0548
6573.361583 0.991513 0.003036 1.5742 164.1 0.982 2.035 j131007_0549
6573.361843 0.995523 0.003050 1.5765 160.2 1.407 1.669 j131007_0550
6573.362107 0.991437 0.003048 1.5789 164.6 0.892 1.364 j131007_0551
6573.362366 0.992846 0.003059 1.5813 162.6 0.670 1.298 j131007_0552
6573.362637 0.996957 0.003075 1.5837 160.4 0.665 1.703 j131007_0553
6573.362896 0.994644 0.003073 1.5861 162.0 0.150 1.910 j131007_0554
6573.363158 0.996688 0.003083 1.5886 159.4 0.713 1.102 j131007_0555
6573.363421 0.998109 0.003097 1.5910 156.7 1.597 1.387 j131007_0556
6573.363685 0.996491 0.003095 1.5935 158.1 0.471 1.639 j131007_0557
6573.363944 0.998499 0.003108 1.5959 160.3 1.017 1.288 j131007_0558
6573.364211 0.998675 0.003117 1.5984 159.5 0.898 1.468 j131007_0559
6573.364472 0.998210 0.003124 1.6009 161.3 1.694 1.166 j131007_0560
6573.364734 0.997945 0.003130 1.6034 158.0 1.147 1.583 j131007_0561
6573.364996 0.997525 0.003130 1.6059 157.8 0.473 1.464 j131007_0562
6573.365256 0.997875 0.003141 1.6084 165.3 0.622 0.812 j131007_0563
6573.365520 1.001448 0.003169 1.6109 166.8 0.573 2.891 j131007_0564
6573.365783 0.999563 0.003177 1.6135 170.5 1.211 1.371 j131007_0565
6573.366045 1.000465 0.003179 1.6160 165.9 1.489 1.102 j131007_0566
6573.366314 0.997349 0.003177 1.6187 169.8 1.403 2.195 j131007_0567
6573.366576 0.999389 0.003179 1.6213 164.0 0.408 1.750 j131007_0568
6573.366836 1.003763 0.003198 1.6238 162.0 0.536 0.928 j131007_0569
6573.367097 1.006270 0.003212 1.6264 166.0 0.296 1.796 j131007_0570
6573.367355 1.006322 0.003224 1.6290 165.4 1.537 1.110 j131007_0571
6573.367619 1.001705 0.003226 1.6317 165.5 2.222 0.835 j131007_0572
6573.367891 1.005110 0.003232 1.6344 171.0 1.141 2.111 j131007_0573
6573.368152 1.004036 0.003235 1.6370 169.5 1.484 1.147 j131007_0574
6573.368415 1.004032 0.003244 1.6397 166.3 0.506 2.718 j131007_0575
6573.368674 1.006520 0.003261 1.6424 165.6 0.858 1.452 j131007_0576
6573.368936 1.002557 0.003259 1.6451 165.7 1.694 0.952 j131007_0577
6573.369200 1.008828 0.003284 1.6478 163.1 1.541 1.477 j131007_0578
6573.369464 1.003027 0.003275 1.6505 165.5 1.455 1.052 j131007_0579
6573.369726 1.007004 0.003289 1.6533 167.7 1.485 1.928 j131007_0580
6573.369989 1.004520 0.003294 1.6560 172.5 1.629 1.639 j131007_0581
6573.370251 1.006965 0.003315 1.6588 176.6 0.714 2.820 j131007_0582
6573.370512 1.005732 0.003314 1.6616 172.5 1.356 1.266 j131007_0583
6573.370774 1.000668 0.003306 1.6643 172.0 1.531 1.068 j131007_0584
6573.371037 1.005726 0.003326 1.6672 171.2 1.518 1.552 j131007_0585
6573.371299 1.009281 0.003345 1.6700 169.4 1.764 2.248 j131007_0586
6573.371561 1.004737 0.003338 1.6728 170.2 1.230 0.627 j131007_0587
6573.371822 1.001193 0.003335 1.6757 171.3 1.963 2.987 j131007_0588
6573.372092 1.005746 0.003355 1.6786 170.0 1.334 0.738 j131007_0589
6573.372356 0.999808 0.003350 1.6815 172.2 1.756 0.628 j131007_0590
6573.372618 1.004157 0.003371 1.6844 172.9 1.882 2.026 j131007_0591
6573.372883 1.007024 0.003388 1.6873 174.6 1.981 2.913 j131007_0592
6573.373146 1.008889 0.005192 1.6902 170.2 2.173 0.717 j131007_0593
6573.373409 1.005297 0.003397 1.6932 172.9 -1.555 2.017 j131007_0594
6573.373672 1.005636 0.003406 1.6961 173.9 2.037 1.599 j131007_0595
6573.373935 1.002029 0.003399 1.6991 173.7 1.863 1.049 j131007_0596
6573.374196 1.002453 0.003411 1.7021 174.7 1.609 2.727 j131007_0597
6573.374460 1.010834 0.003455 1.7051 172.8 1.588 0.829 j131007_0598
6573.374723 1.002820 0.003435 1.7081 174.6 2.301 1.530 j131007_0599
6573.374985 1.002652 0.003439 1.7111 176.5 2.206 0.295 j131007_0600
6573.375249 1.003224 0.003460 1.7142 174.9 2.770 1.532 j131007_0601
6573.375519 1.002053 0.003462 1.7173 178.8 -1.399 3.129 j131007_0602
6573.375782 1.007575 0.003497 1.7204 172.2 2.070 1.533 j131007_0603
6573.376046 1.002312 0.003476 1.7235 172.3 1.037 2.059 j131007_0604
6573.376306 1.003785 0.003489 1.7266 174.9 2.157 2.171 j131007_0605
6573.376570 1.010637 0.003521 1.7298 179.0 2.588 0.828 j131007_0606
6573.376841 1.010204 0.003535 1.7330 185.0 -0.509 1.461 j131007_0607
6573.377105 1.007970 0.003530 1.7361 178.0 -0.623 0.676 j131007_0608
6573.377421 0.994975 0.003497 1.7400 182.1 -0.786 2.715 j131007_0609
6573.377684 1.004896 0.003542 1.7432 179.2 -0.608 2.269 j131007_0610
6573.377946 1.004740 0.003544 1.7464 171.6 -0.601 0.113 j131007_0611
6573.378209 1.004781 0.003563 1.7496 172.5 -0.523 2.720 j131007_0612
6573.378471 1.005606 0.003568 1.7528 166.5 -0.113 1.236 j131007_0613
6573.378731 1.003387 0.003570 1.7560 167.6 -0.729 0.642 j131007_0614
6573.378994 1.005124 0.003582 1.7593 166.8 -0.538 1.652 j131007_0615
6573.379257 1.003190 0.003589 1.7626 167.6 -0.254 2.727 j131007_0616
6573.379536 1.007641 0.003620 1.7661 176.3 -0.508 2.057 j131007_0617
6573.379798 1.002991 0.003612 1.7694 173.6 -0.172 1.538 j131007_0618
6573.380060 1.008584 0.003636 1.7728 170.9 -0.445 0.942 j131007_0619
6573.380324 1.002550 0.003620 1.7761 171.3 -0.684 1.125 j131007_0620
6573.380585 1.004660 0.003641 1.7795 170.7 -0.772 1.519 j131007_0621
6573.380847 1.004009 0.003653 1.7829 170.5 -1.342 2.240 j131007_0622
6573.381110 0.998801 0.003653 1.7863 170.4 2.753 1.000 j131007_0623
6573.381375 1.006970 0.003679 1.7898 172.6 0.026 1.014 j131007_0624
6573.381637 1.003468 0.003676 1.7932 172.1 -0.059 1.165 j131007_0625
6573.381900 1.007533 0.003704 1.7967 171.0 -0.221 3.059 j131007_0626
6573.382163 1.005520 0.003706 1.8002 171.8 -0.116 1.434 j131007_0627
6573.382424 1.007372 0.003728 1.8036 170.6 0.407 0.971 j131007_0628
6573.382684 1.006096 0.003732 1.8071 172.2 -0.192 1.838 j131007_0629
6573.382946 0.998790 0.003718 1.8107 178.6 -0.433 1.623 j131007_0630
6573.383208 1.009581 0.003763 1.8142 177.3 0.228 1.173 j131007_0631
6573.383468 1.003648 0.003755 1.8178 182.7 0.892 -0.305 j131007_0632
6573.383730 1.008616 0.003781 1.8213 180.5 0.338 3.340 j131007_0633
6573.383993 1.006636 0.003784 1.8250 181.5 -0.098 1.463 j131007_0634
6573.384255 1.003740 0.003784 1.8286 177.2 -0.554 1.982 j131007_0635
6573.384517 1.008320 0.003810 1.8322 177.9 0.346 1.886 j131007_0636
6573.384777 1.009480 0.003828 1.8359 172.8 0.254 0.718 j131007_0637
6573.385039 0.996116 0.003793 1.8396 173.4 0.021 2.394 j131007_0638
6573.385302 1.002714 0.003831 1.8433 169.9 0.763 2.008 j131007_0639
6573.385562 1.007930 0.003862 1.8470 167.2 0.456 3.538 j131007_0640
6573.385825 1.003139 0.003850 1.8507 167.1 1.010 -0.602 j131007_0641
6573.386095 1.004415 0.003870 1.8546 171.9 0.944 2.458 j131007_0642
6573.386359 1.011999 0.003911 1.8584 172.6 0.921 1.405 j131007_0643
6573.386619 1.012525 0.003923 1.8622 172.2 0.024 1.215 j131007_0644
6573.387143 1.008479 0.003934 1.8699 175.8 1.261 1.125 j131007_0646
6573.387406 1.005058 0.003927 1.8737 176.6 -0.130 3.704 j131007_0647
6573.387668 1.002185 0.003931 1.8776 176.0 0.697 0.911 j131007_0648
6573.387929 0.999292 0.003931 1.8815 176.3 0.272 1.481 j131007_0649
6573.388190 1.001873 0.003952 1.8854 171.6 0.680 0.005 j131007_0650
6573.388452 1.007638 0.003981 1.8894 168.9 0.954 2.440 j131007_0651
6573.388715 1.007297 0.003993 1.8934 171.8 0.585 1.754 j131007_0652
6573.388977 1.003927 0.003993 1.8973 172.5 0.989 1.928 j131007_0653
6573.389237 0.998889 0.003991 1.9013 172.6 1.592 1.711 j131007_0654
6573.389499 1.008089 0.004042 1.9054 176.3 1.251 2.599 j131007_0655
6573.389763 1.005604 0.004044 1.9095 177.8 1.319 1.019 j131007_0656
6573.390026 1.012851 0.004083 1.9136 175.0 0.777 1.721 j131007_0657
6573.390290 1.007439 0.004073 1.9177 175.1 1.129 1.771 j131007_0658
6573.391037 1.001797 0.004079 1.9295 145.7 1.664 0.792 j131007_0659
6573.391298 1.006200 0.004117 1.9337 176.1 1.044 2.194 j131007_0660
6573.391559 1.003774 0.004120 1.9379 170.6 0.755 1.809 j131007_0661
6573.391819 1.002145 0.004124 1.9421 168.1 0.820 2.136 j131007_0662
6573.392079 1.005621 0.004154 1.9463 164.8 0.961 1.708 j131007_0663
6573.392340 1.001589 0.004150 1.9506 161.2 1.540 1.366 j131007_0664
6573.392605 0.999967 0.004155 1.9550 162.0 0.737 2.064 j131007_0665
6573.392866 1.014433 0.004232 1.9593 160.9 1.252 2.579 j131007_0666
6573.393128 1.007462 0.004216 1.9637 161.8 1.482 1.655 j131007_0667
6573.393390 1.005749 0.004225 1.9680 166.1 1.916 1.436 j131007_0668
6573.393651 1.002040 0.004223 1.9724 166.3 1.314 1.660 j131007_0669
6573.393913 1.004618 0.004247 1.9768 167.1 1.473 1.357 j131007_0670
6573.394176 1.007084 0.004274 1.9813 164.3 1.840 2.246 j131007_0671
6573.394437 1.005410 0.004278 1.9858 159.0 1.397 0.132 j131007_0672
6573.394700 1.004418 0.004288 1.9903 155.9 1.735 1.930 j131007_0673
6573.395228 1.002359 0.004312 1.9995 158.3 1.006 3.164 j131007_0675
6573.395489 1.005293 0.004337 2.0041 161.6 1.155 0.824 j131007_0676
6573.395751 0.998980 0.004327 2.0087 162.5 1.229 2.117 j131007_0677
6573.396014 1.003628 0.004363 2.0133 162.5 1.585 1.552 j131007_0678
6573.396276 1.007655 0.004394 2.0180 159.2 1.003 1.366 j131007_0679
6573.396541 1.006798 0.004405 2.0228 160.7 1.869 2.937 j131007_0680
6573.396805 1.008964 0.004431 2.0275 159.9 1.570 1.344 j131007_0681
6573.397077 1.007782 0.004443 2.0324 163.1 1.815 1.162 j131007_0682
6573.397336 1.006673 0.004452 2.0372 160.2 1.930 2.285 j131007_0683
6573.397600 1.003781 0.004456 2.0420 161.7 1.603 0.642 j131007_0684
6573.397862 1.001287 0.004462 2.0469 160.0 1.915 2.796 j131007_0685
6573.398125 1.005290 0.004497 2.0517 159.1 1.528 1.216 j131007_0686
6573.398387 1.001615 0.004497 2.0566 157.5 1.677 1.318 j131007_0687
6573.398648 1.009769 0.004549 2.0615 158.7 1.454 2.269 j131007_0688
6573.398911 1.010994 0.004572 2.0665 157.5 0.722 1.073 j131007_0689
6573.399171 1.007234 0.004572 2.0714 159.6 1.574 1.218 j131007_0690
6573.399437 1.000419 0.004558 2.0765 158.0 1.389 1.893 j131007_0691
6573.399701 1.005607 0.004598 2.0816 158.8 1.400 1.082 j131007_0692
6573.399965 1.008409 0.004630 2.0867 162.2 1.728 1.466 j131007_0693
6573.400227 1.003748 0.004628 2.0918 160.6 1.402 1.160 j131007_0694
6573.400490 1.005158 0.004654 2.0969 163.2 2.134 1.106 j131007_0695
6573.400752 1.004245 0.004665 2.1021 164.0 1.111 1.721 j131007_0696
6573.401013 1.010738 0.004712 2.1073 164.8 1.880 2.208 j131007_0697
6573.401277 1.003843 0.004700 2.1125 162.0 2.362 1.700 j131007_0698
6573.401540 1.008852 0.004741 2.1178 164.3 -2.196 1.530 j131007_0699
6573.401804 1.010434 0.004769 2.1231 168.4 1.864 0.836 j131007_0700
6573.402067 1.003286 0.004755 2.1285 169.7 2.220 1.330 j131007_0701
6573.402329 1.004983 0.004780 2.1338 167.2 -0.762 2.675 j131007_0702
6573.402590 1.008962 0.004818 2.1391 168.7 -1.082 1.773 j131007_0703
6573.402854 1.007961 0.004829 2.1446 166.9 -1.605 1.196 j131007_0704
6573.403117 0.998045 0.004806 2.1501 170.0 1.686 1.737 j131007_0705
6573.403389 1.005004 0.004858 2.1558 173.4 1.309 0.534 j131007_0706
6573.403914 1.009445 0.004917 2.1669 169.2 1.911 2.321 j131007_0708
6573.404177 1.012325 0.004950 2.1725 171.2 1.556 1.408 j131007_0709
6573.404440 1.003277 0.004929 2.1781 172.9 2.360 0.924 j131007_0710
6573.404963 1.008399 0.004995 2.1894 178.9 2.628 2.312 j131007_0712
6573.405226 1.005892 0.005003 2.1952 177.5 -1.596 0.568 j131007_0713
6573.405487 1.011285 0.005050 2.2009 176.8 2.230 1.938 j131007_0714
6573.405751 1.005062 0.005039 2.2067 176.3 -1.041 0.498 j131007_0715
6573.406013 1.004390 0.005060 2.2126 176.3 -1.489 2.193 j131007_0716
6573.406278 1.007815 0.005097 2.2185 175.6 2.374 1.215 j131007_0717
6573.406539 1.010655 0.005132 2.2244 179.4 -1.153 0.942 j131007_0718
6573.406802 1.006211 0.005132 2.2304 175.8 -0.953 1.428 j131007_0719
6573.407064 1.003408 0.005140 2.2363 176.9 -1.888 3.231 j131007_0720
6573.407328 1.008889 0.005192 2.2424 178.8 2.161 1.107 j131007_0721
6573.407590 1.010590 0.005219 2.2485 178.7 2.017 1.513 j131007_0722
6573.407852 1.007130 0.005227 2.2546 181.1 1.889 1.781 j131007_0723
6573.408113 1.009627 0.005260 2.2607 184.5 2.481 1.150 j131007_0724
6573.408375 1.009261 0.005282 2.2668 185.5 -0.976 1.784 j131007_0725
6573.408636 1.007897 0.005299 2.2731 185.3 -0.637 1.277 j131007_0726
6573.408899 1.007741 0.005323 2.2793 183.6 -0.350 1.836 j131007_0727
6573.409161 1.013523 0.005376 2.2856 181.3 -0.612 0.994 j131007_0728
6573.409424 1.005781 0.005360 2.2920 178.9 -0.440 1.707 j131007_0729
6573.409688 1.000000 0.005354 2.2984 175.2 0.211 0.761 j131007_0730
6573.409948 1.003127 0.005393 2.3048 173.0 -0.219 1.731 j131007_0731
6573.410210 1.005941 0.005428 2.3112 172.7 -0.815 1.501 j131007_0732
6573.410471 1.008241 0.005466 2.3177 173.0 -0.384 0.929 j131007_0733
6573.410736 0.999768 0.005450 2.3244 179.3 -0.833 1.808 j131007_0734
6573.410999 1.001582 0.005483 2.3310 181.1 -0.961 2.443 j131007_0735
6573.411262 1.005681 0.005532 2.3376 179.8 -1.082 0.839 j131007_0736
6573.411523 1.005537 0.005557 2.3443 183.0 -0.371 1.424 j131007_0737
6573.411785 1.012474 0.005618 2.3510 181.7 -0.143 1.227 j131007_0738
