# BJD(TDB)-2450000 flux err airmass sky dx dy baserun
6518.005322 1.013104 0.004814 1.4162 349.4 9.999 5.536 MTOTR0001166482
6518.005707 1.009578 0.004803 1.4143 366.0 9.873 5.629 MTOTR0001166483
6518.006087 1.014981 0.004824 1.4126 323.2 9.550 5.472 MTOTR0001166484
6518.006473 1.003610 0.004793 1.4107 322.2 8.115 5.718 MTOTR0001166485
6518.006853 1.003644 0.004778 1.4089 321.0 6.788 5.626 MTOTR0001166486
6518.007239 1.006043 0.004814 1.4071 319.3 7.986 5.848 MTOTR0001166487
6518.007620 1.010045 0.004876 1.4053 378.0 7.209 4.596 MTOTR0001166488
6518.008006 1.002995 0.004825 1.4034 371.7 7.393 4.549 MTOTR0001166489
6518.008386 1.008774 0.004920 1.4017 407.1 6.935 4.459 MTOTR0001166490
6518.008772 1.005493 0.004991 1.3999 429.2 4.598 3.281 MTOTR0001166491
6518.009153 0.997007 0.004848 1.3982 367.2 3.432 3.654 MTOTR0001166492
6518.009539 0.995391 0.004889 1.3964 320.5 0.417 2.537 MTOTR0001166493
6518.009920 1.000974 0.004830 1.3947 313.6 1.743 2.563 MTOTR0001166494
6518.010305 1.000623 0.004824 1.3930 350.2 3.613 2.707 MTOTR0001166495
6518.010686 1.005123 0.004791 1.3913 329.1 3.286 1.920 MTOTR0001166496
6518.011072 1.006298 0.004850 1.3896 326.2 1.879 1.430 MTOTR0001166497
6518.011453 1.003364 0.004750 1.3879 323.6 2.191 1.454 MTOTR0001166498
6518.011839 0.995496 0.004757 1.3863 320.8 -0.078 1.056 MTOTR0001166499
6518.012220 1.008714 0.004732 1.3846 298.2 -2.074 1.177 MTOTR0001166500
6518.012606 0.995103 0.004712 1.3830 294.2 -0.343 0.895 MTOTR0001166501
6518.012986 1.002430 0.004673 1.3814 308.3 1.190 0.983 MTOTR0001166502
6518.013373 0.996902 0.004698 1.3798 305.2 1.749 0.793 MTOTR0001166503
6518.013753 1.009885 0.004634 1.3782 301.1 1.565 0.840 MTOTR0001166504
6518.014139 0.996807 0.004634 1.3766 296.6 1.459 0.881 MTOTR0001166505
6518.014520 1.001868 0.004600 1.3750 282.1 0.432 0.728 MTOTR0001166506
6518.014906 1.010594 0.005173 1.3734 310.6 -1.433 0.499 MTOTR0001166507
6518.015286 1.001659 0.004554 1.3719 290.5 -1.387 0.543 MTOTR0001166508
6518.015673 1.009955 0.004625 1.3703 288.9 0.485 0.372 MTOTR0001166509
6518.016053 0.993392 0.004532 1.3688 287.0 1.656 0.613 MTOTR0001166510
6518.016439 1.008392 0.004601 1.3673 268.4 0.669 0.536 MTOTR0001166511
6518.016819 1.001506 0.004534 1.3658 298.9 0.653 0.562 MTOTR0001166512
6518.017206 1.003539 0.004603 1.3643 297.1 0.796 0.720 MTOTR0001166513
6518.017586 1.002588 0.004547 1.3629 262.7 -0.980 0.742 MTOTR0001166514
6518.017972 1.009518 0.004557 1.3613 277.5 -1.829 0.885 MTOTR0001166515
6518.018352 1.003697 0.004568 1.3599 276.3 0.517 0.776 MTOTR0001166516
6518.018739 1.011662 0.004574 1.3584 308.5 1.563 0.805 MTOTR0001166517
6518.019119 0.998438 0.004465 1.3571 290.6 1.560 0.909 MTOTR0001166518
6518.019505 1.002941 0.004527 1.3556 287.8 1.549 1.011 MTOTR0001166519
6518.019885 1.003285 0.004498 1.3542 287.9 1.647 1.042 MTOTR0001166520
6518.020271 1.009392 0.004563 1.3528 269.4 -0.449 1.148 MTOTR0001166521
6518.020651 1.006783 0.004495 1.3514 284.4 -1.599 1.221 MTOTR0001166522
6518.021037 1.001352 0.004534 1.3500 283.6 0.372 0.999 MTOTR0001166523
6518.021418 1.007795 0.004501 1.3486 282.2 1.989 1.191 MTOTR0001166524
6518.021804 1.002412 0.004486 1.3473 264.7 2.338 1.216 MTOTR0001166525
6518.022184 1.001211 0.004511 1.3459 248.2 1.635 1.333 MTOTR0001166526
6518.022570 1.004815 0.004430 1.3446 279.1 1.990 1.378 MTOTR0001166527
6518.022950 0.997433 0.004495 1.3433 263.7 0.023 1.368 MTOTR0001166528
6518.023336 1.005238 0.004512 1.3420 279.8 -1.834 1.584 MTOTR0001166529
6518.023717 1.001154 0.004909 1.3406 246.9 -1.334 1.586 MTOTR0001166530
6518.024102 1.008281 0.004559 1.3394 262.2 1.271 1.742 MTOTR0001166531
6518.024483 0.998247 0.004595 1.3381 262.9 1.494 1.720 MTOTR0001166532
6518.024869 1.014299 0.004568 1.3368 246.7 1.581 1.777 MTOTR0001166533
6518.025249 0.997810 0.004589 1.3356 276.7 1.652 1.681 MTOTR0001166534
6518.025635 1.013495 0.004559 1.3343 244.8 1.123 1.646 MTOTR0001166535
6518.026016 1.004102 0.004588 1.3331 258.4 -0.849 1.609 MTOTR0001166536
6518.026402 1.002800 0.004527 1.3318 241.8 -0.581 1.650 MTOTR0001166537
6518.026783 1.004282 0.004590 1.3306 256.5 1.524 1.317 MTOTR0001166538
6518.027169 1.011204 0.004523 1.3294 255.9 2.656 1.389 MTOTR0001166539
6518.027550 1.010026 0.004508 1.3282 255.0 2.616 1.348 MTOTR0001166540
6518.027935 1.004647 0.004477 1.3270 252.1 2.697 1.504 MTOTR0001166541
6518.028316 1.002573 0.004469 1.3258 248.7 2.216 1.450 MTOTR0001166542
6518.028702 1.005791 0.006290 1.3246 232.0 0.584 1.561 MTOTR0001166543
6518.029083 1.004780 0.004500 1.3235 273.4 -0.331 1.062 MTOTR0001166544
6518.029469 0.997485 0.004423 1.3223 257.9 1.164 0.967 MTOTR0001166545
6518.029850 1.001680 0.004445 1.3212 227.6 2.524 0.944 MTOTR0001166546
6518.030236 1.003937 0.004454 1.3200 244.4 2.450 1.062 MTOTR0001166547
6518.030617 1.003155 0.004456 1.3189 256.9 2.530 1.168 MTOTR0001166548
6518.031003 1.001981 0.004498 1.3178 242.4 1.740 0.906 MTOTR0001166549
6518.031384 1.003303 0.004467 1.3167 227.0 0.328 0.972 MTOTR0001166550
6518.031770 1.015639 0.004477 1.3156 253.0 -0.915 1.109 MTOTR0001166551
6518.032150 0.998921 0.004435 1.3145 252.7 0.495 1.009 MTOTR0001166552
6518.032537 1.006661 0.004445 1.3135 251.8 2.101 1.121 MTOTR0001166553
6518.032917 1.005341 0.004479 1.3124 249.6 1.030 0.767 MTOTR0001166554
6518.033304 1.004159 0.004438 1.3113 246.8 1.440 0.963 MTOTR0001166555
6518.033684 0.999289 0.004415 1.3103 232.3 1.639 0.808 MTOTR0001166556
6518.034070 1.004595 0.004434 1.3092 244.6 0.418 1.114 MTOTR0001166557
6518.034450 1.003795 0.004435 1.3082 229.8 -1.154 1.246 MTOTR0001166558
6518.034837 0.992724 0.004402 1.3072 215.5 -0.377 1.149 MTOTR0001166559
6518.035217 1.011833 0.004492 1.3062 214.8 0.899 0.604 MTOTR0001166560
6518.035604 1.001758 0.004408 1.3052 227.8 1.425 0.916 MTOTR0001166561
6518.035984 1.007176 0.004419 1.3042 238.7 1.396 0.877 MTOTR0001166562
6518.036369 1.002560 0.004403 1.3032 225.2 1.594 0.780 MTOTR0001166563
6518.036750 0.997684 0.004390 1.3023 236.4 0.781 0.997 MTOTR0001166564
6518.037136 0.997957 0.004431 1.3013 222.4 -1.608 0.753 MTOTR0001166565
6518.037517 1.001257 0.004398 1.3003 207.2 -1.297 0.852 MTOTR0001166566
6518.037903 1.009346 0.004408 1.2994 231.2 0.379 1.022 MTOTR0001166567
6518.038283 0.997882 0.004348 1.2985 229.7 1.260 0.945 MTOTR0001166568
6518.038669 1.003300 0.004348 1.2975 215.0 1.153 0.874 MTOTR0001166569
6518.039050 1.002140 0.004395 1.2966 212.7 1.480 0.775 MTOTR0001166570
6518.039435 1.007494 0.004359 1.2957 223.1 0.928 0.763 MTOTR0001166571
6518.039815 0.999403 0.004348 1.2948 209.1 -1.122 0.803 MTOTR0001166572
6518.040201 1.005127 0.004356 1.2939 208.1 -1.620 0.892 MTOTR0001166573
6518.040581 1.005437 0.004346 1.2931 206.0 -0.078 0.978 MTOTR0001166574
6518.040967 1.002913 0.004321 1.2922 217.0 1.101 0.926 MTOTR0001166575
6518.041347 1.012990 0.004345 1.2913 215.8 1.428 0.640 MTOTR0001166576
6518.041733 1.007123 0.004325 1.2904 202.8 1.509 0.741 MTOTR0001166577
6518.042114 0.999819 0.004305 1.2896 189.4 1.188 0.736 MTOTR0001166578
6518.042499 1.000713 0.004312 1.2888 223.9 -0.493 0.891 MTOTR0001166579
6518.042880 1.011002 0.004349 1.2879 199.5 -1.551 0.573 MTOTR0001166580
6518.043266 1.009524 0.004321 1.2871 198.5 -0.366 0.464 MTOTR0001166581
6518.043647 1.005593 0.004317 1.2863 196.4 1.125 0.787 MTOTR0001166582
6518.044032 0.996753 0.004289 1.2855 195.5 1.295 0.527 MTOTR0001166583
6518.044413 1.002889 0.004296 1.2847 206.3 1.203 0.695 MTOTR0001166584
6518.044798 1.007481 0.004316 1.2839 183.2 0.892 0.677 MTOTR0001166585
6518.045179 1.008181 0.004345 1.2832 205.2 -0.587 0.738 MTOTR0001166586
6518.045565 1.000613 0.004313 1.2824 204.3 -2.482 0.783 MTOTR0001166587
6518.045946 1.006019 0.004338 1.2816 204.0 -1.459 0.837 MTOTR0001166588
6518.046332 1.006708 0.004332 1.2809 202.5 0.129 0.827 MTOTR0001166589
6518.046713 1.002321 0.004330 1.2802 178.2 0.832 0.725 MTOTR0001166590
6518.047098 0.999422 0.004295 1.2794 199.7 0.801 0.579 MTOTR0001166591
6518.047479 1.005168 0.004328 1.2787 188.2 0.988 0.444 MTOTR0001166592
6518.047866 1.007790 0.004361 1.2780 197.5 -0.173 0.461 MTOTR0001166593
6518.048246 0.999520 0.004311 1.2773 206.6 -2.050 0.644 MTOTR0001166594
6518.048633 0.989696 0.004296 1.2766 205.7 -0.604 0.676 MTOTR0001166595
6518.049013 0.996180 0.004302 1.2759 181.8 0.897 0.591 MTOTR0001166596
6518.049399 1.003325 0.004330 1.2752 190.6 1.679 0.594 MTOTR0001166597
6518.049779 1.003103 0.004322 1.2746 188.5 1.784 0.678 MTOTR0001166598
6518.050166 0.999786 0.004317 1.2738 187.1 2.023 0.701 MTOTR0001166599
6518.050546 1.001397 0.004333 1.2732 186.8 1.299 0.851 MTOTR0001166600
6518.050933 0.998327 0.004363 1.2725 176.7 -0.800 0.587 MTOTR0001166601
6518.051313 1.004965 0.004354 1.2719 171.2 -0.613 0.747 MTOTR0001166602
6518.051700 0.999551 0.004353 1.2713 186.5 0.834 0.627 MTOTR0001166603
6518.052080 1.004440 0.004376 1.2707 173.3 1.982 0.654 MTOTR0001166604
6518.052466 1.005435 0.004382 1.2700 183.4 1.624 0.732 MTOTR0001166605
6518.052847 0.995054 0.004413 1.2694 173.2 1.123 0.459 MTOTR0001166606
6518.053233 1.006360 0.004428 1.2688 182.8 0.827 0.600 MTOTR0001166607
6518.053613 1.007455 0.004448 1.2682 182.4 -1.109 0.693 MTOTR0001166608
6518.054000 1.008224 0.004431 1.2676 181.4 -1.929 0.907 MTOTR0001166609
6518.054380 1.004815 0.004430 1.2671 181.8 -0.447 0.934 MTOTR0001166610
6518.054766 1.007737 0.004430 1.2665 169.6 0.748 0.740 MTOTR0001166611
6518.055146 1.005156 0.004940 1.2660 180.0 1.118 0.319 MTOTR0001166612
6518.055533 1.004066 0.004387 1.2654 187.6 1.127 0.358 MTOTR0001166613
6518.055913 0.996845 0.004374 1.2649 165.2 1.313 0.363 MTOTR0001166614
6518.056299 1.003494 0.004382 1.2643 171.3 -0.482 0.353 MTOTR0001166615
6518.056679 1.002101 0.004397 1.2638 151.8 -1.237 0.274 MTOTR0001166616
6518.057066 0.997660 0.004338 1.2633 168.8 -0.128 0.524 MTOTR0001166617
6518.057446 1.007749 0.004356 1.2628 157.7 1.165 0.554 MTOTR0001166618
6518.057833 1.001322 0.004330 1.2623 166.3 1.701 0.592 MTOTR0001166619
6518.058213 1.004382 0.004335 1.2618 157.9 1.422 0.694 MTOTR0001166620
6518.058599 1.001265 0.004363 1.2613 145.3 1.397 0.559 MTOTR0001166621
6518.058979 1.002046 0.004331 1.2608 156.5 0.306 0.765 MTOTR0001166622
6518.059366 1.010179 0.004333 1.2603 144.0 -2.114 0.577 MTOTR0001166623
6518.059746 1.006081 0.004320 1.2599 169.8 -1.307 0.641 MTOTR0001166624
6518.060132 1.005631 0.004311 1.2594 142.9 0.338 0.612 MTOTR0001166625
6518.060513 0.995974 0.004266 1.2590 160.0 0.882 0.690 MTOTR0001166626
6518.060898 1.001233 0.004297 1.2585 167.0 0.830 0.736 MTOTR0001166627
6518.061279 1.002054 0.004285 1.2581 157.5 1.123 0.736 MTOTR0001166628
6518.061665 1.005153 0.004300 1.2577 157.2 0.128 0.692 MTOTR0001166629
6518.062045 1.007052 0.004305 1.2573 139.3 -1.704 0.770 MTOTR0001166630
6518.062431 0.993712 0.004289 1.2568 155.8 -1.724 0.838 MTOTR0001166631
6518.062812 0.998042 0.004292 1.2565 138.7 -0.367 0.859 MTOTR0001166632
6518.063198 0.997822 0.004281 1.2561 154.9 0.516 0.725 MTOTR0001166633
6518.063578 0.994008 0.004260 1.2557 145.5 0.715 0.690 MTOTR0001166634
6518.063964 0.990450 0.004261 1.2553 145.0 0.423 0.477 MTOTR0001166635
6518.064345 0.989949 0.004253 1.2549 153.2 0.121 0.571 MTOTR0001166636
6518.064731 0.995121 0.004269 1.2546 144.4 -1.700 0.632 MTOTR0001166637
6518.065112 0.995323 0.004275 1.2542 145.2 -1.849 0.535 MTOTR0001166638
6518.065498 0.991348 0.004265 1.2538 145.7 -0.465 0.577 MTOTR0001166639
6518.065878 0.989453 0.004246 1.2535 153.5 0.732 0.470 MTOTR0001166640
6518.066264 0.996670 0.004266 1.2532 163.6 0.613 0.715 MTOTR0001166641
6518.066645 0.986465 0.004251 1.2529 136.9 0.633 0.492 MTOTR0001166642
6518.067031 0.989679 0.004281 1.2525 152.2 0.422 0.589 MTOTR0001166643
6518.067411 0.997444 0.004286 1.2522 143.1 -1.556 0.522 MTOTR0001166644
6518.067797 0.988374 0.004245 1.2519 142.1 -2.997 0.668 MTOTR0001166645
6518.068178 0.989559 0.004228 1.2516 149.2 -1.754 0.627 MTOTR0001166646
6518.068564 0.983412 0.004186 1.2514 140.1 -0.402 0.584 MTOTR0001166647
6518.068945 0.990048 0.004224 1.2511 139.0 -0.638 0.522 MTOTR0001166648
6518.069331 0.986474 0.004203 1.2508 138.6 -0.458 0.467 MTOTR0001166649
6518.069712 0.989066 0.004228 1.2505 154.8 -0.592 0.536 MTOTR0001166650
6518.070098 0.987369 0.004237 1.2503 146.7 -2.294 0.566 MTOTR0001166651
6518.070479 0.978909 0.004202 1.2500 147.1 -4.152 0.628 MTOTR0001166652
6518.070865 0.977398 0.004209 1.2498 162.0 -3.203 0.743 MTOTR0001166653
6518.071245 0.968322 0.004205 1.2496 172.7 -0.454 0.504 MTOTR0001166654
6518.071632 0.979325 0.004223 1.2493 191.2 -0.102 0.479 MTOTR0001166655
6518.072012 0.976891 0.004179 1.2491 165.5 -0.275 0.599 MTOTR0001166656
6518.072399 0.980375 0.004179 1.2489 141.5 -0.155 0.535 MTOTR0001166657
6518.072779 0.973645 0.004178 1.2487 138.7 -1.455 0.448 MTOTR0001166658
6518.073166 0.979028 0.004177 1.2485 138.2 -3.643 0.368 MTOTR0001166659
6518.073546 0.971367 0.004147 1.2483 127.8 -3.271 0.535 MTOTR0001166660
6518.073933 0.978688 0.004157 1.2481 142.2 -1.851 0.507 MTOTR0001166661
6518.074313 0.974940 0.004165 1.2480 142.4 -1.221 0.407 MTOTR0001166662
6518.074700 0.967892 0.004143 1.2478 157.9 -1.188 0.404 MTOTR0001166663
6518.075080 0.969118 0.004163 1.2476 133.8 -0.981 0.162 MTOTR0001166664
6518.075466 0.978822 0.004176 1.2475 125.8 -1.498 0.303 MTOTR0001166665
6518.075847 0.976459 0.004199 1.2473 132.9 -3.762 0.455 MTOTR0001166666
6518.076233 0.982772 0.004212 1.2472 148.1 -4.118 0.248 MTOTR0001166667
6518.076613 0.977327 0.004178 1.2471 124.1 -2.760 0.430 MTOTR0001166668
6518.077000 0.970586 0.004163 1.2470 131.8 0.406 0.493 MTOTR0001166669
6518.077380 0.966352 0.004155 1.2469 132.3 0.363 0.449 MTOTR0001166670
6518.077766 0.977683 0.004183 1.2468 132.3 0.506 0.320 MTOTR0001166671
6518.078147 0.964176 0.004169 1.2467 132.0 0.120 0.391 MTOTR0001166672
6518.078533 0.970284 0.004189 1.2466 139.8 -1.635 0.337 MTOTR0001166673
6518.078913 0.973961 0.004193 1.2465 140.8 -2.740 0.382 MTOTR0001166674
6518.079299 0.967934 0.004167 1.2464 139.3 -1.444 0.480 MTOTR0001166675
6518.079680 0.974008 0.004204 1.2463 124.3 -0.234 0.170 MTOTR0001166676
6518.080066 0.968156 0.004169 1.2463 131.2 -0.184 0.298 MTOTR0001166677
6518.080446 0.968690 0.004192 1.2462 138.5 -0.439 0.480 MTOTR0001166678
6518.080832 0.966524 0.004162 1.2462 146.0 -0.386 0.420 MTOTR0001166679
6518.081213 0.969714 0.004176 1.2461 130.6 -1.788 0.595 MTOTR0001166680
6518.081598 0.975656 0.004189 1.2461 137.5 -3.921 0.455 MTOTR0001166681
6518.081978 0.970790 0.004191 1.2461 128.9 -3.073 0.382 MTOTR0001166682
6518.082364 0.967276 0.004193 1.2461 144.3 -0.162 0.433 MTOTR0001166683
6518.082744 0.966665 0.004150 1.2461 139.5 0.128 0.536 MTOTR0001166684
6518.083130 0.974225 0.004152 1.2460 128.8 0.095 0.537 MTOTR0001166685
6518.083511 0.969507 0.004131 1.2461 133.8 0.356 0.598 MTOTR0001166686
6518.083897 0.970869 0.004156 1.2461 124.8 -1.013 0.520 MTOTR0001166687
6518.084278 0.965802 0.004140 1.2461 131.3 -2.604 0.515 MTOTR0001166688
6518.084664 0.968135 0.004124 1.2461 124.1 -1.978 0.483 MTOTR0001166689
6518.085045 0.966600 0.004115 1.2462 124.2 -0.651 0.390 MTOTR0001166690
6518.085431 0.970752 0.004127 1.2462 122.9 0.067 0.437 MTOTR0001166691
6518.085812 0.964777 0.004119 1.2463 123.3 -0.086 0.485 MTOTR0001166692
6518.086198 0.964158 0.004140 1.2463 123.4 -0.058 0.399 MTOTR0001166693
6518.086579 0.959420 0.004122 1.2464 137.7 -0.994 0.323 MTOTR0001166694
6518.086965 0.967362 0.004163 1.2465 138.8 -3.175 0.271 MTOTR0001166695
6518.087346 0.973716 0.004153 1.2465 137.0 -3.406 0.291 MTOTR0001166696
6518.087732 0.968214 0.004138 1.2466 121.5 -2.101 0.332 MTOTR0001166697
6518.088113 0.967405 0.004121 1.2467 135.1 -1.035 0.311 MTOTR0001166698
6518.088499 0.965112 0.004114 1.2468 111.4 -0.351 0.284 MTOTR0001166699
6518.088880 0.965445 0.004112 1.2469 119.0 -0.183 0.236 MTOTR0001166700
6518.089266 0.961087 0.004119 1.2470 130.2 -0.854 0.224 MTOTR0001166701
6518.089647 0.968096 0.004133 1.2472 119.0 -2.962 0.207 MTOTR0001166702
6518.090033 0.969909 0.004137 1.2473 124.6 -2.587 0.275 MTOTR0001166703
6518.090414 0.962419 0.004084 1.2474 116.1 -1.200 0.306 MTOTR0001166704
6518.090800 0.968469 0.004112 1.2476 108.8 -0.280 0.196 MTOTR0001166705
6518.091181 0.968058 0.004104 1.2477 122.0 -0.473 0.108 MTOTR0001166706
6518.091567 0.965046 0.004086 1.2479 121.9 -0.340 0.239 MTOTR0001166707
6518.091948 0.965720 0.004090 1.2481 121.0 -0.772 0.173 MTOTR0001166708
6518.092334 0.961350 0.004095 1.2483 113.3 -2.134 0.284 MTOTR0001166709
6518.092714 0.964323 0.004105 1.2484 126.5 -3.723 0.265 MTOTR0001166710
6518.093101 0.963343 0.004097 1.2486 119.8 -2.771 0.250 MTOTR0001166711
6518.093482 0.960926 0.004071 1.2488 112.8 -1.408 0.253 MTOTR0001166712
6518.093868 0.965342 0.004096 1.2490 113.1 -1.281 0.240 MTOTR0001166713
6518.094249 0.956422 0.004070 1.2492 120.9 -0.763 0.245 MTOTR0001166714
6518.094635 0.965419 0.004088 1.2495 120.6 -0.630 0.254 MTOTR0001166715
6518.095015 0.968728 0.004117 1.2497 106.5 -2.124 0.276 MTOTR0001166716
6518.095402 0.970126 0.004127 1.2500 113.8 -4.488 0.284 MTOTR0001166717
6518.095782 0.968000 0.004155 1.2502 114.1 -2.178 0.345 MTOTR0001166718
6518.096169 0.971046 0.004148 1.2505 120.1 -0.801 0.248 MTOTR0001166719
6518.096549 0.967767 0.004147 1.2507 113.4 -0.489 0.222 MTOTR0001166720
6518.096936 0.967859 0.004147 1.2510 106.7 -0.758 0.155 MTOTR0001166721
6518.097316 0.963884 0.004155 1.2512 114.4 -0.527 0.231 MTOTR0001166722
6518.097704 0.958001 0.004176 1.2515 120.3 -1.749 0.140 MTOTR0001166723
6518.098085 0.964538 0.004188 1.2518 120.3 -3.427 0.272 MTOTR0001166724
6518.098471 0.970104 0.004207 1.2521 107.9 -3.332 0.336 MTOTR0001166725
6518.098852 0.967905 0.004202 1.2524 127.2 -2.023 0.100 MTOTR0001166726
6518.099238 0.962871 0.004156 1.2527 120.2 -1.311 0.313 MTOTR0001166727
6518.099619 0.969252 0.004215 1.2531 120.2 -0.773 0.114 MTOTR0001166728
6518.100005 0.971004 0.004183 1.2534 113.5 -0.638 0.086 MTOTR0001166729
6518.100385 0.965149 0.004171 1.2537 120.2 -1.408 0.096 MTOTR0001166730
6518.100772 0.963058 0.004174 1.2541 119.7 -3.386 -0.000 MTOTR0001166731
6518.101152 0.960370 0.004136 1.2544 105.7 -3.769 0.112 MTOTR0001166732
6518.101538 0.967140 0.004157 1.2548 117.9 -0.866 0.126 MTOTR0001166733
6518.101919 0.961908 0.004140 1.2551 111.3 0.221 0.004 MTOTR0001166734
6518.102305 0.962524 0.004143 1.2555 104.1 -0.049 0.052 MTOTR0001166735
6518.102686 0.966091 0.004145 1.2559 117.4 -0.027 0.127 MTOTR0001166736
6518.103072 0.963255 0.004148 1.2563 117.5 -0.295 0.101 MTOTR0001166737
6518.103453 0.970741 0.004194 1.2567 110.2 -2.147 0.077 MTOTR0001166738
6518.103839 0.963458 0.004142 1.2571 116.3 -3.470 0.192 MTOTR0001166739
6518.104219 0.963577 0.004155 1.2575 122.9 -2.143 0.046 MTOTR0001166740
6518.104606 0.963691 0.004162 1.2579 110.1 -0.953 0.071 MTOTR0001166741
6518.104987 0.962163 0.004160 1.2584 116.6 -0.968 -0.021 MTOTR0001166742
6518.105373 0.959722 0.004158 1.2588 116.7 -0.849 0.044 MTOTR0001166743
6518.105753 0.960667 0.004176 1.2592 122.4 -0.574 0.053 MTOTR0001166744
6518.106140 0.968337 0.004201 1.2597 129.0 -2.105 0.068 MTOTR0001166745
6518.106520 0.968323 0.004198 1.2602 109.8 -3.775 0.098 MTOTR0001166746
6518.106906 0.961477 0.004191 1.2606 111.1 -2.659 0.100 MTOTR0001166747
6518.107287 0.962356 0.004196 1.2611 111.8 -1.464 -0.070 MTOTR0001166748
6518.107673 0.963248 0.004203 1.2616 111.5 0.309 -0.012 MTOTR0001166749
6518.108054 0.974528 0.004227 1.2621 123.8 0.175 -0.161 MTOTR0001166750
6518.108440 0.963301 0.004214 1.2626 124.2 0.352 -0.062 MTOTR0001166751
6518.108821 0.959874 0.004194 1.2631 111.9 -0.701 -0.067 MTOTR0001166752
6518.109207 0.965559 0.004215 1.2636 104.1 -2.927 -0.089 MTOTR0001166753
6518.109588 0.965638 0.004228 1.2641 115.2 -2.716 -0.183 MTOTR0001166754
6518.109973 0.965311 0.004203 1.2647 107.4 -1.174 -0.087 MTOTR0001166755
6518.110354 0.961297 0.004168 1.2652 120.0 -0.743 -0.220 MTOTR0001166756
6518.110740 0.969522 0.004212 1.2658 119.4 -1.056 -0.184 MTOTR0001166757
6518.111121 0.953286 0.004169 1.2663 112.7 -0.784 -0.227 MTOTR0001166758
6518.111507 0.970918 0.004223 1.2669 119.5 -1.120 -0.119 MTOTR0001166759
6518.111888 0.969180 0.004246 1.2675 112.4 -3.433 -0.134 MTOTR0001166760
6518.112274 0.966905 0.004222 1.2681 112.1 -3.719 -0.171 MTOTR0001166761
6518.112655 0.965300 0.004233 1.2686 106.1 -2.547 -0.028 MTOTR0001166762
6518.113041 0.957755 0.004191 1.2692 105.4 -0.568 -0.179 MTOTR0001166763
6518.113422 0.966304 0.004214 1.2698 111.9 -0.663 -0.204 MTOTR0001166764
6518.113808 0.962597 0.004186 1.2704 105.8 -0.654 -0.139 MTOTR0001166765
6518.114188 0.967605 0.004227 1.2711 111.9 -1.298 -0.237 MTOTR0001166766
6518.114575 0.969884 0.004235 1.2717 119.2 -3.277 -0.331 MTOTR0001166767
6518.114955 0.969634 0.004230 1.2723 110.7 -4.449 -0.272 MTOTR0001166768
6518.115342 0.966575 0.004205 1.2730 119.5 -2.247 -0.268 MTOTR0001166769
6518.115722 0.963451 0.004194 1.2736 112.9 -1.081 -0.347 MTOTR0001166770
6518.116109 0.974965 0.004209 1.2743 120.2 -1.327 -0.464 MTOTR0001166771
6518.116488 0.962687 0.004182 1.2750 113.2 -1.435 -0.295 MTOTR0001166772
6518.116875 0.969551 0.004214 1.2756 106.3 -0.680 -0.405 MTOTR0001166773
6518.117255 0.965217 0.004219 1.2763 112.5 -2.558 -0.363 MTOTR0001166774
6518.117642 0.959472 0.004179 1.2770 99.9 -4.476 -0.525 MTOTR0001166775
6518.118022 0.965987 0.004194 1.2777 118.9 -3.474 -0.474 MTOTR0001166776
6518.118408 0.968941 0.004202 1.2784 106.3 -2.098 -0.491 MTOTR0001166777
6518.118788 0.963477 0.004192 1.2791 111.8 -2.325 -0.330 MTOTR0001166778
6518.119175 0.968441 0.004204 1.2799 117.6 -1.700 -0.450 MTOTR0001166779
6518.119555 0.959771 0.004181 1.2806 105.3 -1.692 -0.509 MTOTR0001166780
6518.119941 0.969729 0.004235 1.2814 111.7 -3.326 -0.455 MTOTR0001166781
6518.120322 0.969486 0.004251 1.2821 105.9 -5.544 -0.493 MTOTR0001166782
6518.120708 0.974126 0.004266 1.2829 99.4 -5.096 -0.469 MTOTR0001166783
6518.121089 0.976819 0.004312 1.2837 112.4 -3.828 -0.535 MTOTR0001166784
6518.121475 0.960821 0.004258 1.2844 107.2 -1.131 -0.628 MTOTR0001166785
6518.121855 0.962387 0.004280 1.2852 113.7 -1.369 -0.541 MTOTR0001166786
6518.122241 0.968952 0.004304 1.2860 101.4 -1.334 -0.697 MTOTR0001166787
6518.122622 0.972761 0.004333 1.2868 114.8 -2.495 -0.689 MTOTR0001166788
6518.123008 0.969755 0.004353 1.2877 108.2 -4.343 -0.620 MTOTR0001166789
6518.123388 0.972386 0.004345 1.2885 109.0 -4.553 -0.489 MTOTR0001166790
6518.123774 0.966609 0.004340 1.2893 114.8 -3.393 -0.648 MTOTR0001166791
6518.124155 0.969467 0.004356 1.2902 108.7 -2.669 -0.562 MTOTR0001166792
6518.124541 0.973351 0.004342 1.2910 109.0 -3.227 -0.870 MTOTR0001166793
6518.124922 0.973476 0.004379 1.2918 115.8 -3.003 -0.705 MTOTR0001166794
6518.125308 0.969629 0.004349 1.2927 102.8 -2.038 -0.647 MTOTR0001166795
6518.125689 0.963960 0.004354 1.2936 102.4 -4.550 -0.731 MTOTR0001166796
6518.126075 0.970929 0.004353 1.2945 115.8 -5.602 -0.708 MTOTR0001166797
6518.126455 0.969260 0.004348 1.2954 109.2 -4.485 -0.684 MTOTR0001166798
6518.126841 0.967568 0.004362 1.2963 108.8 -1.767 -0.841 MTOTR0001166799
6518.127222 0.973812 0.004384 1.2972 114.3 -1.964 -0.738 MTOTR0001166800
6518.127608 0.982518 0.004404 1.2981 101.4 -2.169 -0.811 MTOTR0001166801
6518.127989 0.971631 0.004390 1.2991 114.2 -2.574 -0.637 MTOTR0001166802
6518.128375 0.974014 0.004435 1.3000 108.7 -4.648 -0.646 MTOTR0001166803
6518.128755 0.970537 0.004431 1.3009 115.7 -4.752 -0.779 MTOTR0001166804
6518.129142 0.976736 0.004472 1.3019 110.5 -4.011 -0.799 MTOTR0001166805
6518.129522 0.964442 0.004465 1.3028 110.8 -2.979 -0.882 MTOTR0001166806
6518.129908 0.967141 0.004506 1.3039 111.1 -2.855 -0.917 MTOTR0001166807
6518.130289 0.978884 0.004574 1.3048 118.6 -3.184 -0.876 MTOTR0001166808
6518.130675 0.978298 0.004600 1.3058 119.0 -3.460 -0.941 MTOTR0001166809
6518.131055 0.979068 0.004609 1.3069 113.2 -3.778 -0.971 MTOTR0001166810
6518.131442 0.970652 0.004577 1.3079 126.9 -6.046 -1.024 MTOTR0001166811
6518.131822 0.968971 0.004562 1.3089 119.9 -5.496 -1.104 MTOTR0001166812
6518.132209 0.984263 0.004611 1.3099 126.6 -4.223 -1.080 MTOTR0001166813
6518.132589 0.972263 0.004614 1.3110 120.5 -2.522 -1.188 MTOTR0001166814
6518.132976 0.975475 0.004656 1.3120 148.2 -2.686 -1.163 MTOTR0001166815
6518.133357 0.966974 0.004598 1.3131 134.0 -2.561 -1.238 MTOTR0001166816
6518.133743 0.979376 0.004619 1.3141 120.5 -4.054 -1.159 MTOTR0001166817
6518.134124 0.975276 0.004629 1.3152 118.2 -6.439 -1.269 MTOTR0001166818
6518.134510 0.980655 0.004701 1.3163 118.2 -6.320 -1.442 MTOTR0001166819
6518.134891 0.979229 0.004698 1.3174 112.8 -2.178 -1.396 MTOTR0001166820
6518.135277 0.980080 0.004702 1.3185 119.5 -1.702 -1.461 MTOTR0001166821
6518.135657 0.975537 0.004736 1.3196 120.9 -1.918 -1.493 MTOTR0001166822
6518.136044 0.983324 0.004781 1.3208 114.3 -1.883 -1.527 MTOTR0001166823
6518.136424 0.981953 0.004844 1.3219 129.0 -2.864 -1.436 MTOTR0001166824
6518.136811 0.979728 0.004888 1.3231 122.9 -5.117 -1.502 MTOTR0001166825
6518.137191 0.991396 0.004897 1.3242 123.5 -4.555 -1.417 MTOTR0001166826
6518.137578 0.986275 0.004894 1.3254 117.3 -3.394 -1.396 MTOTR0001166827
6518.137958 0.990320 0.004935 1.3266 125.2 -2.547 -1.426 MTOTR0001166828
6518.138344 0.994146 0.004983 1.3278 125.3 -3.134 -1.518 MTOTR0001166829
6518.138725 0.998079 0.005005 1.3290 125.8 -2.982 -1.516 MTOTR0001166830
6518.139111 0.991399 0.005004 1.3302 119.4 -2.431 -1.347 MTOTR0001166831
6518.139492 0.983690 0.005042 1.3314 120.7 -4.500 -1.274 MTOTR0001166832
6518.139878 0.991896 0.005091 1.3326 136.0 -5.831 -1.421 MTOTR0001166833
6518.140259 0.995788 0.005127 1.3339 115.1 -4.758 -1.394 MTOTR0001166834
6518.140645 0.992723 0.005153 1.3351 130.7 -3.711 -1.455 MTOTR0001166835
6518.141025 1.001646 0.005196 1.3364 131.2 -2.017 -1.239 MTOTR0001166836
6518.141411 0.995883 0.005211 1.3376 132.3 -2.120 -1.011 MTOTR0001166837
6518.141791 0.999038 0.005284 1.3389 133.7 -2.389 -0.987 MTOTR0001166838
6518.142178 0.985419 0.005318 1.3402 127.5 -4.442 -1.044 MTOTR0001166839
6518.142558 1.000951 0.005370 1.3415 136.7 -6.148 -1.190 MTOTR0001166840
6518.142945 1.001897 0.005404 1.3428 128.7 -5.527 -1.186 MTOTR0001166841
6518.143324 0.998982 0.005349 1.3441 126.5 -1.833 -0.907 MTOTR0001166842
6518.143711 0.995651 0.005308 1.3455 126.0 -1.750 -1.004 MTOTR0001166843
6518.144091 0.995801 0.005255 1.3468 133.0 -2.081 -1.157 MTOTR0001166844
6518.144478 0.993438 0.005198 1.3482 123.9 -2.240 -1.134 MTOTR0001166845
6518.144858 0.999797 0.005193 1.3496 130.9 -3.778 -1.189 MTOTR0001166846
6518.145244 0.995943 0.005156 1.3510 122.9 -4.984 -0.986 MTOTR0001166847
6518.145625 0.997572 0.005136 1.3523 122.5 -5.033 -1.078 MTOTR0001166848
6518.146011 1.001174 0.004994 1.3538 129.6 -3.953 -1.118 MTOTR0001166849
6518.146391 1.010594 0.005173 1.3551 130.1 -3.797 -1.066 MTOTR0001166850
6518.146778 1.011857 0.005194 1.3566 123.0 -4.169 -1.100 MTOTR0001166851
6518.147159 1.011614 0.005163 1.3580 123.4 -2.046 -0.967 MTOTR0001166852
6518.147545 1.003177 0.005181 1.3595 137.5 -3.461 -1.021 MTOTR0001166853
6518.147926 1.003284 0.005191 1.3609 149.2 -5.992 -1.080 MTOTR0001166854
6518.148312 0.997791 0.005100 1.3624 142.6 -6.588 -0.970 MTOTR0001166855
6518.148693 1.011837 0.005251 1.3639 128.5 -2.860 -0.810 MTOTR0001166856
6518.149079 1.005744 0.005097 1.3653 126.4 -2.100 -0.793 MTOTR0001166857
6518.149460 1.002420 0.005066 1.3668 125.5 -2.311 -0.820 MTOTR0001166858
6518.149846 1.006858 0.005057 1.3683 124.1 -2.332 -0.746 MTOTR0001166859
6518.150226 1.006209 0.005056 1.3699 123.4 -3.096 -0.739 MTOTR0001166860
6518.150613 1.012689 0.005073 1.3714 115.9 -3.674 -0.748 MTOTR0001166861
6518.150993 1.002823 0.004981 1.3729 122.1 -4.930 -0.749 MTOTR0001166862
6518.151380 0.998614 0.004948 1.3745 129.2 -4.133 -0.829 MTOTR0001166863
6518.151760 0.996230 0.004958 1.3761 122.5 -3.252 -1.020 MTOTR0001166864
6518.152147 1.003524 0.004963 1.3776 122.5 -3.478 -0.873 MTOTR0001166865
6518.152528 1.001689 0.004952 1.3792 122.5 -2.670 -0.719 MTOTR0001166866
6518.152913 0.995710 0.004913 1.3809 120.9 -2.862 -0.668 MTOTR0001166867
6518.153294 0.994883 0.004949 1.3825 121.9 -4.989 -0.788 MTOTR0001166868
6518.153680 1.005156 0.004940 1.3841 127.2 -6.787 -0.600 MTOTR0001166869
6518.154061 1.003373 0.004916 1.3857 113.4 -5.921 -0.595 MTOTR0001166870
6518.154447 1.007857 0.004918 1.3875 107.8 -2.732 -0.489 MTOTR0001166871
6518.154828 1.005064 0.004906 1.3891 112.6 -2.861 -0.529 MTOTR0001166872
6518.155214 1.004343 0.004923 1.3908 120.4 -2.926 -0.672 MTOTR0001166873
6518.155595 1.005583 0.004930 1.3925 120.5 -3.020 -0.603 MTOTR0001166874
6518.155981 1.005505 0.004966 1.3942 120.5 -4.814 -0.702 MTOTR0001166875
6518.156363 1.004170 0.004961 1.3959 120.6 -7.028 -0.697 MTOTR0001166876
6518.156749 1.003538 0.004937 1.3976 113.1 -4.376 -0.531 MTOTR0001166877
6518.157129 1.009686 0.004952 1.3994 113.3 -3.292 -0.706 MTOTR0001166878
6518.157515 1.002908 0.004940 1.4011 119.9 -2.968 -0.655 MTOTR0001166879
6518.157895 1.004580 0.004958 1.4029 121.8 -3.214 -0.642 MTOTR0001166880
6518.158281 1.000803 0.004935 1.4046 107.2 -3.331 -0.734 MTOTR0001166881
6518.158662 1.005927 0.004989 1.4064 128.0 -2.924 -0.622 MTOTR0001166882
6518.159048 1.001465 0.004960 1.4083 127.8 -5.286 -0.568 MTOTR0001166883
6518.159429 0.998748 0.004933 1.4101 120.2 -5.586 -0.726 MTOTR0001166884
6518.159815 1.002963 0.004930 1.4120 113.4 -4.390 -0.711 MTOTR0001166885
6518.160196 1.006716 0.004928 1.4137 114.0 -3.783 -0.813 MTOTR0001166886
6518.160582 1.004829 0.004904 1.4156 113.0 -2.147 -0.655 MTOTR0001166887
6518.160962 0.996006 0.004884 1.4175 105.7 -1.931 -0.752 MTOTR0001166888
6518.161348 1.003615 0.004909 1.4194 112.1 -2.988 -0.813 MTOTR0001166889
6518.161729 1.006351 0.004952 1.4213 119.5 -5.471 -0.870 MTOTR0001166890
6518.162115 1.001154 0.004909 1.4232 118.8 -4.054 -0.589 MTOTR0001166891
6518.162496 0.999763 0.004912 1.4251 112.0 -3.070 -0.651 MTOTR0001166892
6518.162882 0.999046 0.004909 1.4270 118.9 -2.258 -0.585 MTOTR0001166893
6518.163263 1.007838 0.004922 1.4290 112.8 -2.676 -0.724 MTOTR0001166894
6518.163648 1.000374 0.004899 1.4310 119.4 -2.613 -0.695 MTOTR0001166895
6518.164029 1.008719 0.004955 1.4329 112.9 -3.252 -0.629 MTOTR0001166896
6518.164415 0.996197 0.004965 1.4349 141.5 -4.379 -0.634 MTOTR0001166897
6518.164796 1.000730 0.004973 1.4370 154.5 -6.005 -0.751 MTOTR0001166898
6518.165181 1.005595 0.004955 1.4390 129.8 -5.517 -0.723 MTOTR0001166899
6518.165562 0.996149 0.004908 1.4411 107.1 -4.618 -0.695 MTOTR0001166900
6518.165948 1.004363 0.004944 1.4431 119.9 -2.575 -0.602 MTOTR0001166901
6518.166328 0.996257 0.004886 1.4451 112.6 -3.056 -0.669 MTOTR0001166902
6518.166715 0.998258 0.004916 1.4472 121.1 -3.292 -0.786 MTOTR0001166903
6518.167095 1.005191 0.004965 1.4493 115.5 -5.061 -0.817 MTOTR0001166904
6518.167481 1.000589 0.004945 1.4515 115.4 -7.518 -0.881 MTOTR0001166905
6518.167862 0.999287 0.004973 1.4536 121.5 -3.991 -0.504 MTOTR0001166906
6518.168248 1.000983 0.004961 1.4558 122.2 -2.991 -0.612 MTOTR0001166907
6518.168629 1.008235 0.005004 1.4579 116.4 -3.090 -0.570 MTOTR0001166908
6518.169015 1.006401 0.004999 1.4601 116.1 -3.518 -0.634 MTOTR0001166909
6518.169396 1.008843 0.005011 1.4623 123.1 -3.406 -0.645 MTOTR0001166910
6518.169782 1.006893 0.005053 1.4645 123.2 -3.243 -0.645 MTOTR0001166911
6518.170163 0.999840 0.005005 1.4667 123.5 -5.777 -0.638 MTOTR0001166912
6518.170549 1.007967 0.005020 1.4689 110.7 -5.773 -0.656 MTOTR0001166913
6518.170929 0.999397 0.004986 1.4712 118.2 -4.973 -0.703 MTOTR0001166914
6518.171316 1.008013 0.005000 1.4734 117.0 -4.557 -0.659 MTOTR0001166915
6518.171696 1.014485 0.005042 1.4757 124.4 -3.043 -0.806 MTOTR0001166916
6518.172083 1.006374 0.004995 1.4780 124.8 -3.136 -0.764 MTOTR0001166917
6518.172463 1.006341 0.004992 1.4803 124.6 -4.407 -0.900 MTOTR0001166918
6518.172850 1.001174 0.004994 1.4827 124.0 -6.905 -0.836 MTOTR0001166919
6518.173230 1.004790 0.004980 1.4850 123.9 -7.950 -0.905 MTOTR0001166920
6518.173616 0.997478 0.004950 1.4873 124.0 -7.047 -0.936 MTOTR0001166921
6518.173997 1.009364 0.004989 1.4897 119.9 -3.343 -0.616 MTOTR0001166922
6518.174383 1.008341 0.004976 1.4921 135.0 -4.074 -0.599 MTOTR0001166923
6518.174764 1.003288 0.004974 1.4945 113.6 -4.209 -0.729 MTOTR0001166924
6518.175150 0.998455 0.004991 1.4970 118.4 -4.825 -0.740 MTOTR0001166925
6518.175530 1.001643 0.005010 1.4994 124.4 -7.382 -0.614 MTOTR0001166926
6518.175917 1.001446 0.004990 1.5020 116.5 -7.119 -0.608 MTOTR0001166927
6518.176297 0.997654 0.004989 1.5043 131.4 -6.219 -0.699 MTOTR0001166928
6518.176684 0.999211 0.004999 1.5069 117.6 -5.646 -0.787 MTOTR0001166929
6518.177064 1.002220 0.005010 1.5095 126.0 -6.040 -0.786 MTOTR0001166930
6518.177450 0.995702 0.005005 1.5120 119.0 -4.108 -0.758 MTOTR0001166931
6518.177831 1.005264 0.005022 1.5145 124.8 -4.536 -0.686 MTOTR0001166932
6518.178217 1.001167 0.005030 1.5171 124.9 -6.653 -0.858 MTOTR0001166933
6518.178597 1.004042 0.005031 1.5197 125.0 -8.803 -0.935 MTOTR0001166934
6518.178984 1.005441 0.005035 1.5223 123.7 -8.327 -0.878 MTOTR0001166935
6518.179364 0.999962 0.005086 1.5249 122.7 -4.590 -0.525 MTOTR0001166936
6518.179751 1.005568 0.005019 1.5275 115.1 -4.387 -0.553 MTOTR0001166937
6518.180131 0.996279 0.004981 1.5301 115.3 -4.847 -0.613 MTOTR0001166938
6518.180517 1.006599 0.004999 1.5328 114.6 -4.930 -0.698 MTOTR0001166939
6518.180897 1.009289 0.005037 1.5355 121.9 -6.439 -0.672 MTOTR0001166940
6518.181284 1.007555 0.005032 1.5383 128.4 -6.472 -0.752 MTOTR0001166941
6518.181664 1.009121 0.005010 1.5409 128.1 -6.396 -0.621 MTOTR0001166942
6518.182050 1.002286 0.004989 1.5437 114.5 -5.379 -0.785 MTOTR0001166943
6518.182430 1.012197 0.005015 1.5465 107.3 -5.246 -0.703 MTOTR0001166944
6518.182817 1.013173 0.005017 1.5493 127.7 -5.804 -0.845 MTOTR0001166945
6518.183197 1.002448 0.005031 1.5520 120.5 -2.872 -0.569 MTOTR0001166946
6518.183583 1.004894 0.005027 1.5549 120.6 -4.125 -0.408 MTOTR0001166947
6518.183964 0.997772 0.005027 1.5577 120.8 -6.875 -0.528 MTOTR0001166948
6518.184350 1.002966 0.005042 1.5606 128.7 -7.239 -0.616 MTOTR0001166949
6518.184730 1.009890 0.005068 1.5635 121.6 -6.439 -0.587 MTOTR0001166950
6518.185117 1.010348 0.005092 1.5665 115.5 -5.916 -0.619 MTOTR0001166951
6518.185497 1.002664 0.005084 1.5693 115.4 -3.612 -0.461 MTOTR0001166952
6518.185883 0.999121 0.005067 1.5723 115.9 -3.801 -0.531 MTOTR0001166953
6518.186263 1.003517 0.005098 1.5753 116.7 -4.732 -0.593 MTOTR0001166954
6518.186650 1.006080 0.005140 1.5782 110.0 -7.026 -0.577 MTOTR0001166955
6518.187030 1.010163 0.005159 1.5813 123.9 -5.094 -0.447 MTOTR0001166956
6518.187417 0.999262 0.005107 1.5843 116.7 -4.371 -0.469 MTOTR0001166957
6518.187796 1.010318 0.005169 1.5873 124.0 -3.464 -0.458 MTOTR0001166958
6518.188183 1.005458 0.005144 1.5904 117.7 -3.977 -0.381 MTOTR0001166959
6518.188563 1.009526 0.005168 1.5936 124.7 -4.212 -0.420 MTOTR0001166960
6518.188949 1.003791 0.005188 1.5966 123.6 -4.684 -0.669 MTOTR0001166961
6518.189329 0.999651 0.005232 1.5998 117.4 -4.764 -0.456 MTOTR0001166962
6518.189715 1.004188 0.005235 1.6030 117.5 -6.965 -0.497 MTOTR0001166963
6518.190095 1.007513 0.005266 1.6061 117.0 -6.054 -0.508 MTOTR0001166964
6518.190481 1.000356 0.005236 1.6093 123.7 -5.248 -0.537 MTOTR0001166965
6518.190861 0.999756 0.005247 1.6126 123.4 -5.558 -0.533 MTOTR0001166966
6518.191249 0.999751 0.005282 1.6158 116.4 -3.706 -0.436 MTOTR0001166967
6518.191630 1.001829 0.005299 1.6190 123.4 -3.978 -0.481 MTOTR0001166968
6518.192016 1.009288 0.005365 1.6224 109.6 -5.986 -0.565 MTOTR0001166969
6518.192396 1.006846 0.005371 1.6257 123.4 -8.341 -0.468 MTOTR0001166970
6518.192782 1.003047 0.005399 1.6290 132.0 -8.326 -0.691 MTOTR0001166971
6518.193162 1.000789 0.005461 1.6324 112.1 -4.296 -0.313 MTOTR0001166972
6518.193548 1.009167 0.005461 1.6358 119.8 -3.978 -0.300 MTOTR0001166973
6518.193929 1.014186 0.005518 1.6391 119.5 -4.354 -0.391 MTOTR0001166974
6518.194315 1.006398 0.005510 1.6426 112.2 -4.709 -0.393 MTOTR0001166975
6518.194694 1.004313 0.005525 1.6461 135.0 -6.221 -0.412 MTOTR0001166976
6518.195080 0.993998 0.005527 1.6497 120.6 -5.921 -0.443 MTOTR0001166977
6518.195460 1.004277 0.005535 1.6531 127.9 -6.358 -0.587 MTOTR0001166978
6518.195846 1.002041 0.005497 1.6567 127.9 -5.478 -0.632 MTOTR0001166979
6518.196226 1.006290 0.005505 1.6601 127.3 -5.158 -0.584 MTOTR0001166980
6518.196612 1.000500 0.005520 1.6638 130.3 -6.005 -0.780 MTOTR0001166981
6518.196992 1.010414 0.005662 1.6674 116.1 -3.821 -0.573 MTOTR0001166982
6518.197380 1.000000 0.005649 1.6711 130.9 -4.801 -0.448 MTOTR0001166983
6518.197760 1.013502 0.005781 1.6746 124.5 -7.281 -0.418 MTOTR0001166984
6518.198148 1.004027 0.005740 1.6784 133.5 -8.684 -0.526 MTOTR0001166985
6518.198528 1.005784 0.005783 1.6822 127.0 -7.974 -0.433 MTOTR0001166986
6518.198915 0.998501 0.005772 1.6858 134.1 -7.279 -0.419 MTOTR0001166987
6518.199295 1.001508 0.005808 1.6896 133.9 -4.823 -0.494 MTOTR0001166988
6518.199681 1.013435 0.005808 1.6935 134.3 -4.802 -0.553 MTOTR0001166989
6518.200061 0.998673 0.005767 1.6972 127.3 -5.396 -0.480 MTOTR0001166990
6518.200447 1.004389 0.005786 1.7012 127.2 -7.560 -0.547 MTOTR0001166991
6518.200827 1.007324 0.005775 1.7051 126.0 -9.391 -0.674 MTOTR0001166992
6518.201215 1.002792 0.005734 1.7090 125.6 -5.311 -0.641 MTOTR0001166993
6518.201595 1.012874 0.005751 1.7128 117.2 -4.602 -0.538 MTOTR0001166994
6518.201980 1.001622 0.005702 1.7168 131.9 -4.850 -0.621 MTOTR0001166995
6518.202360 1.005642 0.005726 1.7208 131.7 -5.422 -0.705 MTOTR0001166996
6518.202747 1.001924 0.005723 1.7248 132.2 -5.623 -0.817 MTOTR0001166997
6518.203127 1.011919 0.005828 1.7289 133.1 -5.709 -0.532 MTOTR0001166998
6518.203513 0.999424 0.005786 1.7329 119.0 -8.160 -0.648 MTOTR0001166999
6518.203894 0.998937 0.005781 1.7371 126.9 -7.832 -0.591 MTOTR0001167000
6518.204280 1.003111 0.005811 1.7413 134.6 -6.788 -0.643 MTOTR0001167001
6518.204660 0.997566 0.005796 1.7453 139.8 -7.113 -0.623 MTOTR0001167002
6518.205047 0.992350 0.005807 1.7496 145.6 -7.443 -0.818 MTOTR0001167003
6518.205427 0.996735 0.005791 1.7537 138.0 -7.528 -0.805 MTOTR0001167004
6518.205813 1.019909 0.005893 1.7582 127.7 -9.402 -0.449 MTOTR0001167005
6518.206193 1.005983 0.005828 1.7624 134.2 -11.965 -0.686 MTOTR0001167006
6518.206579 0.997632 0.005754 1.7668 134.7 -6.950 -0.798 MTOTR0001167007
6518.206959 0.998168 0.005779 1.7710 127.2 -6.217 -0.805 MTOTR0001167008
6518.207346 1.002612 0.005793 1.7754 127.8 -5.914 -0.701 MTOTR0001167009
6518.207726 1.002129 0.005803 1.7799 143.2 -6.323 -0.777 MTOTR0001167010
6518.208113 1.014610 0.005903 1.7844 136.9 -3.337 -0.690 MTOTR0001167011
6518.208493 1.002251 0.005890 1.7888 122.1 -4.496 -0.777 MTOTR0001167012
6518.208879 1.008581 0.005926 1.7933 145.1 -7.281 -0.819 MTOTR0001167013
6518.209259 1.003651 0.005927 1.7980 150.7 -8.466 -0.921 MTOTR0001167014
6518.209646 1.002126 0.005913 1.8025 145.0 -7.614 -0.718 MTOTR0001167015
6518.210026 0.992111 0.005909 1.8071 165.1 -7.101 -0.553 MTOTR0001167016
6518.210412 1.010849 0.006091 1.8118 182.3 -3.468 -0.817 MTOTR0001167017
6518.210792 1.012718 0.006071 1.8164 157.0 -3.675 -0.784 MTOTR0001167018
6518.211179 1.005173 0.006017 1.8211 136.1 -4.324 -0.708 MTOTR0001167019
6518.211559 1.003996 0.006050 1.8260 147.1 -6.839 -0.749 MTOTR0001167020
6518.211945 1.001791 0.005973 1.8308 145.8 -8.708 -0.862 MTOTR0001167021
6518.212325 0.999909 0.005956 1.8357 121.7 -7.778 -0.818 MTOTR0001167022
6518.212712 0.986806 0.005923 1.8405 135.3 -2.402 -0.571 MTOTR0001167023
6518.213092 1.001763 0.005980 1.8453 127.9 -2.889 -0.567 MTOTR0001167024
6518.213478 1.014099 0.006057 1.8503 120.1 -3.228 -0.675 MTOTR0001167025
6518.213858 1.004866 0.006023 1.8553 128.4 -3.771 -0.772 MTOTR0001167026
6518.214244 1.009306 0.006064 1.8603 128.7 -2.458 -0.583 MTOTR0001167027
6518.214624 1.014571 0.006067 1.8654 136.4 -4.652 -0.710 MTOTR0001167028
6518.215011 0.997026 0.005997 1.8705 128.1 -4.313 -0.723 MTOTR0001167029
6518.215391 1.008159 0.006050 1.8756 128.2 -3.339 -0.794 MTOTR0001167030
6518.215777 1.001213 0.006052 1.8808 135.7 -3.516 -0.662 MTOTR0001167031
6518.216157 0.996775 0.006112 1.8860 135.1 -1.506 -0.726 MTOTR0001167032
6518.216543 1.006426 0.006111 1.8912 128.7 -1.319 -0.759 MTOTR0001167033
6518.216923 1.017012 0.006162 1.8965 136.1 -2.905 -0.864 MTOTR0001167034
6518.217309 1.003333 0.006106 1.9019 128.7 -5.691 -0.588 MTOTR0001167035
6518.217690 1.003076 0.006115 1.9072 120.7 -5.796 -0.723 MTOTR0001167036
6518.218078 1.007110 0.006177 1.9128 129.0 -0.972 -0.566 MTOTR0001167037
6518.218458 0.990364 0.006127 1.9181 131.7 -0.889 -0.590 MTOTR0001167038
6518.218844 1.011495 0.006219 1.9238 130.3 -1.571 -0.481 MTOTR0001167039
6518.219224 1.005337 0.006193 1.9291 130.2 -1.543 -0.589 MTOTR0001167040
6518.219610 1.005448 0.006233 1.9349 130.1 -2.907 -0.626 MTOTR0001167041
6518.219990 1.005791 0.006290 1.9405 130.3 -3.142 -0.629 MTOTR0001167042
6518.220376 1.001084 0.006240 1.9462 131.0 -3.697 -0.616 MTOTR0001167043
6518.220756 1.011769 0.006336 1.9519 132.4 -3.064 -0.703 MTOTR0001167044
6518.221142 0.999094 0.006319 1.9577 139.9 -2.750 -0.732 MTOTR0001167045
6518.221522 1.001911 0.006367 1.9635 125.0 -3.338 -0.722 MTOTR0001167046
6518.221908 0.994815 0.006390 1.9695 141.9 -0.572 -0.539 MTOTR0001167047
