# BJD(TDB)-2450000 flux err airmass sky dx dy baserun
6518.006473 0.995732 0.004878 1.4107 190.7 7.834 5.657 MTOTI0001166485
6518.006853 1.011915 0.004925 1.4089 191.2 6.603 5.641 MTOTI0001166486
6518.007239 1.011127 0.004948 1.4071 190.4 7.740 5.839 MTOTI0001166487
6518.007620 1.009340 0.004991 1.4053 189.3 6.949 4.515 MTOTI0001166488
6518.008006 1.008051 0.004945 1.4034 209.8 7.145 4.482 MTOTI0001166489
6518.008386 1.007615 0.005045 1.4017 315.1 6.755 4.502 MTOTI0001166490
6518.008772 1.016171 0.005167 1.3999 317.1 4.271 3.043 MTOTI0001166491
6518.009153 1.001543 0.004593 1.3982 255.5 3.184 3.362 MTOTI0001166492
6518.009539 1.001477 0.005017 1.3964 207.2 0.432 2.369 MTOTI0001166493
6518.009920 1.004944 0.004959 1.3947 195.2 1.641 2.501 MTOTI0001166494
6518.010305 1.009014 0.004957 1.3930 192.8 3.400 2.630 MTOTI0001166495
6518.010686 1.003350 0.004893 1.3913 191.5 3.068 1.758 MTOTI0001166496
6518.011072 1.008895 0.004983 1.3896 189.9 1.747 1.340 MTOTI0001166497
6518.011453 0.999955 0.004861 1.3879 187.6 1.882 1.339 MTOTI0001166498
6518.011839 0.997990 0.004899 1.3863 186.0 -0.169 0.880 MTOTI0001166499
6518.012220 1.008644 0.004876 1.3846 183.7 -2.159 1.169 MTOTI0001166500
6518.012606 0.996067 0.004861 1.3830 181.3 -0.404 0.885 MTOTI0001166501
6518.012986 1.003911 0.004835 1.3814 179.7 0.974 0.898 MTOTI0001166502
6518.013373 1.005098 0.004881 1.3798 177.8 1.580 0.782 MTOTI0001166503
6518.013753 1.015177 0.004814 1.3782 176.2 1.393 0.804 MTOTI0001166504
6518.014139 1.005761 0.004836 1.3766 175.0 1.378 0.761 MTOTI0001166505
6518.014520 1.006209 0.004801 1.3750 184.0 0.276 0.737 MTOTI0001166506
6518.014906 1.006542 0.004837 1.3734 176.4 -1.563 0.504 MTOTI0001166507
6518.015286 1.001881 0.004739 1.3719 171.6 -1.509 0.486 MTOTI0001166508
6518.015673 1.002552 0.004794 1.3703 170.4 0.182 0.400 MTOTI0001166509
6518.016053 0.998548 0.004728 1.3688 168.3 1.501 0.580 MTOTI0001166510
6518.016439 1.020753 0.004826 1.3673 167.2 0.451 0.451 MTOTI0001166511
6518.016819 1.009117 0.004743 1.3658 165.6 0.556 0.601 MTOTI0001166512
6518.017206 1.000690 0.004783 1.3643 165.6 0.732 0.774 MTOTI0001166513
6518.017586 1.001701 0.004749 1.3629 165.7 -1.057 0.657 MTOTI0001166514
6518.017972 1.003827 0.004735 1.3613 163.8 -1.986 0.777 MTOTI0001166515
6518.018352 1.011733 0.004791 1.3599 163.9 0.395 0.776 MTOTI0001166516
6518.018739 1.009020 0.004769 1.3584 163.6 1.330 0.836 MTOTI0001166517
6518.019119 1.000829 0.004666 1.3571 163.9 1.442 0.884 MTOTI0001166518
6518.019505 1.008594 0.004738 1.3556 163.8 1.384 0.956 MTOTI0001166519
6518.019885 1.006942 0.004709 1.3542 166.2 1.427 0.998 MTOTI0001166520
6518.020271 1.008334 0.004772 1.3528 163.7 -0.406 1.147 MTOTI0001166521
6518.020651 1.010068 0.004709 1.3514 164.3 -1.806 1.169 MTOTI0001166522
6518.021037 0.997313 0.004728 1.3500 164.9 0.243 0.931 MTOTI0001166523
6518.021418 1.000408 0.004683 1.3486 164.5 1.696 1.150 MTOTI0001166524
6518.021804 1.008695 0.004708 1.3473 163.4 2.140 1.180 MTOTI0001166525
6518.022184 1.000329 0.004713 1.3459 163.4 1.498 1.275 MTOTI0001166526
6518.022570 1.004697 0.004712 1.3446 162.0 1.803 1.359 MTOTI0001166527
6518.022950 0.994403 0.004682 1.3433 162.3 -0.125 1.353 MTOTI0001166528
6518.023336 1.008256 0.004728 1.3420 162.6 -1.936 1.521 MTOTI0001166529
6518.023717 1.007689 0.004747 1.3406 162.0 -1.436 1.485 MTOTI0001166530
6518.024102 1.015311 0.004769 1.3394 162.9 1.106 1.682 MTOTI0001166531
6518.024483 1.008052 0.004818 1.3381 163.3 1.480 1.708 MTOTI0001166532
6518.024869 1.017141 0.004758 1.3368 162.5 1.444 1.616 MTOTI0001166533
6518.025249 0.998413 0.004769 1.3356 161.5 1.595 1.602 MTOTI0001166534
6518.025635 1.009444 0.004743 1.3343 161.4 0.844 1.580 MTOTI0001166535
6518.026016 1.004383 0.004784 1.3331 160.4 -0.946 1.569 MTOTI0001166536
6518.026402 0.993081 0.004691 1.3318 158.9 -0.720 1.387 MTOTI0001166537
6518.026783 1.004955 0.004798 1.3306 161.7 1.355 1.235 MTOTI0001166538
6518.027169 1.011029 0.004727 1.3294 165.4 2.438 1.449 MTOTI0001166539
6518.027550 1.008076 0.004705 1.3282 165.8 2.344 1.282 MTOTI0001166540
6518.027935 1.006127 0.004683 1.3270 162.5 2.447 1.430 MTOTI0001166541
6518.028316 1.013703 0.004702 1.3258 159.0 2.067 1.393 MTOTI0001166542
6518.028702 1.021170 0.004732 1.3246 157.3 0.427 1.610 MTOTI0001166543
6518.029083 1.000890 0.004704 1.3235 156.5 -0.467 0.973 MTOTI0001166544
6518.029469 1.008547 0.004671 1.3223 156.3 1.002 0.976 MTOTI0001166545
6518.029850 1.009606 0.004682 1.3212 155.8 2.239 0.993 MTOTI0001166546
6518.030236 1.005329 0.004672 1.3200 161.5 2.220 1.199 MTOTI0001166547
6518.030617 1.000136 0.004663 1.3189 160.8 2.205 1.199 MTOTI0001166548
6518.031003 1.001923 0.004708 1.3178 162.7 1.595 0.873 MTOTI0001166549
6518.031384 1.005792 0.004704 1.3167 162.7 0.113 0.876 MTOTI0001166550
6518.031770 1.015652 0.004705 1.3156 158.6 -1.016 1.019 MTOTI0001166551
6518.032150 1.001883 0.004666 1.3145 158.8 0.267 0.920 MTOTI0001166552
6518.032537 1.012332 0.004678 1.3135 158.0 1.904 1.064 MTOTI0001166553
6518.032917 1.002073 0.004689 1.3124 156.1 0.933 0.743 MTOTI0001166554
6518.033304 1.008438 0.004672 1.3113 154.2 1.204 0.887 MTOTI0001166555
6518.033684 1.003960 0.004652 1.3103 154.1 1.417 0.902 MTOTI0001166556
6518.034070 1.006795 0.004666 1.3092 152.3 0.261 0.865 MTOTI0001166557
6518.034450 1.001552 0.004655 1.3082 151.1 -1.351 1.138 MTOTI0001166558
6518.034837 1.001369 0.004655 1.3072 150.1 -0.523 1.121 MTOTI0001166559
6518.035217 1.009204 0.004716 1.3062 149.9 0.792 0.677 MTOTI0001166560
6518.035604 1.005835 0.004641 1.3052 149.8 1.188 0.874 MTOTI0001166561
6518.035984 1.020921 0.004682 1.3042 149.1 1.260 0.739 MTOTI0001166562
6518.036369 1.010110 0.004649 1.3032 149.3 1.426 0.758 MTOTI0001166563
6518.036750 1.004623 0.004636 1.3023 148.3 0.631 0.969 MTOTI0001166564
6518.037136 1.003634 0.004682 1.3013 146.8 -1.656 0.860 MTOTI0001166565
6518.037517 1.007267 0.004651 1.3003 145.0 -1.482 0.900 MTOTI0001166566
6518.037903 0.998490 0.004610 1.2994 144.0 0.181 0.940 MTOTI0001166567
6518.038283 1.000424 0.004585 1.2985 142.5 1.080 0.962 MTOTI0001166568
6518.038669 1.007050 0.004597 1.2975 140.4 1.011 0.873 MTOTI0001166569
6518.039050 1.009499 0.004659 1.2966 138.5 1.312 0.725 MTOTI0001166570
6518.039435 1.008953 0.004612 1.2957 136.9 0.756 0.719 MTOTI0001166571
6518.039815 1.002764 0.004618 1.2948 136.5 -1.257 0.804 MTOTI0001166572
6518.040201 1.011168 0.004633 1.2939 136.7 -1.732 0.788 MTOTI0001166573
6518.040581 1.006455 0.004600 1.2931 135.6 -0.214 0.941 MTOTI0001166574
6518.040967 1.003272 0.004571 1.2922 134.3 0.835 0.933 MTOTI0001166575
6518.041347 1.005739 0.004586 1.2913 133.8 1.252 0.727 MTOTI0001166576
6518.041733 1.004076 0.004570 1.2904 133.2 1.306 0.716 MTOTI0001166577
6518.042114 1.000634 0.004561 1.2896 132.0 1.022 0.733 MTOTI0001166578
6518.042499 0.997294 0.004562 1.2888 131.5 -0.526 0.834 MTOTI0001166579
6518.042880 1.012338 0.004622 1.2879 130.9 -1.642 0.579 MTOTI0001166580
6518.043266 1.004954 0.004574 1.2871 129.5 -0.481 0.431 MTOTI0001166581
6518.043647 1.002585 0.004574 1.2863 127.6 0.901 0.782 MTOTI0001166582
6518.044032 1.007173 0.004582 1.2855 127.1 1.094 0.535 MTOTI0001166583
6518.044413 1.009047 0.004573 1.2847 127.0 0.973 0.689 MTOTI0001166584
6518.044798 1.003033 0.004569 1.2839 126.4 0.709 0.713 MTOTI0001166585
6518.045179 1.007826 0.004610 1.2832 125.9 -0.742 0.744 MTOTI0001166586
6518.045565 1.008205 0.004607 1.2824 125.5 -2.650 0.726 MTOTI0001166587
6518.045946 1.003299 0.004599 1.2816 125.7 -1.624 0.817 MTOTI0001166588
6518.046332 1.006468 0.004595 1.2809 124.2 0.008 0.822 MTOTI0001166589
6518.046713 1.001543 0.004593 1.2802 123.5 0.631 0.700 MTOTI0001166590
6518.047098 1.005375 0.004573 1.2794 123.4 0.657 0.583 MTOTI0001166591
6518.047479 1.000793 0.004573 1.2787 122.7 0.813 0.464 MTOTI0001166592
6518.047866 1.002356 0.004612 1.2780 121.6 -0.278 0.469 MTOTI0001166593
6518.048246 1.004560 0.005877 1.2773 120.5 -2.139 0.616 MTOTI0001166594
6518.048633 0.998257 0.004570 1.2766 120.2 -0.714 0.610 MTOTI0001166595
6518.049013 0.999350 0.004565 1.2759 118.9 0.699 0.650 MTOTI0001166596
6518.049399 1.011010 0.004604 1.2752 117.6 1.518 0.652 MTOTI0001166597
6518.049779 1.006959 0.004589 1.2746 116.0 1.635 0.727 MTOTI0001166598
6518.050166 1.009471 0.004592 1.2738 115.0 1.874 0.738 MTOTI0001166599
6518.050546 1.005521 0.004592 1.2732 115.0 1.118 0.872 MTOTI0001166600
6518.050933 1.005554 0.004640 1.2725 115.3 -0.899 0.610 MTOTI0001166601
6518.051313 1.002652 0.004600 1.2719 126.3 -0.743 0.632 MTOTI0001166602
6518.051700 1.009971 0.004637 1.2713 120.6 0.689 0.626 MTOTI0001166603
6518.052080 1.003055 0.004629 1.2707 116.4 1.810 0.623 MTOTI0001166604
6518.052466 1.010103 0.004637 1.2700 115.5 1.489 0.754 MTOTI0001166605
6518.052847 1.003295 0.004693 1.2694 115.5 1.073 0.410 MTOTI0001166606
6518.053233 1.006698 0.004667 1.2688 114.8 0.594 0.612 MTOTI0001166607
6518.053613 1.008836 0.004696 1.2682 114.7 -1.215 0.623 MTOTI0001166608
6518.054000 1.006302 0.004660 1.2676 114.2 -1.995 0.730 MTOTI0001166609
6518.054380 1.005619 0.004664 1.2671 116.1 -0.520 0.884 MTOTI0001166610
6518.054766 1.003765 0.004663 1.2665 114.1 0.632 0.692 MTOTI0001166611
6518.055146 1.004526 0.004644 1.2660 113.7 0.908 0.315 MTOTI0001166612
6518.055533 0.994395 0.004597 1.2654 112.8 1.111 0.408 MTOTI0001166613
6518.055913 1.000591 0.004638 1.2649 111.5 1.154 0.388 MTOTI0001166614
6518.056299 0.999517 0.004638 1.2643 110.1 -0.629 0.297 MTOTI0001166615
6518.056679 1.002337 0.004666 1.2638 109.9 -1.281 0.329 MTOTI0001166616
6518.057066 0.997755 0.004593 1.2633 109.1 -0.204 0.439 MTOTI0001166617
6518.057446 1.005646 0.004607 1.2628 108.1 1.047 0.593 MTOTI0001166618
6518.057833 1.002664 0.004603 1.2623 108.2 1.634 0.594 MTOTI0001166619
6518.058213 1.010071 0.004637 1.2618 112.4 1.229 0.693 MTOTI0001166620
6518.058599 1.006544 0.004667 1.2613 107.3 1.225 0.533 MTOTI0001166621
6518.058979 1.001833 0.004615 1.2608 112.2 0.156 0.696 MTOTI0001166622
6518.059366 1.012560 0.004641 1.2603 108.3 -2.109 0.535 MTOTI0001166623
6518.059746 1.004847 0.005112 1.2599 107.0 -1.457 0.605 MTOTI0001166624
6518.060132 1.012507 0.004627 1.2594 106.0 0.183 0.580 MTOTI0001166625
6518.060513 1.000846 0.004569 1.2590 105.5 0.784 0.649 MTOTI0001166626
6518.060898 1.002977 0.004592 1.2585 103.6 0.714 0.622 MTOTI0001166627
6518.061279 1.006391 0.005799 1.2581 103.0 0.963 0.743 MTOTI0001166628
6518.061665 1.005456 0.004599 1.2577 102.5 0.023 0.713 MTOTI0001166629
6518.062045 1.006168 0.004611 1.2573 101.8 -1.857 0.751 MTOTI0001166630
6518.062431 0.989160 0.004574 1.2568 102.2 -1.834 0.793 MTOTI0001166631
6518.062812 1.007661 0.004618 1.2565 102.4 -0.560 0.773 MTOTI0001166632
6518.063198 1.000373 0.004580 1.2561 101.2 0.324 0.580 MTOTI0001166633
6518.063578 0.996644 0.004558 1.2557 100.6 0.482 0.636 MTOTI0001166634
6518.063964 0.990947 0.004558 1.2553 99.9 0.303 0.410 MTOTI0001166635
6518.064345 0.988643 0.004553 1.2549 100.2 -0.036 0.529 MTOTI0001166636
6518.064731 0.999655 0.004589 1.2546 100.9 -1.775 0.567 MTOTI0001166637
6518.065112 0.999177 0.004582 1.2542 101.4 -1.998 0.484 MTOTI0001166638
6518.065498 0.989897 0.004550 1.2538 101.5 -0.666 0.547 MTOTI0001166639
6518.065878 0.993848 0.004547 1.2535 101.8 0.570 0.511 MTOTI0001166640
6518.066264 0.995582 0.004553 1.2532 106.6 0.386 0.672 MTOTI0001166641
6518.066645 0.986118 0.004534 1.2529 105.2 0.426 0.458 MTOTI0001166642
6518.067031 0.992179 0.004588 1.2525 100.8 0.261 0.620 MTOTI0001166643
6518.067411 1.002278 0.004597 1.2522 99.0 -1.701 0.491 MTOTI0001166644
6518.067797 0.988158 0.004536 1.2519 98.3 -3.143 0.629 MTOTI0001166645
6518.068178 0.984229 0.004506 1.2516 97.8 -1.943 0.528 MTOTI0001166646
6518.068564 0.982399 0.004476 1.2514 97.5 -0.426 0.581 MTOTI0001166647
6518.068945 0.980172 0.004494 1.2511 97.2 -0.653 0.461 MTOTI0001166648
6518.069331 0.980586 0.004478 1.2508 96.6 -0.486 0.518 MTOTI0001166649
6518.069712 0.984840 0.004510 1.2505 96.6 -0.710 0.514 MTOTI0001166650
6518.070098 0.982661 0.004525 1.2503 96.9 -2.449 0.470 MTOTI0001166651
6518.070479 0.971057 0.004485 1.2500 97.1 -4.322 0.470 MTOTI0001166652
6518.070865 0.978159 0.004521 1.2498 123.4 -3.277 0.685 MTOTI0001166653
6518.071245 0.974955 0.004525 1.2496 161.0 -0.618 0.494 MTOTI0001166654
6518.071632 0.972715 0.004513 1.2493 177.6 -0.233 0.646 MTOTI0001166655
6518.072012 0.984310 0.004500 1.2491 137.7 -0.367 0.560 MTOTI0001166656
6518.072399 0.979181 0.004471 1.2489 110.9 -0.321 0.532 MTOTI0001166657
6518.072779 0.978438 0.004495 1.2487 102.8 -1.578 0.405 MTOTI0001166658
6518.073166 0.982790 0.004498 1.2485 100.8 -3.872 0.268 MTOTI0001166659
6518.073546 0.969570 0.004444 1.2483 99.3 -3.370 0.474 MTOTI0001166660
6518.073933 0.976963 0.004455 1.2481 98.3 -2.014 0.541 MTOTI0001166661
6518.074313 0.969196 0.004446 1.2480 97.6 -1.371 0.361 MTOTI0001166662
6518.074700 0.973296 0.004452 1.2478 96.8 -1.273 0.416 MTOTI0001166663
6518.075080 0.971884 0.004471 1.2476 96.3 -1.135 0.159 MTOTI0001166664
6518.075466 0.978970 0.004470 1.2475 95.5 -1.630 0.313 MTOTI0001166665
6518.075847 0.973129 0.004491 1.2473 94.5 -3.939 0.303 MTOTI0001166666
6518.076233 0.979408 0.004498 1.2472 93.8 -4.295 0.290 MTOTI0001166667
6518.076613 0.974707 0.004461 1.2471 93.5 -2.892 0.374 MTOTI0001166668
6518.077000 0.980499 0.004482 1.2470 93.4 0.220 0.312 MTOTI0001166669
6518.077380 0.977649 0.004476 1.2469 93.9 0.229 0.417 MTOTI0001166670
6518.077766 0.976593 0.004472 1.2468 94.5 0.393 0.298 MTOTI0001166671
6518.078147 0.963313 0.004457 1.2467 94.5 -0.127 0.413 MTOTI0001166672
6518.078533 0.976726 0.004502 1.2466 95.4 -1.804 0.318 MTOTI0001166673
6518.078913 0.966869 0.004464 1.2465 96.1 -2.927 0.331 MTOTI0001166674
6518.079299 0.968932 0.004452 1.2464 95.2 -1.519 0.414 MTOTI0001166675
6518.079680 0.971115 0.004483 1.2463 95.1 -0.430 0.197 MTOTI0001166676
6518.080066 0.966901 0.004446 1.2463 94.8 -0.295 0.319 MTOTI0001166677
6518.080446 0.966923 0.004446 1.2462 95.4 -0.581 0.411 MTOTI0001166678
6518.080832 0.972181 0.004461 1.2462 95.4 -0.528 0.442 MTOTI0001166679
6518.081213 0.968760 0.004463 1.2461 95.8 -1.884 0.563 MTOTI0001166680
6518.081598 0.972877 0.004475 1.2461 95.8 -4.108 0.378 MTOTI0001166681
6518.081978 0.973539 0.004502 1.2461 95.7 -3.096 0.394 MTOTI0001166682
6518.082364 0.968508 0.004500 1.2461 127.9 -0.290 0.438 MTOTI0001166683
6518.082744 0.968650 0.004453 1.2461 120.5 0.019 0.489 MTOTI0001166684
6518.083130 0.979501 0.004470 1.2460 100.9 0.007 0.462 MTOTI0001166685
6518.083511 0.972855 0.004435 1.2461 95.6 0.213 0.527 MTOTI0001166686
6518.083897 0.969049 0.004456 1.2461 94.2 -1.190 0.470 MTOTI0001166687
6518.084278 0.974187 0.004463 1.2461 92.8 -2.697 0.439 MTOTI0001166688
6518.084664 0.968868 0.004426 1.2461 92.5 -1.987 0.495 MTOTI0001166689
6518.085045 0.976372 0.004448 1.2462 92.2 -0.761 0.438 MTOTI0001166690
6518.085431 0.969993 0.004418 1.2462 92.0 0.009 0.426 MTOTI0001166691
6518.085812 0.968140 0.004423 1.2463 92.4 -0.220 0.493 MTOTI0001166692
6518.086198 0.971880 0.004461 1.2463 92.9 -0.272 0.372 MTOTI0001166693
6518.086579 0.968917 0.004445 1.2464 92.8 -1.058 0.215 MTOTI0001166694
6518.086965 0.964776 0.004456 1.2465 94.1 -3.245 0.253 MTOTI0001166695
6518.087346 0.969277 0.004445 1.2465 92.5 -3.536 0.218 MTOTI0001166696
6518.087732 0.972728 0.004455 1.2466 91.9 -2.148 0.358 MTOTI0001166697
6518.088113 0.971173 0.004435 1.2467 91.1 -1.267 0.269 MTOTI0001166698
6518.088499 0.961885 0.004410 1.2468 90.5 -0.403 0.271 MTOTI0001166699
6518.088880 0.968040 0.004426 1.2469 91.5 -0.339 0.259 MTOTI0001166700
6518.089266 0.966254 0.004449 1.2470 100.7 -0.956 0.187 MTOTI0001166701
6518.089647 0.977803 0.004485 1.2472 94.5 -3.054 0.182 MTOTI0001166702
6518.090033 0.966923 0.004446 1.2473 91.5 -2.707 0.182 MTOTI0001166703
6518.090414 0.968174 0.004405 1.2474 89.7 -1.263 0.260 MTOTI0001166704
6518.090800 0.967829 0.004426 1.2476 89.2 -0.444 0.133 MTOTI0001166705
6518.091181 0.974933 0.004437 1.2477 89.0 -0.564 0.218 MTOTI0001166706
6518.091567 0.966918 0.004405 1.2479 89.0 -0.466 0.213 MTOTI0001166707
6518.091948 0.968473 0.004414 1.2481 88.3 -0.890 0.203 MTOTI0001166708
6518.092334 0.971773 0.004448 1.2483 87.8 -2.202 0.247 MTOTI0001166709
6518.092714 0.966129 0.004434 1.2484 87.7 -3.709 0.146 MTOTI0001166710
6518.093101 0.961644 0.004404 1.2486 87.6 -2.809 0.285 MTOTI0001166711
6518.093482 0.966544 0.004405 1.2488 88.0 -1.437 0.272 MTOTI0001166712
6518.093868 0.971930 0.004433 1.2490 88.0 -1.364 0.232 MTOTI0001166713
6518.094249 0.966403 0.004408 1.2492 88.1 -0.819 0.223 MTOTI0001166714
6518.094635 0.968764 0.004408 1.2495 88.3 -0.766 0.320 MTOTI0001166715
6518.095015 0.970294 0.004442 1.2497 87.8 -2.196 0.260 MTOTI0001166716
6518.095402 0.968555 0.004440 1.2500 88.9 -4.573 0.199 MTOTI0001166717
6518.095782 0.962805 0.004459 1.2502 89.0 -2.282 0.315 MTOTI0001166718
6518.096169 0.963453 0.004440 1.2505 88.0 -1.021 0.162 MTOTI0001166719
6518.096549 0.968537 0.004468 1.2507 87.9 -0.580 0.278 MTOTI0001166720
6518.096936 0.971640 0.004460 1.2510 88.2 -0.850 0.155 MTOTI0001166721
6518.097316 0.970396 0.004476 1.2512 88.4 -0.525 0.186 MTOTI0001166722
6518.097704 0.961722 0.004491 1.2515 88.3 -1.826 0.169 MTOTI0001166723
6518.098085 0.977517 0.004540 1.2518 88.5 -3.361 0.112 MTOTI0001166724
6518.098471 0.961187 0.004482 1.2521 89.3 -3.288 0.141 MTOTI0001166725
6518.098852 0.969971 0.004525 1.2524 89.5 -2.158 0.126 MTOTI0001166726
6518.099238 0.962555 0.004449 1.2527 89.0 -1.400 0.239 MTOTI0001166727
6518.099619 0.961115 0.004490 1.2531 89.3 -0.884 0.120 MTOTI0001166728
6518.100005 0.973789 0.004495 1.2534 88.7 -0.630 0.034 MTOTI0001166729
6518.100385 0.965712 0.004475 1.2537 88.6 -1.492 -0.004 MTOTI0001166730
6518.100772 0.972569 0.004519 1.2541 88.8 -3.395 -0.007 MTOTI0001166731
6518.101152 0.967152 0.004468 1.2544 88.9 -3.852 -0.018 MTOTI0001166732
6518.101538 0.976312 0.004501 1.2548 88.1 -1.072 0.033 MTOTI0001166733
6518.101919 0.967307 0.004468 1.2551 88.3 0.093 -0.024 MTOTI0001166734
6518.102305 0.966796 0.004470 1.2555 88.4 -0.128 0.064 MTOTI0001166735
6518.102686 0.970790 0.004476 1.2559 88.8 -0.198 0.130 MTOTI0001166736
6518.103072 0.961868 0.004467 1.2563 89.5 -0.377 0.066 MTOTI0001166737
6518.103453 0.967069 0.004506 1.2567 89.0 -2.242 0.093 MTOTI0001166738
6518.103839 0.974015 0.004490 1.2571 88.3 -3.545 0.018 MTOTI0001166739
6518.104219 0.964620 0.004471 1.2575 88.0 -2.142 -0.051 MTOTI0001166740
6518.104606 0.973915 0.004506 1.2579 88.0 -0.998 0.039 MTOTI0001166741
6518.104987 0.965043 0.004474 1.2584 87.9 -1.077 -0.062 MTOTI0001166742
6518.105373 0.965792 0.004486 1.2588 88.4 -0.930 -0.049 MTOTI0001166743
6518.105753 0.963896 0.004489 1.2592 87.2 -0.636 0.038 MTOTI0001166744
6518.106140 0.973110 0.004528 1.2597 86.0 -2.200 0.092 MTOTI0001166745
6518.106520 0.968208 0.004509 1.2602 86.1 -3.853 0.047 MTOTI0001166746
6518.106906 0.967650 0.004510 1.2606 87.1 -2.697 -0.026 MTOTI0001166747
6518.107287 0.969971 0.004525 1.2611 88.2 -1.551 -0.063 MTOTI0001166748
6518.107673 0.968656 0.004516 1.2616 88.5 0.270 -0.063 MTOTI0001166749
6518.108054 0.965946 0.004508 1.2621 87.9 0.115 -0.156 MTOTI0001166750
6518.108440 0.972705 0.004547 1.2626 88.1 0.197 -0.123 MTOTI0001166751
6518.108821 0.966427 0.004510 1.2631 89.7 -0.733 -0.124 MTOTI0001166752
6518.109207 0.968464 0.004534 1.2636 91.2 -2.995 -0.068 MTOTI0001166753
6518.109588 0.973594 0.004562 1.2641 89.8 -2.804 -0.226 MTOTI0001166754
6518.109973 0.972841 0.004524 1.2647 87.5 -1.289 -0.231 MTOTI0001166755
6518.110354 0.967172 0.004483 1.2652 86.6 -0.738 -0.238 MTOTI0001166756
6518.110740 0.975524 0.004538 1.2658 85.6 -1.014 -0.263 MTOTI0001166757
6518.111121 0.969779 0.004519 1.2663 85.0 -0.718 -0.215 MTOTI0001166758
6518.111507 0.970059 0.004528 1.2669 85.9 -1.127 -0.197 MTOTI0001166759
6518.111888 0.973380 0.004570 1.2675 85.7 -3.332 -0.390 MTOTI0001166760
6518.112274 0.964670 0.004508 1.2681 85.0 -3.702 -0.268 MTOTI0001166761
6518.112655 0.975473 0.004557 1.2686 84.0 -2.447 -0.260 MTOTI0001166762
6518.113041 0.965465 0.004510 1.2692 82.7 -0.577 -0.301 MTOTI0001166763
6518.113422 0.966678 0.004510 1.2698 82.7 -0.770 -0.297 MTOTI0001166764
6518.113808 0.972810 0.004504 1.2704 83.7 -0.798 -0.121 MTOTI0001166765
6518.114188 0.973620 0.004539 1.2711 83.7 -1.297 -0.338 MTOTI0001166766
6518.114575 0.974898 0.004557 1.2717 85.6 -3.200 -0.338 MTOTI0001166767
6518.114955 0.965938 0.004525 1.2723 94.1 -4.495 -0.423 MTOTI0001166768
6518.115342 0.966165 0.004509 1.2730 99.5 -2.353 -0.449 MTOTI0001166769
6518.115722 0.967566 0.004500 1.2736 100.2 -1.114 -0.355 MTOTI0001166770
6518.116109 0.973461 0.004510 1.2743 90.4 -1.449 -0.425 MTOTI0001166771
6518.116488 0.965920 0.004482 1.2750 89.0 -1.567 -0.331 MTOTI0001166772
6518.116875 0.968546 0.004512 1.2756 88.6 -0.898 -0.528 MTOTI0001166773
6518.117255 0.971620 0.004543 1.2763 88.1 -2.596 -0.424 MTOTI0001166774
6518.117642 0.956477 0.004479 1.2770 88.5 -4.484 -0.583 MTOTI0001166775
6518.118022 0.970093 0.004515 1.2777 88.7 -3.564 -0.528 MTOTI0001166776
6518.118408 0.968922 0.004504 1.2784 89.5 -2.293 -0.547 MTOTI0001166777
6518.118788 0.966779 0.004509 1.2791 89.0 -2.326 -0.465 MTOTI0001166778
6518.119175 0.964456 0.004494 1.2799 88.2 -1.700 -0.610 MTOTI0001166779
6518.119555 0.967256 0.004504 1.2806 89.1 -1.802 -0.615 MTOTI0001166780
6518.119941 0.971900 0.004538 1.2814 90.1 -3.258 -0.627 MTOTI0001166781
6518.120322 0.963988 0.004549 1.2821 90.7 -5.623 -0.594 MTOTI0001166782
6518.120708 0.972757 0.004570 1.2829 90.4 -5.125 -0.671 MTOTI0001166783
6518.121089 0.973805 0.004619 1.2837 90.5 -3.726 -0.696 MTOTI0001166784
6518.121475 0.966846 0.004563 1.2844 91.6 -1.111 -0.573 MTOTI0001166785
6518.121855 0.970559 0.004584 1.2852 92.2 -1.400 -0.733 MTOTI0001166786
6518.122241 0.970301 0.004591 1.2860 92.9 -1.334 -0.726 MTOTI0001166787
6518.122622 0.970456 0.004608 1.2868 92.9 -2.396 -0.776 MTOTI0001166788
6518.123008 0.969242 0.004633 1.2877 91.8 -4.204 -0.722 MTOTI0001166789
6518.123388 0.966018 0.004604 1.2885 92.0 -4.491 -0.670 MTOTI0001166790
6518.123774 0.967370 0.004612 1.2893 92.5 -3.303 -0.800 MTOTI0001166791
6518.124155 0.976492 0.004641 1.2902 93.3 -2.564 -0.741 MTOTI0001166792
6518.124541 0.963265 0.004580 1.2910 93.8 -3.157 -0.877 MTOTI0001166793
6518.124922 0.975390 0.004667 1.2918 94.6 -2.920 -0.774 MTOTI0001166794
6518.125308 0.970362 0.004631 1.2927 94.9 -1.987 -0.567 MTOTI0001166795
6518.125689 0.969599 0.004649 1.2936 94.4 -4.476 -0.862 MTOTI0001166796
6518.126075 0.971663 0.004636 1.2945 94.9 -5.545 -0.796 MTOTI0001166797
6518.126455 0.966193 0.004606 1.2954 95.6 -4.434 -0.906 MTOTI0001166798
6518.126841 0.972479 0.004648 1.2963 96.0 -1.670 -0.878 MTOTI0001166799
6518.127222 0.976006 0.004652 1.2972 95.6 -1.977 -0.823 MTOTI0001166800
6518.127608 0.979805 0.004663 1.2981 94.8 -1.986 -0.792 MTOTI0001166801
6518.127989 0.972310 0.004646 1.2991 95.0 -2.482 -0.788 MTOTI0001166802
6518.128375 0.968319 0.004687 1.3000 96.9 -4.561 -0.755 MTOTI0001166803
6518.128755 0.967036 0.004689 1.3009 97.6 -4.697 -0.911 MTOTI0001166804
6518.129142 0.975669 0.004715 1.3019 97.6 -3.880 -0.853 MTOTI0001166805
6518.129522 0.962918 0.004685 1.3028 96.4 -2.830 -0.954 MTOTI0001166806
6518.129908 0.968341 0.004731 1.3039 94.7 -2.951 -0.945 MTOTI0001166807
6518.130289 0.968051 0.004756 1.3048 95.1 -3.153 -1.013 MTOTI0001166808
6518.130675 0.968796 0.004783 1.3058 97.7 -3.384 -1.084 MTOTI0001166809
6518.131055 0.976151 0.004817 1.3069 99.9 -3.681 -1.095 MTOTI0001166810
6518.131442 0.976876 0.004824 1.3079 101.7 -5.965 -1.165 MTOTI0001166811
6518.131822 0.982109 0.004824 1.3089 102.9 -5.380 -1.173 MTOTI0001166812
6518.132209 0.982619 0.004826 1.3099 103.6 -4.239 -0.838 MTOTI0001166813
6518.132589 0.970407 0.004820 1.3110 103.7 -2.359 -1.078 MTOTI0001166814
6518.132976 0.972131 0.004859 1.3120 153.5 -2.674 -1.221 MTOTI0001166815
6518.133357 0.979469 0.004855 1.3131 130.5 -2.522 -1.158 MTOTI0001166816
6518.133743 0.975112 0.004829 1.3141 106.9 -3.920 -1.208 MTOTI0001166817
6518.134124 0.975698 0.004854 1.3152 101.0 -6.363 -1.353 MTOTI0001166818
6518.134510 0.980265 0.004933 1.3163 98.8 -6.151 -1.382 MTOTI0001166819
6518.134891 0.977004 0.004886 1.3174 98.2 -2.068 -1.243 MTOTI0001166820
6518.135277 0.984033 0.004910 1.3185 99.0 -1.646 -1.314 MTOTI0001166821
6518.135657 0.977695 0.004918 1.3196 101.1 -1.844 -1.321 MTOTI0001166822
6518.136044 0.987357 0.004964 1.3208 102.3 -1.889 -1.296 MTOTI0001166823
6518.136424 0.979599 0.004987 1.3219 102.1 -2.697 -1.349 MTOTI0001166824
6518.136811 0.978978 0.005050 1.3231 101.2 -4.972 -1.404 MTOTI0001166825
6518.137191 0.984152 0.005024 1.3242 101.0 -4.345 -1.263 MTOTI0001166826
6518.137578 0.979445 0.005013 1.3254 100.3 -3.306 -1.254 MTOTI0001166827
6518.137958 0.983963 0.005034 1.3266 100.6 -2.422 -1.347 MTOTI0001166828
6518.138344 0.983694 0.005057 1.3278 100.6 -3.004 -1.289 MTOTI0001166829
6518.138725 0.989405 0.005083 1.3290 101.3 -2.901 -1.298 MTOTI0001166830
6518.139111 0.989505 0.005114 1.3302 101.4 -2.169 -1.224 MTOTI0001166831
6518.139492 0.992903 0.005773 1.3314 102.2 -4.300 -1.273 MTOTI0001166832
6518.139878 0.988938 0.005181 1.3326 102.1 -5.653 -1.285 MTOTI0001166833
6518.140259 0.987432 0.005191 1.3339 103.5 -4.397 -1.277 MTOTI0001166834
6518.140645 0.993007 0.005228 1.3351 104.5 -3.471 -1.168 MTOTI0001166835
6518.141025 0.991484 0.005223 1.3364 104.9 -1.926 -0.994 MTOTI0001166836
6518.141411 1.001989 0.005292 1.3376 105.3 -1.866 -0.818 MTOTI0001166837
6518.141791 1.003366 0.005336 1.3389 107.0 -2.157 -0.908 MTOTI0001166838
6518.142178 0.996491 0.005369 1.3402 108.2 -4.126 -1.039 MTOTI0001166839
6518.142558 1.002843 0.005391 1.3415 109.0 -5.929 -1.053 MTOTI0001166840
6518.142945 0.996857 0.005392 1.3428 108.7 -5.125 -1.053 MTOTI0001166841
6518.143324 1.000100 0.005378 1.3441 107.5 -1.761 -0.817 MTOTI0001166842
6518.143711 1.006498 0.005371 1.3455 107.4 -1.537 -0.885 MTOTI0001166843
6518.144091 0.998629 0.005292 1.3468 105.8 -1.885 -0.922 MTOTI0001166844
6518.144478 0.998244 0.005266 1.3482 103.7 -1.994 -0.928 MTOTI0001166845
6518.144858 1.001368 0.005262 1.3496 103.1 -3.409 -0.838 MTOTI0001166846
6518.145244 0.999578 0.005239 1.3510 99.9 -4.748 -0.834 MTOTI0001166847
6518.145625 1.000850 0.005212 1.3523 98.4 -4.765 -0.956 MTOTI0001166848
6518.146011 1.002168 0.005201 1.3538 97.2 -3.661 -0.909 MTOTI0001166849
6518.146391 1.013944 0.005261 1.3551 97.3 -3.540 -0.937 MTOTI0001166850
6518.146778 1.008397 0.005256 1.3566 99.1 -4.021 -0.904 MTOTI0001166851
6518.147159 1.015326 0.005249 1.3580 102.0 -1.900 -0.827 MTOTI0001166852
6518.147545 1.006389 0.005287 1.3595 138.3 -3.172 -0.980 MTOTI0001166853
6518.147926 0.997599 0.005284 1.3609 147.9 -5.784 -0.966 MTOTI0001166854
6518.148312 1.006963 0.005243 1.3624 118.1 -6.538 -0.985 MTOTI0001166855
6518.148693 1.001073 0.005325 1.3639 103.1 -2.668 -0.635 MTOTI0001166856
6518.149079 1.009269 0.005197 1.3653 99.4 -2.015 -0.621 MTOTI0001166857
6518.149460 0.999795 0.005155 1.3668 98.3 -2.196 -0.712 MTOTI0001166858
6518.149846 1.001522 0.005145 1.3683 97.1 -2.240 -0.652 MTOTI0001166859
6518.150226 0.998184 0.005145 1.3699 96.0 -2.908 -0.720 MTOTI0001166860
6518.150613 1.004480 0.005170 1.3714 95.3 -3.592 -0.695 MTOTI0001166861
6518.150993 0.998143 0.005096 1.3729 94.8 -4.848 -0.735 MTOTI0001166862
6518.151380 0.997916 0.005079 1.3745 95.8 -4.074 -0.737 MTOTI0001166863
6518.151760 1.005625 0.005107 1.3761 96.5 -3.132 -0.864 MTOTI0001166864
6518.152147 0.996772 0.005073 1.3776 95.0 -3.438 -0.871 MTOTI0001166865
6518.152528 1.004847 0.005112 1.3792 95.0 -2.559 -0.576 MTOTI0001166866
6518.152913 0.997462 0.005065 1.3809 93.5 -2.792 -0.613 MTOTI0001166867
6518.153294 0.995787 0.005103 1.3825 93.5 -4.958 -0.740 MTOTI0001166868
6518.153680 1.007639 0.005107 1.3841 91.6 -6.741 -0.522 MTOTI0001166869
6518.154061 1.009506 0.005100 1.3857 90.3 -5.761 -0.584 MTOTI0001166870
6518.154447 0.997526 0.005038 1.3875 90.2 -2.617 -0.366 MTOTI0001166871
6518.154828 1.004809 0.005061 1.3891 89.3 -2.812 -0.469 MTOTI0001166872
6518.155214 0.999379 0.005050 1.3908 90.7 -2.854 -0.591 MTOTI0001166873
6518.155595 1.001076 0.005066 1.3925 91.5 -2.947 -0.596 MTOTI0001166874
6518.155981 1.001628 0.005112 1.3942 91.8 -4.747 -0.716 MTOTI0001166875
6518.156363 0.995022 0.005101 1.3959 92.5 -6.930 -0.600 MTOTI0001166876
6518.156749 0.996394 0.005065 1.3976 92.3 -4.296 -0.457 MTOTI0001166877
6518.157129 1.005429 0.005092 1.3994 92.0 -3.226 -0.644 MTOTI0001166878
6518.157515 1.007632 0.005111 1.4011 92.2 -2.922 -0.618 MTOTI0001166879
6518.157895 1.006639 0.005121 1.4029 96.9 -3.237 -0.623 MTOTI0001166880
6518.158281 0.995668 0.005076 1.4046 95.9 -3.283 -0.593 MTOTI0001166881
6518.158662 0.994656 0.005121 1.4064 96.3 -2.849 -0.471 MTOTI0001166882
6518.159048 1.005474 0.005138 1.4083 97.0 -5.185 -0.497 MTOTI0001166883
6518.159429 0.998752 0.005096 1.4101 96.3 -5.495 -0.733 MTOTI0001166884
6518.159815 1.000515 0.005087 1.4120 96.9 -4.286 -0.675 MTOTI0001166885
6518.160196 0.997195 0.005070 1.4137 96.1 -3.765 -0.723 MTOTI0001166886
6518.160582 1.003298 0.005068 1.4156 94.4 -2.122 -0.582 MTOTI0001166887
6518.160962 0.996302 0.005064 1.4175 92.6 -1.904 -0.617 MTOTI0001166888
6518.161348 1.003651 0.005091 1.4194 91.6 -2.913 -0.709 MTOTI0001166889
6518.161729 0.996183 0.005097 1.4213 92.2 -5.397 -0.827 MTOTI0001166890
6518.162115 1.003585 0.005094 1.4232 91.9 -3.959 -0.510 MTOTI0001166891
6518.162496 0.997117 0.005094 1.4251 91.7 -2.869 -0.547 MTOTI0001166892
6518.162882 0.999734 0.005083 1.4270 91.7 -2.175 -0.453 MTOTI0001166893
6518.163263 1.002711 0.005087 1.4290 92.0 -2.531 -0.715 MTOTI0001166894
6518.163648 0.992167 0.005049 1.4310 92.5 -2.490 -0.654 MTOTI0001166895
6518.164029 0.997117 0.005094 1.4329 93.3 -3.155 -0.610 MTOTI0001166896
6518.164415 1.007762 0.005201 1.4349 137.3 -4.227 -0.657 MTOTI0001166897
6518.164796 1.004177 0.005193 1.4370 165.2 -5.974 -0.757 MTOTI0001166898
6518.165181 1.009316 0.005161 1.4390 117.7 -5.371 -0.728 MTOTI0001166899
6518.165562 1.002773 0.005112 1.4411 96.6 -4.473 -0.675 MTOTI0001166900
6518.165948 1.008823 0.005152 1.4431 94.3 -2.499 -0.533 MTOTI0001166901
6518.166328 1.004508 0.005099 1.4451 93.5 -2.845 -0.640 MTOTI0001166902
6518.166715 1.004386 0.005115 1.4472 94.3 -3.171 -0.754 MTOTI0001166903
6518.167095 1.005147 0.005155 1.4493 95.3 -4.964 -0.747 MTOTI0001166904
6518.167482 1.004621 0.005153 1.4515 94.8 -7.486 -0.841 MTOTI0001166905
6518.167862 1.004221 0.005170 1.4536 93.3 -3.966 -0.638 MTOTI0001166906
6518.168248 1.000129 0.005134 1.4558 92.2 -2.873 -0.531 MTOTI0001166907
6518.168629 1.004214 0.005163 1.4579 91.6 -3.053 -0.570 MTOTI0001166908
6518.169015 0.998854 0.005137 1.4601 91.2 -3.422 -0.592 MTOTI0001166909
6518.169396 1.006171 0.005171 1.4623 91.5 -3.361 -0.612 MTOTI0001166910
6518.169782 1.008791 0.005232 1.4645 92.3 -3.216 -0.605 MTOTI0001166911
6518.170163 1.006259 0.005197 1.4667 92.9 -5.715 -0.653 MTOTI0001166912
6518.170549 1.001101 0.005170 1.4689 94.6 -5.655 -0.632 MTOTI0001166913
6518.170929 1.003572 0.005181 1.4712 95.7 -4.853 -0.698 MTOTI0001166914
6518.171316 1.005779 0.005167 1.4734 95.9 -4.467 -0.644 MTOTI0001166915
6518.171696 1.008119 0.005209 1.4757 97.0 -2.959 -0.715 MTOTI0001166916
6518.172083 1.000322 0.005155 1.4780 98.2 -3.111 -0.769 MTOTI0001166917
6518.172463 0.996328 0.005155 1.4803 98.2 -4.329 -0.767 MTOTI0001166918
6518.172850 1.003358 0.005205 1.4827 98.5 -6.832 -0.834 MTOTI0001166919
6518.173230 1.000780 0.005174 1.4850 99.2 -7.898 -0.879 MTOTI0001166920
6518.173616 1.000000 0.005163 1.4873 101.2 -6.910 -0.917 MTOTI0001166921
6518.173997 0.998838 0.005144 1.4897 105.8 -3.300 -0.563 MTOTI0001166922
6518.174383 1.005689 0.005178 1.4921 120.6 -4.008 -0.653 MTOTI0001166923
6518.174764 1.000939 0.005159 1.4945 105.8 -4.122 -0.716 MTOTI0001166924
6518.175150 1.002289 0.005198 1.4970 99.7 -4.715 -0.733 MTOTI0001166925
6518.175530 1.000870 0.005211 1.4994 97.0 -7.250 -0.672 MTOTI0001166926
6518.175917 1.004814 0.005191 1.5020 96.1 -7.050 -0.576 MTOTI0001166927
6518.176297 1.008492 0.005206 1.5043 96.2 -6.192 -0.713 MTOTI0001166928
6518.176684 0.997419 0.005179 1.5069 95.8 -5.430 -0.846 MTOTI0001166929
6518.177064 1.004770 0.005197 1.5095 97.0 -5.996 -0.737 MTOTI0001166930
6518.177450 0.998763 0.005201 1.5120 96.8 -4.062 -0.706 MTOTI0001166931
6518.177831 1.001580 0.005194 1.5145 94.6 -4.509 -0.663 MTOTI0001166932
6518.178217 0.999807 0.005219 1.5171 94.1 -6.644 -0.845 MTOTI0001166933
6518.178597 1.005437 0.005234 1.5197 94.0 -8.742 -0.898 MTOTI0001166934
6518.178984 1.007924 0.005245 1.5223 92.7 -8.321 -0.955 MTOTI0001166935
6518.179364 1.001592 0.005313 1.5249 91.5 -4.486 -0.530 MTOTI0001166936
6518.179751 1.006195 0.005215 1.5275 90.6 -4.302 -0.538 MTOTI0001166937
6518.180131 1.000799 0.005183 1.5301 90.1 -4.836 -0.597 MTOTI0001166938
6518.180517 1.004308 0.005190 1.5328 89.1 -4.923 -0.581 MTOTI0001166939
6518.180897 0.997170 0.005201 1.5355 88.3 -6.474 -0.654 MTOTI0001166940
6518.181284 1.005656 0.005234 1.5383 87.8 -6.457 -0.699 MTOTI0001166941
6518.181664 1.001985 0.005189 1.5409 87.4 -6.352 -0.652 MTOTI0001166942
6518.182050 0.997429 0.005174 1.5437 87.4 -5.353 -0.813 MTOTI0001166943
6518.182430 1.001222 0.005176 1.5465 87.1 -5.180 -0.608 MTOTI0001166944
6518.182817 1.006755 0.005194 1.5493 86.7 -5.783 -0.824 MTOTI0001166945
6518.183197 1.002265 0.005235 1.5520 86.8 -2.880 -0.386 MTOTI0001166946
6518.183583 1.007165 0.005236 1.5549 86.3 -4.101 -0.425 MTOTI0001166947
6518.183964 0.996502 0.005228 1.5577 86.7 -6.805 -0.483 MTOTI0001166948
6518.184350 1.013400 0.005286 1.5606 88.1 -7.198 -0.559 MTOTI0001166949
6518.184730 1.003748 0.005242 1.5635 87.7 -6.336 -0.479 MTOTI0001166950
6518.185117 1.003869 0.005256 1.5665 88.0 -5.884 -0.614 MTOTI0001166951
6518.185497 0.992736 0.005239 1.5693 87.4 -3.567 -0.426 MTOTI0001166952
6518.185883 1.004972 0.005276 1.5723 88.2 -3.728 -0.503 MTOTI0001166953
6518.186263 1.002469 0.005279 1.5753 88.5 -4.716 -0.553 MTOTI0001166954
6518.186650 0.998940 0.005310 1.5782 89.1 -7.024 -0.513 MTOTI0001166955
6518.187030 1.009697 0.005346 1.5813 89.9 -5.056 -0.481 MTOTI0001166956
6518.187417 1.003038 0.005302 1.5843 90.6 -4.341 -0.328 MTOTI0001166957
6518.187796 0.999323 0.005311 1.5873 90.8 -3.417 -0.385 MTOTI0001166958
6518.188183 1.013357 0.005348 1.5904 90.9 -3.978 -0.316 MTOTI0001166959
6518.188563 1.001327 0.005324 1.5936 90.7 -4.229 -0.347 MTOTI0001166960
6518.188949 0.997721 0.005333 1.5966 89.8 -4.687 -0.615 MTOTI0001166961
6518.189329 1.001139 0.005407 1.5998 89.2 -4.778 -0.346 MTOTI0001166962
6518.189715 1.001124 0.005384 1.6030 88.4 -6.911 -0.457 MTOTI0001166963
6518.190095 1.001576 0.005399 1.6061 87.3 -6.130 -0.445 MTOTI0001166964
6518.190481 0.991591 0.005363 1.6093 86.6 -5.239 -0.397 MTOTI0001166965
6518.190861 0.997833 0.005384 1.6126 85.7 -5.602 -0.406 MTOTI0001166966
6518.191249 0.993272 0.005401 1.6158 85.8 -3.639 -0.272 MTOTI0001166967
6518.191630 0.992944 0.005412 1.6190 85.8 -3.998 -0.288 MTOTI0001166968
6518.192016 1.003408 0.005481 1.6224 86.5 -5.886 -0.372 MTOTI0001166969
6518.192396 1.004748 0.005509 1.6257 86.5 -8.368 -0.280 MTOTI0001166970
6518.192782 1.006473 0.005539 1.6290 87.9 -8.243 -0.440 MTOTI0001166971
6518.193162 1.000772 0.005580 1.6324 89.1 -4.095 -0.072 MTOTI0001166972
6518.193548 1.011618 0.005581 1.6358 89.4 -3.860 -0.100 MTOTI0001166973
6518.193929 0.995900 0.005538 1.6391 89.5 -4.309 -0.126 MTOTI0001166974
6518.194315 1.008105 0.005606 1.6426 90.1 -4.526 -0.114 MTOTI0001166975
6518.194694 1.009351 0.005652 1.6461 92.3 -6.059 0.028 MTOTI0001166976
6518.195080 0.987740 0.005587 1.6497 93.1 -5.688 -0.180 MTOTI0001166977
6518.195460 1.008048 0.005644 1.6531 93.4 -6.262 -0.205 MTOTI0001166978
6518.195846 0.996065 0.005569 1.6567 94.1 -5.432 -0.323 MTOTI0001166979
6518.196226 1.007191 0.005613 1.6601 92.2 -4.984 -0.304 MTOTI0001166980
6518.196612 1.008717 0.005641 1.6638 97.4 -5.941 -0.430 MTOTI0001166981
6518.196992 1.000146 0.005697 1.6674 96.2 -3.704 -0.218 MTOTI0001166982
6518.197380 1.000132 0.005719 1.6711 97.1 -4.656 -0.143 MTOTI0001166983
6518.197760 1.011464 0.005832 1.6746 97.9 -7.274 -0.112 MTOTI0001166984
6518.198148 1.006391 0.005799 1.6784 100.2 -8.567 -0.251 MTOTI0001166985
6518.198528 1.011011 0.005843 1.6822 101.4 -7.827 -0.019 MTOTI0001166986
6518.198915 1.004970 0.005832 1.6858 101.6 -7.389 -0.063 MTOTI0001166987
6518.199295 1.012051 0.005887 1.6896 101.2 -4.745 -0.252 MTOTI0001166988
6518.199681 1.000702 0.005799 1.6935 100.6 -4.744 -0.141 MTOTI0001166989
6518.200061 1.003935 0.005827 1.6972 99.9 -5.234 -0.169 MTOTI0001166990
6518.200447 0.993443 0.005792 1.7012 99.6 -7.456 -0.304 MTOTI0001166991
6518.200827 0.992903 0.005773 1.7051 98.1 -9.323 -0.259 MTOTI0001166992
6518.201215 1.007947 0.005802 1.7090 97.2 -5.273 -0.228 MTOTI0001166993
6518.201595 1.004437 0.005780 1.7128 96.4 -4.449 -0.302 MTOTI0001166994
6518.201980 0.998742 0.005745 1.7168 95.3 -4.759 -0.225 MTOTI0001166995
6518.202360 1.004579 0.005788 1.7208 95.2 -5.189 -0.415 MTOTI0001166996
6518.202747 0.998768 0.005773 1.7248 96.0 -5.488 -0.340 MTOTI0001166997
6518.203127 1.012352 0.005893 1.7289 96.3 -5.515 -0.212 MTOTI0001166998
6518.203513 0.998558 0.005832 1.7329 97.0 -8.100 -0.312 MTOTI0001166999
6518.203894 1.005916 0.005861 1.7371 98.3 -7.776 -0.238 MTOTI0001167000
6518.204280 1.005037 0.005869 1.7413 99.6 -6.804 -0.130 MTOTI0001167001
6518.204660 1.001410 0.005861 1.7453 111.3 -7.024 -0.204 MTOTI0001167002
6518.205047 0.994778 0.005885 1.7496 145.4 -7.415 -0.380 MTOTI0001167003
6518.205427 0.996850 0.005859 1.7537 110.7 -7.332 -0.448 MTOTI0001167004
6518.205813 1.008676 0.005932 1.7582 104.1 -9.211 -0.275 MTOTI0001167005
6518.206193 1.001885 0.006378 1.7624 101.8 -11.889 -0.275 MTOTI0001167006
6518.206579 1.001496 0.005847 1.7668 101.4 -6.924 -0.529 MTOTI0001167007
6518.206959 0.995984 0.005843 1.7710 102.1 -6.116 -0.600 MTOTI0001167008
6518.207346 1.004560 0.005877 1.7754 102.2 -5.867 -0.539 MTOTI0001167009
6518.207726 1.001321 0.005870 1.7799 102.5 -6.244 -0.375 MTOTI0001167010
6518.208113 1.007748 0.005940 1.7844 103.7 -3.215 -0.424 MTOTI0001167011
6518.208493 1.001773 0.005951 1.7888 103.4 -4.385 -0.488 MTOTI0001167012
6518.208879 1.018148 0.006026 1.7933 102.9 -7.217 -0.432 MTOTI0001167013
6518.209259 0.995565 0.005964 1.7980 149.2 -8.384 -0.434 MTOTI0001167014
6518.209646 1.004794 0.005987 1.8025 122.3 -7.479 -0.539 MTOTI0001167015
6518.210026 1.006702 0.006030 1.8071 141.1 -6.933 -0.483 MTOTI0001167016
6518.210412 1.004147 0.006136 1.8118 198.0 -3.321 -0.445 MTOTI0001167017
6518.210792 0.997424 0.006062 1.8164 148.7 -3.546 -0.442 MTOTI0001167018
6518.211179 1.006718 0.006084 1.8211 121.1 -4.200 -0.334 MTOTI0001167019
6518.211559 1.006321 0.006107 1.8260 110.2 -6.752 -0.420 MTOTI0001167020
6518.211945 0.992954 0.005996 1.8308 106.2 -8.589 -0.470 MTOTI0001167021
6518.212325 1.003148 0.006028 1.8357 104.6 -7.741 -0.351 MTOTI0001167022
6518.212712 0.993442 0.006020 1.8405 103.1 -2.281 -0.196 MTOTI0001167023
6518.213092 1.002221 0.006054 1.8453 102.4 -2.828 -0.507 MTOTI0001167024
6518.213478 1.001611 0.006061 1.8503 101.3 -3.067 -0.477 MTOTI0001167025
6518.213858 0.997887 0.006058 1.8553 101.3 -3.599 -0.514 MTOTI0001167026
6518.214244 1.008042 0.006132 1.8603 101.5 -2.348 -0.278 MTOTI0001167027
6518.214624 1.008281 0.006112 1.8654 101.6 -4.560 -0.373 MTOTI0001167028
6518.215011 1.004573 0.006101 1.8705 99.6 -4.251 -0.394 MTOTI0001167029
6518.215391 1.010184 0.006129 1.8756 100.6 -3.342 -0.396 MTOTI0001167030
6518.215777 1.005018 0.006137 1.8808 101.1 -3.308 -0.356 MTOTI0001167031
6518.216157 0.996473 0.006194 1.8860 100.2 -1.509 -0.454 MTOTI0001167032
6518.216543 1.001440 0.006161 1.8912 101.8 -1.342 -0.324 MTOTI0001167033
6518.216923 1.012966 0.006224 1.8965 101.3 -2.788 -0.360 MTOTI0001167034
6518.217309 1.002397 0.006174 1.9019 102.1 -5.539 -0.495 MTOTI0001167035
6518.217690 1.006005 0.006197 1.9072 99.9 -5.771 -0.408 MTOTI0001167036
6518.218078 1.006129 0.006249 1.9128 101.2 -0.900 -0.151 MTOTI0001167037
6518.218458 0.999076 0.006237 1.9181 108.2 -0.738 -0.234 MTOTI0001167038
6518.218844 1.007409 0.006268 1.9238 104.9 -1.530 -0.195 MTOTI0001167039
6518.219224 1.002444 0.006250 1.9291 104.1 -1.480 -0.252 MTOTI0001167040
6518.219610 1.012790 0.006333 1.9349 103.3 -2.901 -0.292 MTOTI0001167041
6518.219990 0.993715 0.006297 1.9405 102.7 -2.961 -0.420 MTOTI0001167042
6518.220376 1.007015 0.006314 1.9462 102.3 -3.625 -0.267 MTOTI0001167043
6518.220756 1.013435 0.006392 1.9519 105.0 -2.913 -0.430 MTOTI0001167044
6518.221142 1.001882 0.006362 1.9577 103.0 -2.472 -0.289 MTOTI0001167045
6518.221522 1.001885 0.006378 1.9635 102.9 -3.165 -0.162 MTOTI0001167046
6518.221908 0.988945 0.006377 1.9695 103.6 -0.447 -0.094 MTOTI0001167047
