# BJD(TDB)-2450000 flux err airmass sky dx dy baserun
6518.006087 1.023744 0.011114 1.4126 172.2 9.378 5.321 MTOTG0001166484
6518.006473 1.009847 0.011104 1.4107 170.8 7.789 5.451 MTOTG0001166485
6518.006853 1.019553 0.011112 1.4089 170.5 6.467 5.491 MTOTG0001166486
6518.007239 1.033958 0.011347 1.4071 187.9 7.717 5.766 MTOTG0001166487
6518.007620 1.007573 0.011397 1.4053 187.2 6.874 4.281 MTOTG0001166488
6518.008006 1.010927 0.011197 1.4034 169.6 7.101 4.511 MTOTG0001166489
6518.008386 1.005779 0.011246 1.4017 191.5 6.900 4.249 MTOTG0001166490
6518.008772 1.001300 0.011589 1.3999 190.1 4.318 2.874 MTOTG0001166491
6518.009153 1.013822 0.011340 1.3982 186.2 3.095 3.276 MTOTG0001166492
6518.009539 1.028915 0.011634 1.3964 183.4 0.485 2.280 MTOTG0001166493
6518.009920 1.027411 0.011461 1.3947 181.6 1.655 2.241 MTOTG0001166494
6518.010305 0.999835 0.011208 1.3930 180.8 3.446 2.380 MTOTG0001166495
6518.010686 1.006665 0.011041 1.3913 180.1 2.959 1.823 MTOTG0001166496
6518.011072 1.013424 0.011380 1.3896 178.8 1.553 1.289 MTOTG0001166497
6518.011453 1.017471 0.010970 1.3879 177.8 2.030 1.343 MTOTG0001166498
6518.011839 1.007044 0.011078 1.3863 176.2 -0.381 0.846 MTOTG0001166499
6518.012220 1.014401 0.010856 1.3846 174.5 -2.268 1.025 MTOTG0001166500
6518.012606 1.023994 0.010969 1.3830 172.6 -0.528 0.780 MTOTG0001166501
6518.012986 1.012942 0.010708 1.3814 171.0 0.925 0.989 MTOTG0001166502
6518.013373 1.002310 0.010841 1.3798 169.5 1.521 0.692 MTOTG0001166503
6518.013753 0.995690 0.010318 1.3782 167.2 1.400 0.650 MTOTG0001166504
6518.014139 1.017041 0.010574 1.3766 165.5 1.312 0.817 MTOTG0001166505
6518.014520 1.007059 0.010453 1.3750 164.5 0.125 0.516 MTOTG0001166506
6518.014906 1.011398 0.010524 1.3734 163.2 -1.600 0.384 MTOTG0001166507
6518.015286 1.011565 0.010198 1.3719 162.5 -1.762 0.466 MTOTG0001166508
6518.015673 1.011043 0.010480 1.3703 162.0 0.041 0.362 MTOTG0001166509
6518.016053 1.013218 0.010221 1.3688 161.1 1.367 0.515 MTOTG0001166510
6518.016439 1.012183 0.010352 1.3673 160.1 0.376 0.667 MTOTG0001166511
6518.016819 1.022617 0.010255 1.3658 158.9 0.336 0.514 MTOTG0001166512
6518.017206 0.993798 0.010356 1.3643 157.9 0.501 0.733 MTOTG0001166513
6518.017586 1.012479 0.010360 1.3629 157.2 -1.232 0.621 MTOTG0001166514
6518.017972 1.004351 0.010150 1.3613 156.3 -2.160 0.812 MTOTG0001166515
6518.018352 1.002686 0.010341 1.3599 155.8 0.154 0.684 MTOTG0001166516
6518.018739 1.003559 0.010195 1.3584 155.4 1.143 0.708 MTOTG0001166517
6518.019119 0.999680 0.009899 1.3571 154.3 1.307 0.831 MTOTG0001166518
6518.019505 1.022836 0.010197 1.3556 153.0 0.893 0.795 MTOTG0001166519
6518.019885 1.008544 0.010049 1.3542 152.4 1.335 0.905 MTOTG0001166520
6518.020271 1.030869 0.010397 1.3528 151.2 -0.811 0.907 MTOTG0001166521
6518.020651 1.006596 0.009943 1.3514 150.3 -1.986 1.055 MTOTG0001166522
6518.021037 1.017945 0.010298 1.3500 149.8 0.096 0.962 MTOTG0001166523
6518.021418 1.013658 0.010032 1.3486 148.9 1.699 1.023 MTOTG0001166524
6518.021804 1.007646 0.010018 1.3473 148.3 1.975 1.047 MTOTG0001166525
6518.022184 1.007812 0.010217 1.3459 148.1 1.377 1.318 MTOTG0001166526
6518.022570 1.027213 0.010274 1.3446 147.7 1.773 1.304 MTOTG0001166527
6518.022950 1.027789 0.010263 1.3433 147.6 -0.172 1.134 MTOTG0001166528
6518.023336 1.020617 0.010179 1.3420 147.3 -2.061 1.457 MTOTG0001166529
6518.023717 1.005593 0.010349 1.3406 146.5 -1.633 1.375 MTOTG0001166530
6518.024102 1.002818 0.010346 1.3394 146.2 0.871 1.576 MTOTG0001166531
6518.024483 1.019367 0.010757 1.3381 146.1 1.277 1.585 MTOTG0001166532
6518.024869 1.021500 0.010345 1.3368 145.8 1.417 1.537 MTOTG0001166533
6518.025249 0.990291 0.010497 1.3356 145.1 1.202 1.428 MTOTG0001166534
6518.025635 1.024361 0.010366 1.3343 144.6 0.747 1.473 MTOTG0001166535
6518.026016 1.028711 0.010626 1.3331 143.8 -1.227 1.329 MTOTG0001166536
6518.026402 1.011012 0.010329 1.3318 143.3 -0.912 1.476 MTOTG0001166537
6518.026783 1.002256 0.010576 1.3306 142.6 1.328 1.276 MTOTG0001166538
6518.027169 1.002409 0.010134 1.3294 141.4 2.415 1.407 MTOTG0001166539
6518.027550 1.007773 0.010115 1.3282 140.8 2.342 1.265 MTOTG0001166540
6518.027935 1.010654 0.010016 1.3270 139.7 2.389 1.328 MTOTG0001166541
6518.028316 1.012485 0.009995 1.3258 138.7 1.940 1.151 MTOTG0001166542
6518.028702 1.031134 0.010174 1.3246 137.3 0.211 1.403 MTOTG0001166543
6518.029083 1.023493 0.010138 1.3235 136.8 -0.639 1.092 MTOTG0001166544
6518.029469 0.994824 0.009881 1.3223 136.1 0.855 0.908 MTOTG0001166545
6518.029850 1.008493 0.009959 1.3212 135.5 2.272 0.941 MTOTG0001166546
6518.030236 0.986815 0.009861 1.3200 135.4 2.050 1.044 MTOTG0001166547
6518.030617 0.986087 0.009901 1.3189 134.8 2.266 0.981 MTOTG0001166548
6518.031003 1.013200 0.010169 1.3178 133.8 1.311 0.764 MTOTG0001166549
6518.031384 1.006388 0.010103 1.3167 133.3 -0.022 0.804 MTOTG0001166550
6518.031770 1.014667 0.009965 1.3156 132.4 -1.266 0.839 MTOTG0001166551
6518.032150 1.020827 0.010099 1.3145 132.3 -0.124 0.934 MTOTG0001166552
6518.032537 1.018791 0.009967 1.3135 131.7 1.706 1.024 MTOTG0001166553
6518.032917 0.998562 0.010028 1.3124 131.3 0.832 0.684 MTOTG0001166554
6518.033304 1.010956 0.009967 1.3113 130.4 1.021 0.919 MTOTG0001166555
6518.033684 1.019873 0.009959 1.3103 129.8 1.311 0.837 MTOTG0001166556
6518.034070 1.010112 0.009949 1.3092 129.5 0.085 0.905 MTOTG0001166557
6518.034450 1.002039 0.009927 1.3082 129.1 -1.542 1.025 MTOTG0001166558
6518.034837 0.998898 0.009923 1.3072 128.6 -0.808 1.094 MTOTG0001166559
6518.035217 1.015654 0.010165 1.3062 128.2 0.626 0.529 MTOTG0001166560
6518.035604 1.006563 0.009830 1.3052 128.0 1.139 0.761 MTOTG0001166561
6518.035984 1.003145 0.009820 1.3042 127.0 1.071 0.630 MTOTG0001166562
6518.036369 0.997900 0.009772 1.3032 126.7 1.207 0.796 MTOTG0001166563
6518.036750 0.994617 0.009763 1.3023 125.8 0.349 0.869 MTOTG0001166564
6518.037136 1.014518 0.010016 1.3013 125.2 -1.963 0.744 MTOTG0001166565
6518.037517 1.019116 0.009900 1.3003 124.4 -1.638 0.811 MTOTG0001166566
6518.037903 1.011311 0.009800 1.2994 123.5 0.095 0.906 MTOTG0001166567
6518.038283 1.005379 0.009642 1.2985 122.6 0.936 0.773 MTOTG0001166568
6518.038669 0.999826 0.009585 1.2975 122.0 0.819 0.789 MTOTG0001166569
6518.039050 0.995663 0.009744 1.2966 121.2 1.219 0.757 MTOTG0001166570
6518.039435 1.001358 0.009668 1.2957 120.2 0.294 0.649 MTOTG0001166571
6518.039815 0.999049 0.009734 1.2948 119.1 -1.516 0.624 MTOTG0001166572
6518.040201 1.022925 0.009697 1.2939 118.7 -1.915 0.842 MTOTG0001166573
6518.040581 1.012685 0.009670 1.2931 118.2 -0.385 0.846 MTOTG0001166574
6518.040967 1.000439 0.011440 1.2922 117.6 0.592 0.895 MTOTG0001166575
6518.041347 1.012555 0.009582 1.2913 117.1 0.979 0.616 MTOTG0001166576
6518.041733 0.987619 0.009427 1.2904 116.5 1.124 0.598 MTOTG0001166577
6518.042114 1.005340 0.009530 1.2896 115.9 0.805 0.688 MTOTG0001166578
6518.042499 0.998274 0.009569 1.2888 115.6 -0.890 0.750 MTOTG0001166579
6518.042880 1.010095 0.009615 1.2879 115.2 -1.951 0.371 MTOTG0001166580
6518.043266 0.998460 0.009508 1.2871 114.8 -0.687 0.319 MTOTG0001166581
6518.043647 0.995240 0.009526 1.2863 113.7 0.915 0.484 MTOTG0001166582
6518.044032 1.001608 0.009571 1.2855 113.1 0.918 0.588 MTOTG0001166583
6518.044413 1.008044 0.009489 1.2847 112.7 0.845 0.769 MTOTG0001166584
6518.044798 1.019923 0.009655 1.2839 112.0 0.455 0.506 MTOTG0001166585
6518.045179 1.001856 0.009721 1.2832 112.0 -0.985 0.614 MTOTG0001166586
6518.045565 0.990609 0.009480 1.2824 111.4 -2.985 0.692 MTOTG0001166587
6518.045946 1.005125 0.009707 1.2816 111.0 -1.760 0.695 MTOTG0001166588
6518.046332 1.004421 0.009622 1.2809 110.0 -0.254 0.696 MTOTG0001166589
6518.046713 0.998807 0.009628 1.2802 109.3 0.395 0.463 MTOTG0001166590
6518.047098 1.000000 0.009546 1.2794 108.3 0.377 0.544 MTOTG0001166591
6518.047479 0.989711 0.009564 1.2787 107.8 0.553 0.426 MTOTG0001166592
6518.047866 1.011644 0.009835 1.2780 106.9 -0.351 0.302 MTOTG0001166593
6518.048246 1.017298 0.009625 1.2773 105.9 -2.377 0.540 MTOTG0001166594
6518.048633 0.992159 0.009549 1.2766 105.1 -1.026 0.547 MTOTG0001166595
6518.049013 0.996755 0.009512 1.2759 103.9 0.686 0.563 MTOTG0001166596
6518.049399 0.999986 0.009542 1.2752 102.6 1.319 0.711 MTOTG0001166597
6518.049780 1.016547 0.009604 1.2746 101.4 1.378 0.551 MTOTG0001166598
6518.050166 1.007604 0.009581 1.2738 100.6 1.615 0.710 MTOTG0001166599
6518.050546 1.002056 0.009618 1.2732 100.4 0.888 0.887 MTOTG0001166600
6518.050933 1.004950 0.009829 1.2725 100.3 -1.328 0.512 MTOTG0001166601
6518.051313 1.014260 0.009691 1.2719 100.2 -1.124 0.731 MTOTG0001166602
6518.051700 1.004360 0.009758 1.2713 97.7 0.379 0.520 MTOTG0001166603
6518.052080 0.995002 0.009787 1.2707 97.2 1.550 0.394 MTOTG0001166604
6518.052466 1.003685 0.009745 1.2700 97.1 1.248 0.611 MTOTG0001166605
6518.052847 0.990500 0.010073 1.2694 96.9 0.756 0.329 MTOTG0001166606
6518.053233 0.996517 0.009986 1.2688 96.7 0.439 0.462 MTOTG0001166607
6518.053613 1.014880 0.010141 1.2682 96.3 -1.494 0.633 MTOTG0001166608
6518.054000 0.993817 0.009864 1.2676 96.0 -2.289 0.590 MTOTG0001166609
6518.054380 0.991427 0.009955 1.2671 95.9 -0.831 0.710 MTOTG0001166610
6518.054766 0.990534 0.009901 1.2665 95.0 0.220 0.653 MTOTG0001166611
6518.055146 1.002002 0.009889 1.2660 94.9 0.614 0.296 MTOTG0001166612
6518.055533 0.985838 0.009733 1.2654 94.2 0.763 0.410 MTOTG0001166613
6518.055913 1.011829 0.009990 1.2649 93.0 0.682 0.323 MTOTG0001166614
6518.056299 1.000863 0.009947 1.2643 91.7 -1.077 0.226 MTOTG0001166615
6518.056679 0.980683 0.009841 1.2638 91.4 -1.721 0.163 MTOTG0001166616
6518.057066 1.018356 0.009807 1.2633 90.5 -0.566 0.391 MTOTG0001166617
6518.057446 1.006720 0.009678 1.2628 89.8 0.942 0.512 MTOTG0001166618
6518.057833 0.994667 0.009704 1.2623 89.1 1.265 0.487 MTOTG0001166619
6518.058212 0.991136 0.012516 1.2618 88.7 1.067 0.621 MTOTG0001166620
6518.058599 0.996642 0.009971 1.2613 87.9 0.907 0.493 MTOTG0001166621
6518.058979 1.016828 0.009882 1.2608 87.6 -0.347 0.571 MTOTG0001166622
6518.059366 1.003855 0.009709 1.2603 86.8 -2.457 0.439 MTOTG0001166623
6518.059746 1.012642 0.009839 1.2599 86.4 -1.820 0.472 MTOTG0001166624
6518.060132 1.013019 0.009799 1.2594 86.4 -0.143 0.406 MTOTG0001166625
6518.060513 1.009461 0.009663 1.2590 86.0 0.598 0.561 MTOTG0001166626
6518.060898 0.992694 0.009731 1.2585 85.5 0.524 0.382 MTOTG0001166627
6518.061279 1.006312 0.009664 1.2581 85.1 0.625 0.609 MTOTG0001166628
6518.061665 1.020903 0.009863 1.2577 84.9 -0.282 0.570 MTOTG0001166629
6518.062045 0.994595 0.009685 1.2573 84.5 -2.101 0.501 MTOTG0001166630
6518.062431 0.991280 0.009812 1.2568 84.2 -2.128 0.637 MTOTG0001166631
6518.062812 0.994943 0.009799 1.2565 83.9 -0.881 0.618 MTOTG0001166632
6518.063198 0.978880 0.009565 1.2561 83.7 0.094 0.543 MTOTG0001166633
6518.063578 0.987451 0.009610 1.2557 83.1 0.172 0.502 MTOTG0001166634
6518.063964 1.001609 0.009776 1.2553 82.7 0.039 0.257 MTOTG0001166635
6518.064345 0.993522 0.009742 1.2549 82.3 -0.246 0.483 MTOTG0001166636
6518.064731 1.008341 0.009794 1.2546 82.2 -2.172 0.414 MTOTG0001166637
6518.065112 0.989762 0.009581 1.2542 82.5 -2.288 0.434 MTOTG0001166638
6518.065498 0.991762 0.009743 1.2538 82.3 -1.078 0.390 MTOTG0001166639
6518.065878 1.004700 0.009650 1.2535 82.4 0.272 0.356 MTOTG0001166640
6518.066264 1.006541 0.009651 1.2532 82.0 0.149 0.613 MTOTG0001166641
6518.066645 0.997654 0.009721 1.2529 81.8 0.209 0.280 MTOTG0001166642
6518.067031 0.988935 0.009775 1.2525 81.3 -0.548 0.583 MTOTG0001166643
6518.067411 0.983567 0.009654 1.2522 80.9 -1.943 0.412 MTOTG0001166644
6518.067797 0.990768 0.009503 1.2519 80.8 -3.476 0.554 MTOTG0001166645
6518.068178 1.000626 0.009535 1.2516 80.3 -2.290 0.481 MTOTG0001166646
6518.068564 0.991586 0.009396 1.2514 79.8 -0.775 0.465 MTOTG0001166647
6518.068945 0.984291 0.009397 1.2511 79.4 -0.868 0.398 MTOTG0001166648
6518.069331 0.984204 0.009366 1.2508 79.2 -0.875 0.387 MTOTG0001166649
6518.069712 0.983955 0.009499 1.2505 79.1 -1.068 0.352 MTOTG0001166650
6518.070098 0.979640 0.009606 1.2503 79.0 -3.527 0.452 MTOTG0001166651
6518.070479 0.975422 0.009379 1.2500 79.0 -4.623 0.409 MTOTG0001166652
6518.070865 0.975835 0.009385 1.2498 79.9 -3.615 0.608 MTOTG0001166653
6518.071245 0.988481 0.009448 1.2496 81.0 -1.014 0.341 MTOTG0001166654
6518.071632 0.981198 0.009331 1.2493 81.6 -0.559 0.405 MTOTG0001166655
6518.072012 0.986492 0.009324 1.2491 79.2 -0.729 0.498 MTOTG0001166656
6518.072399 0.977805 0.009300 1.2489 77.9 -0.599 0.233 MTOTG0001166657
6518.072779 0.968913 0.009397 1.2487 78.0 -1.948 0.379 MTOTG0001166658
6518.073166 0.987000 0.009388 1.2485 78.0 -4.193 0.266 MTOTG0001166659
6518.073546 0.969355 0.009221 1.2483 76.4 -3.801 0.401 MTOTG0001166660
6518.073933 0.961473 0.009160 1.2481 75.8 -2.239 0.503 MTOTG0001166661
6518.074313 0.971256 0.009356 1.2480 75.7 -1.703 0.295 MTOTG0001166662
6518.074700 0.969787 0.009251 1.2478 75.7 -1.633 0.249 MTOTG0001166663
6518.075080 0.969682 0.009407 1.2476 75.6 -1.323 0.106 MTOTG0001166664
6518.075466 0.966682 0.009229 1.2475 75.5 -2.121 0.216 MTOTG0001166665
6518.075847 0.982256 0.009484 1.2473 75.4 -4.332 0.259 MTOTG0001166666
6518.076233 0.990116 0.009464 1.2472 75.4 -4.653 0.359 MTOTG0001166667
6518.076613 0.972876 0.009279 1.2471 75.1 -3.326 0.399 MTOTG0001166668
6518.077000 0.988190 0.009346 1.2470 75.0 -0.050 0.315 MTOTG0001166669
6518.077380 0.960889 0.009240 1.2469 75.3 -0.052 0.407 MTOTG0001166670
6518.077766 0.960348 0.009198 1.2468 75.3 0.092 0.267 MTOTG0001166671
6518.078147 0.967062 0.009370 1.2467 75.0 -0.370 0.314 MTOTG0001166672
6518.078533 0.963755 0.009392 1.2466 75.0 -2.113 0.371 MTOTG0001166673
6518.078913 0.969342 0.009348 1.2465 75.1 -3.205 0.278 MTOTG0001166674
6518.079299 0.970958 0.009299 1.2464 75.0 -1.950 0.265 MTOTG0001166675
6518.079680 0.971500 0.009441 1.2463 75.0 -0.862 0.078 MTOTG0001166676
6518.080066 0.959456 0.009272 1.2463 74.5 -0.610 0.130 MTOTG0001166677
6518.080446 0.969013 0.009376 1.2462 74.4 -0.761 0.279 MTOTG0001166678
6518.080832 0.966316 0.009313 1.2462 74.3 -0.778 0.373 MTOTG0001166679
6518.081213 0.951642 0.009255 1.2461 74.0 -2.312 0.465 MTOTG0001166680
6518.081598 0.977494 0.009313 1.2461 73.8 -4.396 0.500 MTOTG0001166681
6518.081978 0.971890 0.009474 1.2461 73.2 -3.516 0.327 MTOTG0001166682
6518.082364 0.957156 0.009322 1.2461 73.7 -0.702 0.350 MTOTG0001166683
6518.082744 0.955766 0.009113 1.2461 73.4 -0.441 0.224 MTOTG0001166684
6518.083130 0.969579 0.009141 1.2460 72.2 -0.292 0.358 MTOTG0001166685
6518.083511 0.976881 0.009132 1.2461 71.8 -0.041 0.407 MTOTG0001166686
6518.083897 0.957687 0.009256 1.2461 71.4 -2.205 0.455 MTOTG0001166687
6518.084278 0.950931 0.009088 1.2461 71.0 -3.005 0.383 MTOTG0001166688
6518.084664 0.975135 0.009152 1.2461 71.0 -2.393 0.431 MTOTG0001166689
6518.085045 0.971793 0.009135 1.2462 70.9 -1.150 0.399 MTOTG0001166690
6518.085431 0.966208 0.009058 1.2462 70.8 -0.366 0.264 MTOTG0001166691
6518.085812 0.954466 0.009051 1.2463 70.6 -0.535 0.311 MTOTG0001166692
6518.086198 0.960246 0.009202 1.2463 70.6 -0.639 0.270 MTOTG0001166693
6518.086579 0.943346 0.009079 1.2464 70.3 -1.430 0.260 MTOTG0001166694
6518.086965 0.974870 0.009309 1.2465 70.2 -3.683 0.216 MTOTG0001166695
6518.087346 0.957479 0.009100 1.2465 69.7 -3.953 0.199 MTOTG0001166696
6518.087732 0.967375 0.009216 1.2466 69.2 -2.534 0.314 MTOTG0001166697
6518.088113 0.953695 0.009083 1.2467 69.2 -2.251 0.322 MTOTG0001166698
6518.088499 0.970992 0.009169 1.2468 68.3 -0.757 0.128 MTOTG0001166699
6518.088880 0.945165 0.009032 1.2469 67.9 -0.448 0.076 MTOTG0001166700
6518.089266 0.962378 0.009225 1.2470 67.5 -1.382 0.082 MTOTG0001166701
6518.089647 0.957006 0.009209 1.2472 66.9 -3.540 0.187 MTOTG0001166702
6518.090033 0.959152 0.009180 1.2473 66.5 -2.816 -0.028 MTOTG0001166703
6518.090414 0.962351 0.008983 1.2474 65.8 -1.705 0.287 MTOTG0001166704
6518.090800 0.950108 0.009011 1.2476 65.5 -0.861 0.043 MTOTG0001166705
6518.091181 0.965160 0.009080 1.2477 65.5 -0.939 -0.001 MTOTG0001166706
6518.091567 0.959641 0.008980 1.2479 65.3 -0.782 0.122 MTOTG0001166707
6518.091948 0.956502 0.008996 1.2481 65.0 -1.230 0.174 MTOTG0001166708
6518.092334 0.946739 0.009047 1.2483 64.5 -2.565 0.168 MTOTG0001166709
6518.092714 0.953478 0.009002 1.2484 64.5 -4.158 0.197 MTOTG0001166710
6518.093101 0.953830 0.009011 1.2486 64.3 -3.312 0.098 MTOTG0001166711
6518.093482 0.964256 0.008955 1.2488 64.4 -1.947 0.226 MTOTG0001166712
6518.093868 0.964771 0.009007 1.2490 64.4 -1.787 0.062 MTOTG0001166713
6518.094249 0.955016 0.008963 1.2492 64.6 -1.200 0.195 MTOTG0001166714
6518.094635 0.959838 0.008941 1.2495 64.5 -1.087 0.213 MTOTG0001166715
6518.095015 0.969484 0.009192 1.2497 64.4 -3.356 0.317 MTOTG0001166716
6518.095402 0.960633 0.009013 1.2500 64.5 -4.999 0.120 MTOTG0001166717
6518.095782 0.937858 0.009189 1.2502 64.7 -2.700 0.213 MTOTG0001166718
6518.096169 0.959003 0.009145 1.2505 64.3 -1.273 0.081 MTOTG0001166719
6518.096549 0.952066 0.009202 1.2507 64.2 -0.738 -0.039 MTOTG0001166720
6518.096936 0.975646 0.009232 1.2510 64.3 -1.197 0.298 MTOTG0001166721
6518.097316 0.976520 0.009319 1.2512 64.4 -0.838 0.155 MTOTG0001166722
6518.097704 0.944952 0.009327 1.2515 64.2 -2.275 0.118 MTOTG0001166723
6518.098085 0.940261 0.009350 1.2518 64.4 -3.968 0.081 MTOTG0001166724
6518.098471 0.966402 0.009421 1.2521 64.4 -3.870 0.300 MTOTG0001166725
6518.098852 0.955786 0.009440 1.2524 64.2 -2.515 0.086 MTOTG0001166726
6518.099238 0.948885 0.009148 1.2527 64.0 -1.763 0.249 MTOTG0001166727
6518.099619 0.952465 0.009379 1.2531 63.8 -1.243 0.012 MTOTG0001166728
6518.100005 0.975534 0.009322 1.2534 63.6 -0.903 -0.117 MTOTG0001166729
6518.100385 0.949984 0.009249 1.2537 63.6 -1.905 0.062 MTOTG0001166730
6518.100772 0.937213 0.009307 1.2541 63.2 -3.983 -0.054 MTOTG0001166731
6518.101152 0.960226 0.009191 1.2544 63.1 -4.340 -0.069 MTOTG0001166732
6518.101538 0.955375 0.009183 1.2548 62.7 -1.423 -0.028 MTOTG0001166733
6518.101919 0.960718 0.009162 1.2551 62.4 -0.193 -0.106 MTOTG0001166734
6518.102305 0.943468 0.009114 1.2555 62.4 -0.588 -0.149 MTOTG0001166735
6518.102686 0.961118 0.009168 1.2559 62.0 -0.564 -0.005 MTOTG0001166736
6518.103072 0.951183 0.009199 1.2563 62.2 -0.876 -0.101 MTOTG0001166737
6518.103453 0.950213 0.009331 1.2567 61.9 -3.306 0.156 MTOTG0001166738
6518.103839 0.950651 0.009068 1.2571 61.7 -3.864 0.038 MTOTG0001166739
6518.104219 0.947122 0.009131 1.2575 61.8 -2.657 -0.048 MTOTG0001166740
6518.104606 0.960225 0.009227 1.2579 61.8 -1.343 0.005 MTOTG0001166741
6518.104987 0.961299 0.009218 1.2584 61.8 -1.395 -0.125 MTOTG0001166742
6518.105373 0.951770 0.009205 1.2588 61.6 -1.285 -0.133 MTOTG0001166743
6518.105753 0.952522 0.009219 1.2592 61.7 -1.129 0.110 MTOTG0001166744
6518.106140 0.956102 0.009340 1.2597 61.6 -3.372 0.119 MTOTG0001166745
6518.106520 0.948298 0.009177 1.2602 61.7 -4.224 0.017 MTOTG0001166746
6518.106906 0.956999 0.009290 1.2606 62.1 -3.151 -0.111 MTOTG0001166747
6518.107287 0.952578 0.009343 1.2611 62.4 -1.933 -0.329 MTOTG0001166748
6518.107673 0.959134 0.009292 1.2616 62.3 -0.227 -0.196 MTOTG0001166749
6518.108054 0.971946 0.009310 1.2621 61.8 -0.295 -0.271 MTOTG0001166750
6518.108440 0.959141 0.009393 1.2626 62.0 -0.099 -0.204 MTOTG0001166751
6518.108821 0.936379 0.009237 1.2631 62.1 -1.191 -0.172 MTOTG0001166752
6518.109207 0.973551 0.009478 1.2636 60.7 -3.499 -0.150 MTOTG0001166753
6518.109588 0.962841 0.009442 1.2641 59.9 -3.179 -0.237 MTOTG0001166754
6518.109973 0.954541 0.009288 1.2647 59.7 -1.776 -0.330 MTOTG0001166755
6518.110354 0.956954 0.009190 1.2652 59.7 -1.171 -0.399 MTOTG0001166756
6518.110740 0.968178 0.009427 1.2658 59.5 -2.217 -0.264 MTOTG0001166757
6518.111121 0.973255 0.009384 1.2663 59.4 -1.256 -0.395 MTOTG0001166758
6518.111507 0.970895 0.009486 1.2669 59.6 -2.444 -0.179 MTOTG0001166759
6518.111888 0.963730 0.009524 1.2675 59.2 -3.994 -0.380 MTOTG0001166760
6518.112274 0.948622 0.009248 1.2681 59.1 -4.245 -0.314 MTOTG0001166761
6518.112655 0.954391 0.009370 1.2686 59.1 -3.043 -0.310 MTOTG0001166762
6518.113041 0.957258 0.009309 1.2692 58.9 -1.119 -0.391 MTOTG0001166763
6518.113422 0.965074 0.009363 1.2698 58.9 -1.152 -0.255 MTOTG0001166764
6518.113808 0.952399 0.009149 1.2704 58.8 -1.130 -0.362 MTOTG0001166765
6518.114189 0.957993 0.009391 1.2711 58.9 -2.697 -0.404 MTOTG0001166766
6518.114575 0.964428 0.009445 1.2717 59.1 -3.829 -0.466 MTOTG0001166767
6518.114955 0.961902 0.009322 1.2723 59.4 -5.018 -0.512 MTOTG0001166768
6518.115342 0.963965 0.009248 1.2730 59.8 -3.485 -0.282 MTOTG0001166769
6518.115722 0.964217 0.009254 1.2736 59.4 -2.319 -0.396 MTOTG0001166770
6518.116109 0.969932 0.009216 1.2743 59.0 -1.880 -0.595 MTOTG0001166771
6518.116488 0.959137 0.009161 1.2750 58.7 -1.984 -0.444 MTOTG0001166772
6518.116875 0.972352 0.009303 1.2756 58.5 -1.085 -0.549 MTOTG0001166773
6518.117255 0.954665 0.009330 1.2763 58.4 -3.066 -0.423 MTOTG0001166774
6518.117642 0.970898 0.009214 1.2770 58.3 -4.968 -0.581 MTOTG0001166775
6518.118022 0.955299 0.009162 1.2777 58.5 -3.969 -0.542 MTOTG0001166776
6518.118408 0.954398 0.009180 1.2784 58.4 -3.324 -0.575 MTOTG0001166777
6518.118788 0.970929 0.009226 1.2791 58.2 -2.726 -0.531 MTOTG0001166778
6518.119175 0.944866 0.009100 1.2799 57.8 -2.168 -0.613 MTOTG0001166779
6518.119555 0.962957 0.009187 1.2806 57.7 -2.292 -0.657 MTOTG0001166780
6518.119941 0.956193 0.009270 1.2814 57.8 -3.807 -0.657 MTOTG0001166781
6518.120322 0.949250 0.009306 1.2821 57.9 -6.073 -0.588 MTOTG0001166782
6518.120708 0.959206 0.009334 1.2829 57.9 -5.629 -0.661 MTOTG0001166783
6518.121089 0.955513 0.009677 1.2837 58.0 -4.267 -0.821 MTOTG0001166784
6518.121475 0.960786 0.009439 1.2844 58.2 -1.705 -0.766 MTOTG0001166785
6518.121855 0.962705 0.009528 1.2852 58.5 -1.817 -0.749 MTOTG0001166786
6518.122241 0.971535 0.009609 1.2860 58.3 -1.754 -0.767 MTOTG0001166787
6518.122622 0.961154 0.009628 1.2868 58.8 -2.765 -0.933 MTOTG0001166788
6518.123008 0.955400 0.009713 1.2877 58.9 -4.558 -0.874 MTOTG0001166789
6518.123388 0.949700 0.009580 1.2885 59.1 -5.092 -0.598 MTOTG0001166790
6518.123774 0.955098 0.009651 1.2893 58.6 -3.623 -1.033 MTOTG0001166791
6518.124155 0.949732 0.009582 1.2902 58.7 -3.049 -0.885 MTOTG0001166792
6518.124541 0.974568 0.009630 1.2910 58.9 -3.465 -1.017 MTOTG0001166793
6518.124922 0.953531 0.009824 1.2918 59.2 -3.489 -0.979 MTOTG0001166794
6518.125308 0.970541 0.009747 1.2927 59.0 -2.355 -0.857 MTOTG0001166795
6518.125689 0.973632 0.009878 1.2936 58.6 -4.929 -0.938 MTOTG0001166796
6518.126075 0.971582 0.009686 1.2945 58.6 -6.019 -0.903 MTOTG0001166797
6518.126455 0.949306 0.009550 1.2954 58.3 -4.797 -1.062 MTOTG0001166798
6518.126841 0.965752 0.009700 1.2963 58.0 -2.100 -1.094 MTOTG0001166799
6518.127222 0.962653 0.009658 1.2972 58.0 -2.218 -1.013 MTOTG0001166800
6518.127608 0.957026 0.009641 1.2981 57.9 -2.333 -1.037 MTOTG0001166801
6518.127989 0.950786 0.009646 1.2991 57.6 -2.955 -0.974 MTOTG0001166802
6518.128375 0.974896 0.010044 1.3000 58.2 -4.991 -0.851 MTOTG0001166803
6518.128755 0.965519 0.009941 1.3009 58.4 -5.060 -1.169 MTOTG0001166804
6518.129142 0.970335 0.010018 1.3019 58.6 -4.546 -1.052 MTOTG0001166805
6518.129522 0.965599 0.010043 1.3028 58.7 -3.078 -1.167 MTOTG0001166806
6518.129908 0.955199 0.010140 1.3039 58.7 -3.213 -1.295 MTOTG0001166807
6518.130289 0.971363 0.010337 1.3048 58.9 -3.411 -1.808 MTOTG0001166808
6518.130675 0.973748 0.010464 1.3058 59.1 -3.563 -1.310 MTOTG0001166809
6518.131055 0.968937 0.010498 1.3069 58.8 -4.093 -1.373 MTOTG0001166810
6518.131442 0.940158 0.010226 1.3079 58.6 -6.272 -1.368 MTOTG0001166811
6518.131822 0.972310 0.010381 1.3089 58.2 -5.668 -1.438 MTOTG0001166812
6518.132209 0.973583 0.010386 1.3099 57.9 -4.434 -1.430 MTOTG0001166813
6518.132589 0.983687 0.010621 1.3110 57.8 -2.636 -1.309 MTOTG0001166814
6518.132976 0.958682 0.010425 1.3120 60.1 -2.933 -1.594 MTOTG0001166815
6518.133357 0.967085 0.010466 1.3131 58.8 -2.817 -1.430 MTOTG0001166816
6518.133743 0.965601 0.010482 1.3141 57.7 -4.263 -1.513 MTOTG0001166817
6518.134124 0.986545 0.010663 1.3152 57.6 -6.889 -1.701 MTOTG0001166818
6518.134510 0.980851 0.011021 1.3163 57.8 -7.542 -1.581 MTOTG0001166819
6518.134891 0.966875 0.010739 1.3174 57.9 -2.319 -1.629 MTOTG0001166820
6518.135277 0.947855 0.010633 1.3185 58.1 -1.897 -1.687 MTOTG0001166821
6518.135657 0.973985 0.010931 1.3196 58.5 -2.153 -1.736 MTOTG0001166822
6518.136044 0.976442 0.011028 1.3208 58.4 -2.041 -1.829 MTOTG0001166823
6518.136424 0.982465 0.011309 1.3219 58.7 -3.072 -1.674 MTOTG0001166824
6518.136811 0.953557 0.011453 1.3231 58.9 -5.392 -1.605 MTOTG0001166825
6518.137191 0.986161 0.011545 1.3242 59.2 -5.756 -1.305 MTOTG0001166826
6518.137578 0.980659 0.011516 1.3254 59.4 -4.572 -1.309 MTOTG0001166827
6518.137958 1.002709 0.011710 1.3266 59.7 -3.768 -1.331 MTOTG0001166828
6518.138344 0.993009 0.011771 1.3278 59.7 -3.347 -1.432 MTOTG0001166829
6518.138725 1.001849 0.011842 1.3290 59.7 -3.191 -1.568 MTOTG0001166830
6518.139111 1.005089 0.012065 1.3302 60.0 -3.535 -1.279 MTOTG0001166831
6518.139492 0.964216 0.012218 1.3314 60.4 -5.748 -1.383 MTOTG0001166832
6518.139878 0.973595 0.012105 1.3326 60.6 -6.009 -1.329 MTOTG0001166833
6518.140259 0.985043 0.012335 1.3339 60.9 -4.824 -1.338 MTOTG0001166834
6518.140645 0.995258 0.012591 1.3351 61.0 -4.664 -1.245 MTOTG0001166835
6518.141025 0.992376 0.012396 1.3364 60.9 -2.305 -1.149 MTOTG0001166836
6518.141411 0.982194 0.012607 1.3376 61.3 -2.232 -1.009 MTOTG0001166837
6518.141791 0.979882 0.012798 1.3389 61.5 -3.509 -1.047 MTOTG0001166838
6518.142178 0.982758 0.013017 1.3402 62.0 -4.504 -1.043 MTOTG0001166839
6518.142558 1.012678 0.013138 1.3415 62.2 -6.217 -1.141 MTOTG0001166840
6518.142945 0.986678 0.013306 1.3428 62.3 -7.330 -0.948 MTOTG0001166841
6518.143324 0.996359 0.013066 1.3441 61.7 -1.992 -0.932 MTOTG0001166842
6518.143711 1.002646 0.012939 1.3455 61.3 -1.699 -0.963 MTOTG0001166843
6518.144091 1.004757 0.012752 1.3468 61.1 -2.211 -1.047 MTOTG0001166844
6518.144478 0.991136 0.012516 1.3482 60.5 -3.347 -0.986 MTOTG0001166845
6518.144858 1.004866 0.012481 1.3496 60.3 -3.854 -1.215 MTOTG0001166846
6518.145244 0.995514 0.012349 1.3510 60.3 -5.170 -0.820 MTOTG0001166847
6518.145625 1.016439 0.012367 1.3523 60.2 -5.191 -1.051 MTOTG0001166848
6518.146011 1.004355 0.012267 1.3538 60.2 -3.999 -1.027 MTOTG0001166849
6518.146391 1.025584 0.012415 1.3551 60.4 -4.026 -1.034 MTOTG0001166850
6518.146778 0.997790 0.012354 1.3566 60.4 -4.373 -0.969 MTOTG0001166851
6518.147159 1.018920 0.012300 1.3580 60.0 -2.137 -0.938 MTOTG0001166852
6518.147545 1.013164 0.012505 1.3595 60.5 -4.539 -0.984 MTOTG0001166853
6518.147926 1.000051 0.012299 1.3609 60.4 -6.125 -0.890 MTOTG0001166854
6518.148312 0.980827 0.011973 1.3624 59.5 -7.757 -1.042 MTOTG0001166855
6518.149079 0.995769 0.011905 1.3653 58.8 -2.263 -0.762 MTOTG0001166857
6518.149460 1.008730 0.011914 1.3668 58.5 -3.267 -0.751 MTOTG0001166858
6518.149846 0.991053 0.011748 1.3683 58.3 -3.393 -0.628 MTOTG0001166859
6518.150226 0.979945 0.011718 1.3699 57.7 -3.302 -0.824 MTOTG0001166860
6518.150613 1.006176 0.012036 1.3714 57.5 -4.904 -0.799 MTOTG0001166861
6518.150993 1.017416 0.011619 1.3729 57.3 -5.260 -0.936 MTOTG0001166862
6518.151380 1.016757 0.011560 1.3745 62.9 -4.386 -0.902 MTOTG0001166863
6518.151760 1.016217 0.011642 1.3761 56.7 -4.508 -0.909 MTOTG0001166864
6518.152147 1.004042 0.011589 1.3776 56.7 -5.170 -0.715 MTOTG0001166865
6518.152528 1.016447 0.011622 1.3792 56.7 -3.832 -0.604 MTOTG0001166866
6518.152913 0.995261 0.011366 1.3809 56.3 -3.083 -0.723 MTOTG0001166867
6518.153294 1.007226 0.011672 1.3825 56.5 -5.160 -0.833 MTOTG0001166868
6518.153680 1.012566 0.011378 1.3841 56.3 -7.170 -0.719 MTOTG0001166869
6518.154061 1.004214 0.011278 1.3857 56.4 -6.161 -0.748 MTOTG0001166870
6518.154447 0.993150 0.011168 1.3875 56.7 -3.013 -0.645 MTOTG0001166871
6518.154828 0.987243 0.011126 1.3891 56.1 -3.071 -0.741 MTOTG0001166872
6518.155214 0.995114 0.011240 1.3908 56.4 -3.158 -0.686 MTOTG0001166873
6518.155595 1.002873 0.011335 1.3925 56.6 -3.350 -0.676 MTOTG0001166874
6518.155981 0.999867 0.011438 1.3942 56.6 -5.103 -0.700 MTOTG0001166875
6518.156363 0.989551 0.011298 1.3959 56.5 -7.367 -0.845 MTOTG0001166876
6518.156749 0.995550 0.011288 1.3976 56.4 -5.590 -0.624 MTOTG0001166877
6518.157129 1.014330 0.011393 1.3994 62.1 -4.489 -0.777 MTOTG0001166878
6518.157515 1.018939 0.011422 1.4011 56.5 -3.229 -0.849 MTOTG0001166879
6518.157895 0.997482 0.011410 1.4029 56.7 -4.972 -0.872 MTOTG0001166880
6518.158281 1.002977 0.011322 1.4046 56.4 -4.662 -0.740 MTOTG0001166881
6518.158662 0.991994 0.011395 1.4064 56.6 -3.119 -0.777 MTOTG0001166882
6518.159048 1.011299 0.011559 1.4083 56.4 -6.515 -0.486 MTOTG0001166883
6518.159429 0.988340 0.011206 1.4101 56.0 -5.893 -0.956 MTOTG0001166884
6518.159815 0.983697 0.011151 1.4120 55.8 -5.553 -0.796 MTOTG0001166885
6518.160196 1.007622 0.011248 1.4137 55.9 -4.049 -0.867 MTOTG0001166886
6518.160582 0.983618 0.010937 1.4156 55.9 -2.428 -0.876 MTOTG0001166887
6518.160962 1.021932 0.011213 1.4175 55.7 -1.960 -0.502 MTOTG0001166888
6518.161348 1.003119 0.011164 1.4194 55.8 -3.229 -1.005 MTOTG0001166889
6518.161729 1.004675 0.011493 1.4213 55.8 -6.694 -0.935 MTOTG0001166890
6518.162115 1.012215 0.011246 1.4232 55.7 -4.322 -0.747 MTOTG0001166891
6518.162496 0.998398 0.011109 1.4251 55.9 -3.251 -0.699 MTOTG0001166892
6518.162882 0.991149 0.011113 1.4270 55.6 -3.475 -0.478 MTOTG0001166893
6518.163263 1.005946 0.011185 1.4290 56.1 -2.598 -0.887 MTOTG0001166894
6518.163648 0.993790 0.011081 1.4310 56.0 -2.781 -0.768 MTOTG0001166895
6518.164029 1.005596 0.011311 1.4329 56.0 -3.441 -0.855 MTOTG0001166896
6518.164415 1.000089 0.011621 1.4349 57.1 -5.861 -0.961 MTOTG0001166897
6518.164796 0.991806 0.011177 1.4370 57.8 -6.409 -0.968 MTOTG0001166898
6518.165181 0.992382 0.011280 1.4390 56.1 -6.811 -0.821 MTOTG0001166899
6518.165562 1.009913 0.011332 1.4411 55.7 -5.879 -0.650 MTOTG0001166900
6518.165948 0.998435 0.011252 1.4431 55.7 -2.880 -0.880 MTOTG0001166901
6518.166328 0.995800 0.011052 1.4451 55.5 -3.302 -0.887 MTOTG0001166902
6518.166715 1.000465 0.011253 1.4472 56.1 -4.473 -0.855 MTOTG0001166903
6518.167095 1.021243 0.011485 1.4493 56.6 -5.345 -0.964 MTOTG0001166904
6518.167482 1.004525 0.011300 1.4515 56.6 -7.872 -1.024 MTOTG0001166905
6518.167862 1.013717 0.011517 1.4536 56.5 -4.277 -0.662 MTOTG0001166906
6518.168248 0.996483 0.011341 1.4558 56.8 -3.223 -0.663 MTOTG0001166907
6518.168629 1.024859 0.011564 1.4579 56.8 -3.462 -0.812 MTOTG0001166908
6518.169015 1.008230 0.011494 1.4601 56.8 -4.765 -0.602 MTOTG0001166909
6518.169396 1.003601 0.011521 1.4623 56.8 -4.642 -0.573 MTOTG0001166910
6518.169782 1.007769 0.011838 1.4645 56.8 -4.518 -0.773 MTOTG0001166911
6518.170162 1.004391 0.011551 1.4667 56.8 -5.988 -0.802 MTOTG0001166912
6518.170549 1.018942 0.011578 1.4689 57.2 -6.091 -0.833 MTOTG0001166913
6518.170929 1.005348 0.011486 1.4712 57.3 -5.342 -0.826 MTOTG0001166914
6518.171316 1.001065 0.011369 1.4734 57.1 -4.949 -0.814 MTOTG0001166915
6518.171696 1.000439 0.011440 1.4757 57.0 -3.246 -0.850 MTOTG0001166916
6518.172083 0.967110 0.011209 1.4780 57.1 -3.290 -0.811 MTOTG0001166917
6518.172463 0.977501 0.011304 1.4803 56.8 -4.722 -0.988 MTOTG0001166918
6518.172850 0.997948 0.011527 1.4827 56.6 -7.302 -0.939 MTOTG0001166919
6518.173230 0.994780 0.011169 1.4850 56.6 -8.253 -0.899 MTOTG0001166920
6518.173616 1.014267 0.011313 1.4873 56.6 -7.639 -1.224 MTOTG0001166921
6518.173997 1.000984 0.011286 1.4897 57.0 -4.607 -0.611 MTOTG0001166922
6518.174383 1.001285 0.011195 1.4921 57.3 -4.440 -0.752 MTOTG0001166923
6518.174764 1.006566 0.011330 1.4945 57.0 -5.465 -0.679 MTOTG0001166924
6518.175150 1.007616 0.011437 1.4970 56.9 -5.147 -0.800 MTOTG0001166925
6518.175530 0.986332 0.011724 1.4994 57.0 -9.340 -0.893 MTOTG0001166926
6518.175917 0.990203 0.011206 1.5020 56.9 -8.468 -0.579 MTOTG0001166927
6518.176297 1.005260 0.011378 1.5043 57.1 -7.547 -0.732 MTOTG0001166928
6518.176684 0.990844 0.011309 1.5069 57.3 -5.862 -1.031 MTOTG0001166929
6518.177064 1.009841 0.011361 1.5095 57.8 -6.411 -0.711 MTOTG0001166930
6518.177450 1.000989 0.011343 1.5120 57.9 -4.341 -0.833 MTOTG0001166931
6518.177831 1.012417 0.011418 1.5145 57.4 -5.811 -0.671 MTOTG0001166932
6518.178217 1.023274 0.011644 1.5171 57.2 -6.988 -0.813 MTOTG0001166933
6518.178597 1.022004 0.011380 1.5197 57.0 -9.304 -1.010 MTOTG0001166934
6518.178984 1.007330 0.011467 1.5223 56.8 -9.660 -0.875 MTOTG0001166935
6518.179364 0.996193 0.012084 1.5249 56.7 -5.796 -0.499 MTOTG0001166936
6518.179751 0.981796 0.011240 1.5275 56.6 -6.015 -0.712 MTOTG0001166937
6518.180131 1.011863 0.011279 1.5301 56.5 -5.079 -0.873 MTOTG0001166938
6518.180517 0.994214 0.011088 1.5328 56.7 -5.202 -0.716 MTOTG0001166939
6518.180897 1.015954 0.011500 1.5355 56.5 -7.671 -0.783 MTOTG0001166940
6518.181284 1.000251 0.011259 1.5383 56.4 -6.760 -0.952 MTOTG0001166941
6518.181664 1.010320 0.011210 1.5409 56.5 -7.841 -0.682 MTOTG0001166942
6518.182050 1.004260 0.011236 1.5437 56.7 -6.596 -0.781 MTOTG0001166943
6518.182430 0.985981 0.011041 1.5465 56.8 -6.528 -0.741 MTOTG0001166944
6518.182817 1.019932 0.011183 1.5493 56.7 -6.108 -0.950 MTOTG0001166945
6518.183197 1.009545 0.011365 1.5520 56.3 -3.208 -0.556 MTOTG0001166946
6518.183583 1.005563 0.011152 1.5549 56.3 -4.429 -0.569 MTOTG0001166947
6518.183964 1.006861 0.011330 1.5577 56.3 -7.225 -0.547 MTOTG0001166948
6518.184350 0.997193 0.011235 1.5606 56.5 -8.519 -0.569 MTOTG0001166949
6518.184730 0.995906 0.011241 1.5635 56.6 -7.721 -0.581 MTOTG0001166950
6518.185117 1.014611 0.011374 1.5665 56.6 -5.898 -0.762 MTOTG0001166951
6518.185497 0.985884 0.011308 1.5693 56.7 -4.855 -0.423 MTOTG0001166952
6518.185883 0.998396 0.011282 1.5723 57.0 -4.085 -0.659 MTOTG0001166953
6518.186263 1.002542 0.011323 1.5753 57.0 -5.047 -0.425 MTOTG0001166954
6518.186650 0.984513 0.011415 1.5782 57.0 -7.332 -0.570 MTOTG0001166955
6518.187030 1.003873 0.011560 1.5813 57.1 -6.352 -0.394 MTOTG0001166956
6518.187417 1.004162 0.011398 1.5843 56.9 -5.661 -0.415 MTOTG0001166957
6518.187796 1.013511 0.011582 1.5873 57.1 -4.812 -0.390 MTOTG0001166958
6518.188183 1.022329 0.011515 1.5904 57.4 -4.292 -0.318 MTOTG0001166959
6518.188563 1.010638 0.011565 1.5936 57.4 -5.513 -0.282 MTOTG0001166960
6518.188949 1.008950 0.011666 1.5966 57.5 -5.017 -0.718 MTOTG0001166961
6518.189329 1.005101 0.011938 1.5998 57.8 -5.064 -0.369 MTOTG0001166962
6518.189715 1.010918 0.011814 1.6030 57.7 -7.302 -0.376 MTOTG0001166963
6518.190095 1.000610 0.011869 1.6061 57.7 -7.475 -0.436 MTOTG0001166964
6518.190481 0.999636 0.011836 1.6093 57.7 -6.416 -0.353 MTOTG0001166965
6518.190861 0.992869 0.011808 1.6126 57.3 -6.869 -0.356 MTOTG0001166966
6518.191249 0.995252 0.011890 1.6158 57.4 -3.864 -0.253 MTOTG0001166967
6518.191630 0.984002 0.011779 1.6190 57.6 -4.302 -0.347 MTOTG0001166968
6518.192016 1.011205 0.012178 1.6224 57.7 -6.156 -0.383 MTOTG0001166969
6518.192396 0.999021 0.012170 1.6257 57.8 -9.751 -0.297 MTOTG0001166970
6518.192782 1.008691 0.012347 1.6290 58.1 -9.642 -0.363 MTOTG0001166971
6518.193162 1.018543 0.012794 1.6324 58.2 -5.451 -0.188 MTOTG0001166972
6518.193548 1.004049 0.012402 1.6358 58.4 -4.227 -0.211 MTOTG0001166973
6518.193929 0.992607 0.012539 1.6391 58.2 -5.664 -0.119 MTOTG0001166974
6518.194315 1.026789 0.012786 1.6426 58.1 -5.813 -0.220 MTOTG0001166975
6518.194694 1.006414 0.012838 1.6461 58.4 -7.426 -0.186 MTOTG0001166976
6518.195080 1.008755 0.012876 1.6497 64.0 -5.999 -0.116 MTOTG0001166977
6518.195460 1.003676 0.012745 1.6531 58.3 -7.645 -0.103 MTOTG0001166978
6518.195846 1.023122 0.012755 1.6567 58.1 -6.679 -0.326 MTOTG0001166979
6518.196226 1.027513 0.012715 1.6601 58.3 -6.393 -0.225 MTOTG0001166980
6518.196612 1.008404 0.012698 1.6638 58.9 -6.287 -0.352 MTOTG0001166981
6518.196992 1.016718 0.013149 1.6674 58.9 -3.982 -0.300 MTOTG0001166982
6518.197380 1.025697 0.013304 1.6711 58.9 -4.904 -0.171 MTOTG0001166983
6518.197760 1.010272 0.013913 1.6746 59.4 -9.309 0.003 MTOTG0001166984
6518.198148 1.030915 0.013617 1.6784 59.8 -8.641 -0.014 MTOTG0001166985
6518.198528 1.024049 0.013625 1.6822 59.9 -7.954 0.266 MTOTG0001166986
6518.198915 1.005333 0.013746 1.6858 59.8 -9.346 0.009 MTOTG0001166987
6518.199295 1.032888 0.014073 1.6896 59.8 -4.572 -0.107 MTOTG0001166988
6518.199681 1.034026 0.013743 1.6935 59.9 -4.867 -0.144 MTOTG0001166989
6518.200061 1.018008 0.013851 1.6972 60.0 -7.206 -0.108 MTOTG0001166990
6518.200447 1.017109 0.013840 1.7012 59.8 -8.959 -0.276 MTOTG0001166991
6518.200827 1.005734 0.013444 1.7051 59.6 -10.834 -0.241 MTOTG0001166992
6518.201215 0.988000 0.013206 1.7090 59.4 -6.773 -0.132 MTOTG0001166993
6518.201595 1.019035 0.013236 1.7128 59.3 -5.848 -0.322 MTOTG0001166994
6518.201980 1.002753 0.013033 1.7168 59.3 -5.021 -0.375 MTOTG0001166995
6518.202360 0.997552 0.013140 1.7208 59.3 -6.674 -0.273 MTOTG0001166996
6518.202747 1.012345 0.013180 1.7248 59.4 -5.791 -0.436 MTOTG0001166997
6518.203127 1.010122 0.013766 1.7289 59.6 -7.007 -0.332 MTOTG0001166998
6518.203513 1.011735 0.013879 1.7329 60.0 -9.811 -0.273 MTOTG0001166999
6518.203894 1.006148 0.013356 1.7371 59.9 -8.108 -0.161 MTOTG0001167000
6518.204280 0.993000 0.013376 1.7413 59.9 -6.804 -0.086 MTOTG0001167001
6518.204660 0.998024 0.013283 1.7453 60.1 -7.253 -0.180 MTOTG0001167002
6518.205047 1.013300 0.013448 1.7496 60.7 -7.394 -0.319 MTOTG0001167003
6518.205427 1.024668 0.013580 1.7537 60.0 -7.375 -0.114 MTOTG0001167004
6518.205813 1.026526 0.013794 1.7582 59.7 -10.780 -0.190 MTOTG0001167005
6518.206193 0.998655 0.013207 1.7624 59.6 -12.221 -0.236 MTOTG0001167006
6518.206579 1.011930 0.013213 1.7668 59.5 -7.356 -0.491 MTOTG0001167007
6518.206959 1.014177 0.013347 1.7710 59.7 -7.611 -0.521 MTOTG0001167008
6518.207346 1.027489 0.013317 1.7754 59.8 -6.473 -0.585 MTOTG0001167009
6518.207726 1.039296 0.013465 1.7799 59.9 -7.790 -0.467 MTOTG0001167010
6518.208113 1.010526 0.013378 1.7844 59.9 -4.710 -0.401 MTOTG0001167011
6518.208493 1.013407 0.013693 1.7888 60.5 -5.770 -0.394 MTOTG0001167012
6518.208879 1.015709 0.014013 1.7933 60.5 -9.253 -0.308 MTOTG0001167013
6518.209259 1.004656 0.013503 1.7980 61.7 -9.935 -0.469 MTOTG0001167014
6518.209646 1.016473 0.013514 1.8025 61.0 -7.386 -0.297 MTOTG0001167015
6518.210026 1.020265 0.013724 1.8071 62.0 -6.925 -0.288 MTOTG0001167016
6518.210412 0.999518 0.013858 1.8118 63.5 -5.285 -0.280 MTOTG0001167017
6518.210792 1.031520 0.014138 1.8164 61.9 -5.600 -0.276 MTOTG0001167018
6518.211179 1.024462 0.014000 1.8211 61.0 -4.218 -0.292 MTOTG0001167019
6518.211559 1.010604 0.014180 1.8260 60.8 -6.778 -0.177 MTOTG0001167020
6518.211945 1.010581 0.013773 1.8308 60.7 -8.302 0.035 MTOTG0001167021
6518.212325 1.013974 0.013708 1.8357 60.5 -8.013 -0.333 MTOTG0001167022
6518.212712 1.007683 0.013674 1.8405 60.1 -4.310 -0.176 MTOTG0001167023
6518.213092 1.035976 0.013847 1.8453 60.1 -2.656 0.024 MTOTG0001167024
6518.213478 1.014573 0.013971 1.8503 60.0 -4.734 -0.376 MTOTG0001167025
6518.213858 1.013048 0.013733 1.8553 60.4 -3.906 -0.256 MTOTG0001167026
6518.214244 0.976288 0.013931 1.8603 60.5 -4.299 -0.181 MTOTG0001167027
6518.214624 1.018395 0.013758 1.8654 60.4 -4.862 -0.052 MTOTG0001167028
6518.215011 1.033434 0.013953 1.8705 60.4 -6.157 -0.241 MTOTG0001167029
6518.215391 1.005138 0.013761 1.8756 60.3 -5.327 -0.221 MTOTG0001167030
6518.215777 1.004504 0.013900 1.8808 60.3 -5.459 -0.091 MTOTG0001167031
6518.216157 1.024900 0.014752 1.8860 60.2 -1.411 -0.457 MTOTG0001167032
6518.216543 1.001665 0.013892 1.8912 60.3 -1.173 -0.106 MTOTG0001167033
6518.216923 1.008094 0.013919 1.8965 60.4 -2.856 -0.257 MTOTG0001167034
6518.217309 1.013584 0.013925 1.9019 60.3 -5.801 -0.234 MTOTG0001167035
6518.217690 1.020790 0.013927 1.9072 60.4 -5.798 -0.111 MTOTG0001167036
6518.218078 1.027898 0.014133 1.9128 60.7 -0.861 -0.116 MTOTG0001167037
6518.218458 0.990156 0.013953 1.9181 60.9 -0.227 0.027 MTOTG0001167038
6518.218844 0.998971 0.013930 1.9238 60.7 -1.411 -0.092 MTOTG0001167039
6518.219224 1.009589 0.014047 1.9291 60.8 -1.342 -0.175 MTOTG0001167040
6518.219610 1.007034 0.014275 1.9349 61.2 -2.851 0.060 MTOTG0001167041
6518.219990 1.038475 0.015154 1.9405 61.1 -4.875 -0.345 MTOTG0001167042
6518.220376 1.015248 0.014254 1.9462 61.2 -3.705 -0.166 MTOTG0001167043
6518.220756 1.020092 0.014566 1.9519 61.6 -2.847 -0.101 MTOTG0001167044
6518.221142 1.023706 0.014656 1.9577 61.8 -2.475 -0.170 MTOTG0001167045
6518.221522 1.004224 0.014916 1.9635 62.1 -5.376 -0.155 MTOTG0001167046
