# Wavelength[nm] MITSuME_g MITSuME_Rc MITSuME_Ic 2MASS_J IRSF_J IRSF_H IRSF_Ks
350 0 0 0 0 0 0 0
351 0 0 0 0 0 0 0
352 0 0 0 0 0 0 0
353 0 0 0 0 0 0 0
354 0 0 0 0 0 0 0
355 0 0 0 0 0 0 0
356 0 0 0 0 0 0 0
357 0 0 0 0 0 0 0
358 0 0 0 0 0 0 0
359 0 0 0 0 0 0 0
360 0 0 0 0 0 0 0
361 0 0 0 0 0 0 0
362 0 0 0 0 0 0 0
363 0 0 0 0 0 0 0
364 0 0 0 0 0 0 0
365 0 0 0 0 0 0 0
366 0 0 0 0 0 0 0
367 0 0 0 0 0 0 0
368 0 0 0 0 0 0 0
369 0 0 0 0 0 0 0
370 0 0 0 0 0 0 0
371 0 0 0 0 0 0 0
372 0 0 0 0 0 0 0
373 0 0 0 0 0 0 0
374 0 0 0 0 0 0 0
375 0 0 0 0 0 0 0
376 0 0 0 0 0 0 0
377 0 0 0 0 0 0 0
378 0 0 0 0 0 0 0
379 0 0 0 0 0 0 0
380 0 0 0 0 0 0 0
381 0 0 0 0 0 0 0
382 0 0 0 0 0 0 0
383 0 0 0 0 0 0 0
384 0 0 0 0 0 0 0
385 0 0 0 0 0 0 0
386 0 0 0 0 0 0 0
387 0 0 0 0 0 0 0
388 0.001 0 0 0 0 0 0
389 0.003 0 0 0 0 0 0
390 0.006 0 0 0 0 0 0
391 0.011 0 0 0 0 0 0
392 0.02 0 0 0 0 0 0
393 0.032 0 0 0 0 0 0
394 0.048 0 0 0 0 0 0
395 0.065 0 0 0 0 0 0
396 0.085 0 0 0 0 0 0
397 0.104 0 0 0 0 0 0
398 0.122 0 0 0 0 0 0
399 0.138 0 0 0 0 0 0
400 0.151 0 0 0 0 0 0
401 0.158 0 0 0 0 0 0
402 0.164 0 0 0 0 0 0
403 0.169 0 0 0 0 0 0
404 0.173 0 0 0 0 0 0
405 0.175 0 0 0 0 0 0
406 0.175 0 0 0 0 0 0
407 0.173 0 0 0 0 0 0
408 0.171 0 0 0 0 0 0
409 0.168 0 0 0 0 0 0
410 0.165 0 0 0 0 0 0
411 0.167 0 0 0 0 0 0
412 0.171 0 0 0 0 0 0
413 0.176 0 0 0 0 0 0
414 0.182 0 0 0 0 0 0
415 0.188 0 0 0 0 0 0
416 0.194 0 0 0 0 0 0
417 0.198 0 0 0 0 0 0
418 0.201 0 0 0 0 0 0
419 0.203 0 0 0 0 0 0
420 0.205 0 0 0 0 0 0
421 0.208 0 0 0 0 0 0
422 0.214 0 0 0 0 0 0
423 0.221 0 0 0 0 0 0
424 0.23 0 0 0 0 0 0
425 0.24 0 0 0 0 0 0
426 0.251 0 0 0 0 0 0
427 0.259 0 0 0 0 0 0
428 0.267 0 0 0 0 0 0
429 0.271 0 0 0 0 0 0
430 0.275 0 0 0 0 0 0
431 0.286 0 0 0 0 0 0
432 0.287 0 0 0 0 0 0
433 0.286 0 0 0 0 0 0
434 0.287 0 0 0 0 0 0
435 0.288 0 0 0 0 0 0
436 0.289 0 0 0 0 0 0
437 0.289 0 0 0 0 0 0
438 0.288 0 0 0 0 0 0
439 0.286 0 0 0 0 0 0
440 0.284 0 0 0 0 0 0
441 0.285 0 0 0 0 0 0
442 0.292 0 0 0 0 0 0
443 0.301 0 0 0 0 0 0
444 0.311 0 0 0 0 0 0
445 0.32 0 0 0 0 0 0
446 0.331 0 0 0 0 0 0
447 0.342 0 0 0 0 0 0
448 0.352 0 0 0 0 0 0
449 0.362 0 0 0 0 0 0
450 0.373 0 0 0 0 0 0
451 0.388 0 0 0 0 0 0
452 0.402 0 0 0 0 0 0
453 0.417 0 0 0 0 0 0
454 0.433 0 0 0 0 0 0
455 0.449 0 0 0 0 0 0
456 0.466 0 0 0 0 0 0
457 0.483 0 0 0 0 0 0
458 0.499 0 0 0 0 0 0
459 0.516 0 0 0 0 0 0
460 0.528 0 0 0 0 0 0
461 0.533 0 0 0 0 0 0
462 0.537 0 0 0 0 0 0
463 0.541 0 0 0 0 0 0
464 0.545 0 0 0 0 0 0
465 0.55 0 0 0 0 0 0
466 0.556 0 0 0 0 0 0
467 0.563 0 0 0 0 0 0
468 0.57 0 0 0 0 0 0
469 0.577 0 0 0 0 0 0
470 0.583 0 0 0 0 0 0
471 0.58 0 0 0 0 0 0
472 0.576 0 0 0 0 0 0
473 0.571 0 0 0 0 0 0
474 0.566 0 0 0 0 0 0
475 0.561 0 0 0 0 0 0
476 0.557 0 0 0 0 0 0
477 0.552 0 0 0 0 0 0
478 0.548 0 0 0 0 0 0
479 0.544 0 0 0 0 0 0
480 0.539 0 0 0 0 0 0
481 0.545 0 0 0 0 0 0
482 0.551 0 0 0 0 0 0
483 0.558 0 0 0 0 0 0
484 0.563 0 0 0 0 0 0
485 0.567 0 0 0 0 0 0
486 0.572 0 0 0 0 0 0
487 0.577 0 0 0 0 0 0
488 0.58 0 0 0 0 0 0
489 0.582 0 0 0 0 0 0
490 0.584 0 0 0 0 0 0
491 0.598 0 0 0 0 0 0
492 0.616 0 0 0 0 0 0
493 0.634 0 0 0 0 0 0
494 0.651 0 0 0 0 0 0
495 0.668 0 0 0 0 0 0
496 0.685 0 0 0 0 0 0
497 0.705 0 0 0 0 0 0
498 0.725 0 0 0 0 0 0
499 0.745 0 0 0 0 0 0
500 0.767 0 0 0 0 0 0
501 0.788 0 0 0 0 0 0
502 0.807 0 0 0 0 0 0
503 0.826 0 0 0 0 0 0
504 0.845 0 0 0 0 0 0
505 0.862 0 0 0 0 0 0
506 0.88 0 0 0 0 0 0
507 0.899 0 0 0 0 0 0
508 0.914 0 0 0 0 0 0
509 0.931 0 0 0 0 0 0
510 0.949 0 0 0 0 0 0
511 0.956 0 0 0 0 0 0
512 0.957 0 0 0 0 0 0
513 0.954 0 0 0 0 0 0
514 0.956 0 0 0 0 0 0
515 0.955 0 0 0 0 0 0
516 0.952 0 0 0 0 0 0
517 0.951 0 0 0 0 0 0
518 0.944 0 0 0 0 0 0
519 0.938 0 0 0 0 0 0
520 0.924 0 0 0 0 0 0
521 0.925 0 0 0 0 0 0
522 0.919 0 0 0 0 0 0
523 0.916 0 0 0 0 0 0
524 0.914 0 0 0 0 0 0
525 0.914 0 0 0 0 0 0
526 0.916 0 0 0 0 0 0
527 0.915 0 0 0 0 0 0
528 0.92 0 0 0 0 0 0
529 0.924 0 0 0 0 0 0
530 0.935 0 0 0 0 0 0
531 0.949 0 0 0 0 0 0
532 0.962 0 0 0 0 0 0
533 0.973 0 0 0 0 0 0
534 0.982 0 0 0 0 0 0
535 0.99 0 0 0 0 0 0
536 0.997 0 0 0 0 0 0
537 1 0 0 0 0 0 0
538 0.998 0 0 0 0 0 0
539 0.991 0 0 0 0 0 0
540 0.976 0 0 0 0 0 0
541 0.953 0 0 0 0 0 0
542 0.916 0 0 0 0 0 0
543 0.866 0 0 0 0 0 0
544 0.803 0 0 0 0 0 0
545 0.729 0 0 0 0 0 0
546 0.646 0 0 0 0 0 0
547 0.551 0 0 0 0 0 0
548 0.447 0 0 0 0 0 0
549 0.337 0 0 0 0 0 0
550 0.238 0 0 0 0 0 0
551 0.158 0 0 0 0 0 0
552 0.099 0 0 0 0 0 0
553 0.06 0 0 0 0 0 0
554 0.035 0 0 0 0 0 0
555 0.02 0 0 0 0 0 0
556 0.011 0 0 0 0 0 0
557 0.006 0 0 0 0 0 0
558 0.003 0 0 0 0 0 0
559 0.002 0 0 0 0 0 0
560 0.001 0 0 0 0 0 0
561 0.001 0 0 0 0 0 0
562 0.001 0 0 0 0 0 0
563 0.001 0 0 0 0 0 0
564 0 0 0 0 0 0 0
565 0 0 0 0 0 0 0
566 0 0 0 0 0 0 0
567 0 0 0 0 0 0 0
568 0 0 0 0 0 0 0
569 0 0 0 0 0 0 0
570 0 0 0 0 0 0 0
571 0 0 0 0 0 0 0
572 0 0 0 0 0 0 0
573 0 0 0 0 0 0 0
574 0 0 0 0 0 0 0
575 0 0.001 0 0 0 0 0
576 0 0.002 0 0 0 0 0
577 0 0.004 0 0 0 0 0
578 0 0.008 0 0 0 0 0
579 0 0.018 0 0 0 0 0
580 0 0.035 0 0 0 0 0
581 0 0.067 0 0 0 0 0
582 0 0.111 0 0 0 0 0
583 0 0.158 0 0 0 0 0
584 0 0.2 0 0 0 0 0
585 0 0.238 0 0 0 0 0
586 0 0.286 0 0 0 0 0
587 0 0.369 0 0 0 0 0
588 0 0.493 0 0 0 0 0
589 0 0.598 0 0 0 0 0
590 0 0.668 0 0 0 0 0
591 0 0.718 0 0 0 0 0
592 0 0.756 0 0 0 0 0
593 0 0.786 0 0 0 0 0
594 0 0.809 0 0 0 0 0
595 0 0.83 0 0 0 0 0
596 0 0.847 0 0 0 0 0
597 0 0.861 0 0 0 0 0
598 0 0.872 0 0 0 0 0
599 0 0.88 0 0 0 0 0
600 0 0.887 0 0 0 0 0
601 0 0.895 0 0 0 0 0
602 0 0.906 0 0 0 0 0
603 0 0.917 0 0 0 0 0
604 0 0.927 0 0 0 0 0
605 0 0.937 0 0 0 0 0
606 0 0.945 0 0 0 0 0
607 0 0.953 0 0 0 0 0
608 0 0.96 0 0 0 0 0
609 0 0.966 0 0 0 0 0
610 0 0.972 0 0 0 0 0
611 0 0.976 0 0 0 0 0
612 0 0.978 0 0 0 0 0
613 0 0.98 0 0 0 0 0
614 0 0.982 0 0 0 0 0
615 0 0.985 0 0 0 0 0
616 0 0.988 0 0 0 0 0
617 0 0.991 0 0 0 0 0
618 0 0.995 0 0 0 0 0
619 0 0.999 0 0 0 0 0
620 0 1 0 0 0 0 0
621 0 0.998 0 0 0 0 0
622 0 0.994 0 0 0 0 0
623 0 0.99 0 0 0 0 0
624 0 0.986 0 0 0 0 0
625 0 0.982 0 0 0 0 0
626 0 0.98 0 0 0 0 0
627 0 0.978 0 0 0 0 0
628 0 0.977 0 0 0 0 0
629 0 0.977 0 0 0 0 0
630 0 0.975 0 0 0 0 0
631 0 0.972 0 0 0 0 0
632 0 0.967 0 0 0 0 0
633 0 0.961 0 0 0 0 0
634 0 0.954 0 0 0 0 0
635 0 0.946 0 0 0 0 0
636 0 0.941 0 0 0 0 0
637 0 0.937 0 0 0 0 0
638 0 0.935 0 0 0 0 0
639 0 0.934 0 0 0 0 0
640 0 0.934 0 0 0 0 0
641 0 0.935 0 0 0 0 0
642 0 0.938 0 0 0 0 0
643 0 0.939 0 0 0 0 0
644 0 0.94 0 0 0 0 0
645 0 0.938 0 0 0 0 0
646 0 0.936 0 0 0 0 0
647 0 0.934 0 0 0 0 0
648 0 0.931 0 0 0 0 0
649 0 0.929 0 0 0 0 0
650 0 0.927 0 0 0 0 0
651 0 0.926 0 0 0 0 0
652 0 0.926 0 0 0 0 0
653 0 0.926 0 0 0 0 0
654 0 0.925 0 0 0 0 0
655 0 0.923 0 0 0 0 0
656 0 0.919 0 0 0 0 0
657 0 0.915 0 0 0 0 0
658 0 0.91 0 0 0 0 0
659 0 0.904 0 0 0 0 0
660 0 0.899 0 0 0 0 0
661 0 0.897 0 0 0 0 0
662 0 0.895 0 0 0 0 0
663 0 0.895 0 0 0 0 0
664 0 0.895 0 0 0 0 0
665 0 0.896 0 0 0 0 0
666 0 0.898 0 0 0 0 0
667 0 0.899 0 0 0 0 0
668 0 0.899 0 0 0 0 0
669 0 0.898 0 0 0 0 0
670 0 0.897 0 0 0 0 0
671 0 0.898 0 0 0 0 0
672 0 0.898 0 0 0 0 0
673 0 0.9 0 0 0 0 0
674 0 0.901 0 0 0 0 0
675 0 0.904 0 0 0 0 0
676 0 0.908 0 0 0 0 0
677 0 0.912 0 0 0 0 0
678 0 0.917 0 0 0 0 0
679 0 0.922 0 0 0 0 0
680 0 0.927 0 0 0 0 0
681 0 0.928 0 0 0 0 0
682 0 0.928 0 0 0 0 0
683 0 0.926 0 0 0 0 0
684 0 0.923 0 0 0 0 0
685 0 0.921 0 0 0 0 0
686 0 0.918 0 0 0 0 0
687 0 0.915 0 0 0 0 0
688 0 0.913 0 0 0 0 0
689 0 0.911 0 0 0 0 0
690 0 0.909 0 0 0 0 0
691 0 0.907 0 0 0 0 0
692 0 0.904 0 0 0 0 0
693 0 0.9 0 0 0 0 0
694 0 0.895 0 0 0 0 0
695 0 0.89 0 0 0 0 0
696 0 0.883 0 0 0 0 0
697 0 0.876 0 0 0 0 0
698 0 0.867 0 0 0 0 0
699 0 0.859 0.001 0 0 0 0
700 0 0.85 0.001 0 0 0 0
701 0 0.843 0.001 0 0 0 0
702 0 0.835 0.002 0 0 0 0
703 0 0.83 0.003 0 0 0 0
704 0 0.827 0.006 0 0 0 0
705 0 0.824 0.01 0 0 0 0
706 0 0.824 0.018 0 0 0 0
707 0 0.825 0.03 0 0 0 0
708 0 0.825 0.047 0 0 0 0
709 0 0.824 0.068 0 0 0 0
710 0 0.818 0.094 0 0 0 0
711 0 0.806 0.123 0 0 0 0
712 0 0.781 0.159 0 0 0 0
713 0 0.743 0.202 0 0 0 0
714 0 0.688 0.255 0 0 0 0
715 0 0.618 0.316 0 0 0 0
716 0 0.538 0.383 0 0 0 0
717 0 0.452 0.452 0 0 0 0
718 0 0.369 0.516 0 0 0 0
719 0 0.295 0.576 0 0 0 0
720 0 0.23 0.64 0 0 0 0
721 0 0.179 0.715 0 0 0 0
722 0 0.138 0.801 0 0 0 0
723 0 0.106 0.88 0 0 0 0
724 0 0.081 0.935 0 0 0 0
725 0 0.063 0.968 0 0 0 0
726 0 0.049 0.986 0 0 0 0
727 0 0.038 0.996 0 0 0 0
728 0 0.03 1 0 0 0 0
729 0 0.023 0.998 0 0 0 0
730 0 0.019 0.993 0 0 0 0
731 0 0.015 0.985 0 0 0 0
732 0 0.012 0.978 0 0 0 0
733 0 0.01 0.97 0 0 0 0
734 0 0.008 0.964 0 0 0 0
735 0 0.006 0.958 0 0 0 0
736 0 0.005 0.953 0 0 0 0
737 0 0.004 0.947 0 0 0 0
738 0 0.004 0.941 0 0 0 0
739 0 0.003 0.936 0 0 0 0
740 0 0.003 0.93 0 0 0 0
741 0 0.002 0.925 0 0 0 0
742 0 0.002 0.919 0 0 0 0
743 0 0.002 0.913 0 0 0 0
744 0 0.001 0.908 0 0 0 0
745 0 0.001 0.902 0 0 0 0
746 0 0.001 0.896 0 0 0 0
747 0 0.001 0.891 0 0 0 0
748 0 0.001 0.886 0 0 0 0
749 0 0.001 0.881 0 0 0 0
750 0 0.001 0.875 0 0 0 0
751 0 0 0.873 0 0 0 0
752 0 0 0.87 0 0 0 0
753 0 0 0.866 0 0 0 0
754 0 0 0.863 0 0 0 0
755 0 0 0.858 0 0 0 0
756 0 0 0.854 0 0 0 0
757 0 0 0.849 0 0 0 0
758 0 0 0.845 0 0 0 0
759 0 0 0.841 0 0 0 0
760 0 0 0.838 0 0 0 0
761 0 0 0.835 0 0 0 0
762 0 0 0.832 0 0 0 0
763 0 0 0.83 0 0 0 0
764 0 0 0.828 0 0 0 0
765 0 0 0.826 0 0 0 0
766 0 0 0.823 0 0 0 0
767 0 0 0.82 0 0 0 0
768 0 0 0.816 0 0 0 0
769 0 0 0.811 0 0 0 0
770 0 0 0.806 0 0 0 0
771 0 0 0.804 0 0 0 0
772 0 0 0.803 0 0 0 0
773 0 0 0.803 0 0 0 0
774 0 0 0.802 0 0 0 0
775 0 0 0.802 0 0 0 0
776 0 0 0.802 0 0 0 0
777 0 0 0.803 0 0 0 0
778 0 0 0.802 0 0 0 0
779 0 0 0.802 0 0 0 0
780 0 0 0.801 0 0 0 0
781 0 0 0.799 0 0 0 0
782 0 0 0.795 0 0 0 0
783 0 0 0.792 0 0 0 0
784 0 0 0.789 0 0 0 0
785 0 0 0.787 0 0 0 0
786 0 0 0.785 0 0 0 0
787 0 0 0.784 0 0 0 0
788 0 0 0.783 0 0 0 0
789 0 0 0.783 0 0 0 0
790 0 0 0.783 0 0 0 0
791 0 0 0.782 0 0 0 0
792 0 0 0.782 0 0 0 0
793 0 0 0.781 0 0 0 0
794 0 0 0.78 0 0 0 0
795 0 0 0.778 0 0 0 0
796 0 0 0.776 0 0 0 0
797 0 0 0.774 0 0 0 0
798 0 0 0.772 0 0 0 0
799 0 0 0.771 0 0 0 0
800 0 0 0.769 0 0 0 0
801 0 0 0.765 0 0 0 0
802 0 0 0.763 0 0 0 0
803 0 0 0.761 0 0 0 0
804 0 0 0.757 0 0 0 0
805 0 0 0.755 0 0 0 0
806 0 0 0.752 0 0 0 0
807 0 0 0.748 0 0 0 0
808 0 0 0.744 0 0 0 0
809 0 0 0.74 0 0 0 0
810 0 0 0.736 0 0 0 0
811 0 0 0.732 0 0 0 0
812 0 0 0.729 0 0 0 0
813 0 0 0.725 0 0 0 0
814 0 0 0.722 0 0 0 0
815 0 0 0.72 0 0 0 0
816 0 0 0.717 0 0 0 0
817 0 0 0.715 0 0 0 0
818 0 0 0.713 0 0 0 0
819 0 0 0.711 0 0 0 0
820 0 0 0.708 0 0 0 0
821 0 0 0.702 0 0 0 0
822 0 0 0.696 0 0 0 0
823 0 0 0.69 0 0 0 0
824 0 0 0.683 0 0 0 0
825 0 0 0.677 0 0 0 0
826 0 0 0.671 0 0 0 0
827 0 0 0.665 0 0 0 0
828 0 0 0.659 0 0 0 0
829 0 0 0.654 0 0 0 0
830 0 0 0.649 0 0 0 0
831 0 0 0.644 0 0 0 0
832 0 0 0.64 0 0 0 0
833 0 0 0.637 0 0 0 0
834 0 0 0.633 0 0 0 0
835 0 0 0.629 0 0 0 0
836 0 0 0.624 0 0 0 0
837 0 0 0.62 0 0 0 0
838 0 0 0.615 0 0 0 0
839 0 0 0.61 0 0 0 0
840 0 0 0.604 0 0 0 0
841 0 0 0.598 0 0 0 0
842 0 0 0.592 0 0 0 0
843 0 0 0.586 0 0 0 0
844 0 0 0.58 0 0 0 0
845 0 0 0.575 0 0 0 0
846 0 0 0.569 0 0 0 0
847 0 0 0.564 0 0 0 0
848 0 0 0.559 0 0 0 0
849 0 0 0.554 0 0 0 0
850 0 0 0.549 0 0 0 0
851 0 0 0.544 0 0 0 0
852 0 0 0.537 0 0 0 0
853 0 0 0.531 0 0 0 0
854 0 0 0.524 0 0 0 0
855 0 0 0.517 0 0 0 0
856 0 0 0.51 0 0 0 0
857 0 0 0.503 0 0 0 0
858 0 0 0.496 0 0 0 0
859 0 0 0.488 0 0 0 0
860 0 0 0.482 0 0 0 0
861 0 0 0.475 0 0 0 0
862 0 0 0.468 0 0 0 0
863 0 0 0.462 0 0 0 0
864 0 0 0.456 0 0 0 0
865 0 0 0.45 0 0 0 0
866 0 0 0.444 0 0 0 0
867 0 0 0.439 0 0 0 0
868 0 0 0.435 0 0 0 0
869 0 0 0.43 0 0 0 0
870 0 0 0.426 0 0 0 0
871 0 0 0.422 0 0 0 0
872 0 0 0.417 0 0 0 0
873 0 0 0.412 0 0 0 0
874 0 0 0.406 0 0 0 0
875 0 0 0.397 0 0 0 0
876 0 0 0.385 0 0 0 0
877 0 0 0.369 0 0 0 0
878 0 0 0.348 0 0 0 0
879 0 0 0.321 0 0 0 0
880 0 0 0.29 0 0 0 0
881 0 0 0.256 0 0 0 0
882 0 0 0.22 0 0 0 0
883 0 0 0.183 0 0 0 0
884 0 0 0.151 0 0 0 0
885 0 0 0.122 0 0 0 0
886 0 0 0.097 0 0 0 0
887 0 0 0.077 0 0 0 0
888 0 0 0.06 0 0 0 0
889 0 0 0.047 0 0 0 0
890 0 0 0.037 0 0 0 0
891 0 0 0.03 0 0 0 0
892 0 0 0.023 0 0 0 0
893 0 0 0.019 0 0 0 0
894 0 0 0.015 0 0 0 0
895 0 0 0.012 0 0 0 0
896 0 0 0.01 0 0 0 0
897 0 0 0.008 0 0 0 0
898 0 0 0.006 0 0 0 0
899 0 0 0.005 0 0 0 0
900 0 0 0 0 0 0 0
901 0 0 0 0 0 0 0
902 0 0 0 0 0 0 0
903 0 0 0 0 0 0 0
904 0 0 0 0 0 0 0
905 0 0 0 0 0 0 0
906 0 0 0 0 0 0 0
907 0 0 0 0 0 0 0
908 0 0 0 0 0 0 0
909 0 0 0 0 0 0 0
910 0 0 0 0 0 0 0
911 0 0 0 0 0 0 0
912 0 0 0 0 0 0 0
913 0 0 0 0 0 0 0
914 0 0 0 0 0 0 0
915 0 0 0 0 0 0 0
916 0 0 0 0 0 0 0
917 0 0 0 0 0 0 0
918 0 0 0 0 0 0 0
919 0 0 0 0 0 0 0
920 0 0 0 0 0 0 0
921 0 0 0 0 0 0 0
922 0 0 0 0 0 0 0
923 0 0 0 0 0 0 0
924 0 0 0 0 0 0 0
925 0 0 0 0 0 0 0
926 0 0 0 0 0 0 0
927 0 0 0 0 0 0 0
928 0 0 0 0 0 0 0
929 0 0 0 0 0 0 0
930 0 0 0 0 0 0 0
931 0 0 0 0 0 0 0
932 0 0 0 0 0 0 0
933 0 0 0 0 0 0 0
934 0 0 0 0 0 0 0
935 0 0 0 0 0 0 0
936 0 0 0 0 0 0 0
937 0 0 0 0 0 0 0
938 0 0 0 0 0 0 0
939 0 0 0 0 0 0 0
940 0 0 0 0 0 0 0
941 0 0 0 0 0 0 0
942 0 0 0 0 0 0 0
943 0 0 0 0 0 0 0
944 0 0 0 0 0 0 0
945 0 0 0 0 0 0 0
946 0 0 0 0 0 0 0
947 0 0 0 0 0 0 0
948 0 0 0 0 0 0 0
949 0 0 0 0 0 0 0
950 0 0 0 0 0 0 0
951 0 0 0 0 0 0 0
952 0 0 0 0 0 0 0
953 0 0 0 0 0 0 0
954 0 0 0 0 0 0 0
955 0 0 0 0 0 0 0
956 0 0 0 0 0 0 0
957 0 0 0 0 0 0 0
958 0 0 0 0 0 0 0
959 0 0 0 0 0 0 0
960 0 0 0 0 0 0 0
961 0 0 0 0 0 0 0
962 0 0 0 0 0 0 0
963 0 0 0 0 0 0 0
964 0 0 0 0 0 0 0
965 0 0 0 0 0 0 0
966 0 0 0 0 0 0 0
967 0 0 0 0 0 0 0
968 0 0 0 0 0 0 0
969 0 0 0 0 0 0 0
970 0 0 0 0 0 0 0
971 0 0 0 0 0 0 0
972 0 0 0 0 0 0 0
973 0 0 0 0 0 0 0
974 0 0 0 0 0 0 0
975 0 0 0 0 0 0 0
976 0 0 0 0 0 0 0
977 0 0 0 0 0 0 0
978 0 0 0 0 0 0 0
979 0 0 0 0 0 0 0
980 0 0 0 0 0 0 0
981 0 0 0 0 0 0 0
982 0 0 0 0 0 0 0
983 0 0 0 0 0 0 0
984 0 0 0 0 0 0 0
985 0 0 0 0 0 0 0
986 0 0 0 0 0 0 0
987 0 0 0 0 0 0 0
988 0 0 0 0 0 0 0
989 0 0 0 0 0 0 0
990 0 0 0 0 0 0 0
991 0 0 0 0 0 0 0
992 0 0 0 0 0 0 0
993 0 0 0 0 0 0 0
994 0 0 0 0 0 0 0
995 0 0 0 0 0 0 0
996 0 0 0 0 0 0 0
997 0 0 0 0 0 0 0
998 0 0 0 0 0 0 0
999 0 0 0 0 0 0 0
1000 0 0 0 0 0 0 0
1001 0 0 0 0 0 0 0
1002 0 0 0 0 0 0 0
1003 0 0 0 0 0 0 0
1004 0 0 0 0 0 0 0
1005 0 0 0 0 0 0 0
1006 0 0 0 0 0 0 0
1007 0 0 0 0 0 0 0
1008 0 0 0 0 0 0 0
1009 0 0 0 0 0 0 0
1010 0 0 0 0 0 0 0
1011 0 0 0 0 0 0 0
1012 0 0 0 0 0 0 0
1013 0 0 0 0 0 0 0
1014 0 0 0 0 0 0 0
1015 0 0 0 0 0 0 0
1016 0 0 0 0 0 0 0
1017 0 0 0 0 0 0 0
1018 0 0 0 0 0 0 0
1019 0 0 0 0 0 0 0
1020 0 0 0 0 0 0 0
1021 0 0 0 0 0 0 0
1022 0 0 0 0 0 0 0
1023 0 0 0 0 0 0 0
1024 0 0 0 0 0 0 0
1025 0 0 0 0 0 0 0
1026 0 0 0 0 0 0 0
1027 0 0 0 0 0 0 0
1028 0 0 0 0 0 0 0
1029 0 0 0 0 0 0 0
1030 0 0 0 0 0 0 0
1031 0 0 0 0 0 0 0
1032 0 0 0 0 0 0 0
1033 0 0 0 0 0 0 0
1034 0 0 0 0 0 0 0
1035 0 0 0 0 0 0 0
1036 0 0 0 0 0 0 0
1037 0 0 0 0 0 0 0
1038 0 0 0 0 0 0 0
1039 0 0 0 0 0 0 0
1040 0 0 0 0 0 0 0
1041 0 0 0 0 0 0 0
1042 0 0 0 0 0 0 0
1043 0 0 0 0 0 0 0
1044 0 0 0 0 0 0 0
1045 0 0 0 0 0 0 0
1046 0 0 0 0 0 0 0
1047 0 0 0 0 0 0 0
1048 0 0 0 0 0 0 0
1049 0 0 0 0 0 0 0
1050 0 0 0 0 0 0 0
1051 0 0 0 0 0 0 0
1052 0 0 0 0 0 0 0
1053 0 0 0 0 0 0 0
1054 0 0 0 0 0 0 0
1055 0 0 0 0 0 0 0
1056 0 0 0 0 0 0 0
1057 0 0 0 0 0 0 0
1058 0 0 0 0 0 0 0
1059 0 0 0 0 0 0 0
1060 0 0 0 0 0 0 0
1061 0 0 0 0 0 0 0
1062 0 0 0 0 0 0 0
1063 0 0 0 0.000614776007698065 0 0 0
1064 0 0 0 0.00122955201539613 0 0 0
1065 0 0 0 0.00184432802309419 0 0 0
1066 0 0 0 0.00245910403079226 0 0 0
1067 0 0 0 0.00416978509569122 0 0 0
1068 0 0 0 0.00588046616059018 0 0 0
1069 0 0 0 0.00759114722548915 0 0 0
1070 0 0 0 0.00930182829038811 0 0 0
1071 0 0 0 0.010648989628996 0 0 0
1072 0 0 0 0.011996150967604 0 0 0
1073 0 0 0 0.0133433123062119 0 0 0
1074 0 0 0 0.0146904736448198 0 0 0
1075 0 0 0 0.0160376349834278 0 0 0
1076 0 0 0 0.0217042660109056 0 0 0
1077 0 0 0 0.0273708970383834 0 0 0
1078 0 0 0 0.0330375280658612 0 0 0
1079 0 0 0 0.0432214262803379 0 0 0
1080 0 0 0 0.0534053244948145 0 0 0
1081 0 0 0 0.0635892227092911 0 0 0
1082 0 0 0 0.0737731209237678 0 0 0
1083 0 0 0 0.0976157382657971 0 0 0
1084 0 0 0 0.121458355607826 0 0 0
1085 0 0 0 0.141879610820058 0 0 0
1086 0 0 0 0.162300866032289 0 0 0
1087 0 0 0 0.18272212124452 0 0 0
1088 0 0 0 0.213354004062868 0 0 0
1089 0 0 0 0.243985886881215 0 0 0
1090 0 0 0 0.260130439431199 0 0 0
1091 0 0 0 0.276274991981182 0 0 0
1092 0 0 0 0.292419544531166 0 0 0
1093 0 0 0 0.30856409708115 0 0 0
1094 0 0 0 0.330125806336648 0 0 0
1095 0 0 0 0.351687515592145 0 0 0
1096 0 0 0 0.373249224847643 0 0 0
1097 0 0 0 0.38686339498913 0 0 0
1098 0 0 0 0.400477565130618 0 0 0
1099 0 0 0 0.414091735272105 0 0 0
1100 0 0 0 0.427705905413593 0 0 0
1101 0 0 0 0.44132007555508 0 0 0
1102 0 0 0 0.454934245696568 0 0 0
1103 0 0 0 0.469653230692469 0 0 0
1104 0 0 0 0.484372215688371 0 0 0
1105 0 0 0 0.499091200684272 0 0 0
1106 0 0 0 0.528012402437721 0 0 0
1107 0 0 0 0.556933604191169 0 0 0
1108 0 0 0 0.582486902598097 0 0 0
1109 0 0 0 0.608040201005025 0 0 0
1110 0 0 0 0.62732100217399 0 0 0
1111 0 0 0 0.646601803342956 0 0 0
1112 0 0 0 0.665882604511921 0 0 0
1113 0 0 0 0.674382551053138 0 0 0
1114 0 0 0 0.682882497594355 0 0 0
1115 0 0 0 0.691382444135571 0 0 0
1116 0 0 0 0.699882390676788 0 0 0
1117 0 0 0 0.733882176841655 0 0 0
1118 0 0 0 0.744074984853345 0 0 0
1119 0 0 0 0.754267792865034 0 0 0
1120 0 0 0 0.764460600876724 0 0 0
1121 0 0 0 0.774689048077266 0 0 0
1122 0 0 0 0.784917495277808 0 0 0
1123 0 0 0 0.795145942478349 0 0 0
1124 0 0 0 0.798524537581525 0 0 0
1125 0 0 0 0.8019031326847 0 0 0
1126 0 0 0 0.805281727787876 0 0 0
1127 0 0 0 0.808660322891051 0 0 0
1128 0 0 0 0.812038917994226 0 0 0
1129 0 0 0 0.812038917994226 0 0 0
1130 0 0 0 0.806336647777897 0 0 0
1131 0 0 0 0.800634377561568 0 0 0
1132 0 0 0 0.794932107345238 0 0 0
1133 0 0 0 0.786432160804021 0 0 0
1134 0 0 0 0.777932214262803 0 0 0
1135 0 0 0 0.766839516732599 1.92910537736778e-05 0 0
1136 0 0 0 0.755746819202395 0.000792862310103239 0 0
1137 0 0 0 0.744654121672191 0.0015664335664328 0 0
1138 0 0 0 0.733561424141987 0.00234000482276236 0 0
1139 0 0 0 0.718272212124454 0.00311357607909192 0 0
1140 0 0 0 0.702983000106921 0.00388714733542149 0 0
1141 0 0 0 0.690473644819846 0.00466071859175105 0 0
1142 0 0 0 0.677964289532771 0.00543428984808061 0 0
1143 0 0 0 0.665454934245696 0.00620786110441017 0 0
1144 0 0 0 0.656072917780391 0.00698143236073973 0 0
1145 0 0 0 0.646690901315086 0.0101849261849186 0 0
1146 0 0 0 0.637308884849781 0.0134253302253277 0 0
1147 0 0 0 0.627926868384476 0.0166657342657367 0 0
1148 0 0 0 0.624505506254678 0.0199061383061458 0 0
1149 0 0 0 0.62108414412488 0.0231465423465548 0 0
1150 0 0 0 0.617662781995082 0.0285314685315116 0 0
1151 0 0 0 0.614241419865284 0.0375048951049379 0 0
1152 0 0 0 0.610820057735486 0.0464783216783641 0 0
1153 0 0 0 0.607398695605688 0.0554517482517903 0 0
1154 0 0 0 0.60397733347589 0.0644251748252166 0 0
1155 0 0 0 0.608061584518336 0.0758761238761694 0 0
1156 0 0 0 0.612145835560783 0.0912591408591199 0 0
1157 0 0 0 0.616230086603229 0.110683449883305 0 0
1158 0 0 0 0.620314337645675 0.145829370629341 0 0
1159 0 0 0 0.624398588688121 0.179126153846204 0 0
1160 0 0 0 0.631177162407784 0.208738461538545 0 0
1161 0 0 0 0.637955736127446 0.268276363636631 0 0
1162 0 0 0 0.644734309847108 0.337058461538721 0 0
1163 0 0 0 0.65151288356677 0.407948531468424 0 0
1164 0 0 0 0.658291457286432 0.487552447552505 0 0
1165 0 0 0 0.673046081471186 0.573062937063229 0 0
1166 0 0 0 0.687800705655939 0.660369230769336 0 0
1167 0 0 0 0.702555329840693 0.74673846153841 0 0
1168 0 0 0 0.712748137852382 0.806000932400783 0 0
1169 0 0 0 0.722940945864072 0.861982284382112 0 0
1170 0 0 0 0.733133753875762 0.897342657342649 0 0
1171 0 0 0 0.747888378060515 0.904820512820529 0 0
1172 0 0 0 0.762643002245269 0.909132867132844 0 0
1173 0 0 0 0.777397626430022 0.903524475524464 0 0
1174 0 0 0 0.799529562707153 0.897916083916084 0 0
1175 0 0 0 0.821661498984283 0.890909090909106 0 0
1176 0 0 0 0.834411418796108 0.883431235431265 0 0
1177 0 0 0 0.847161338607933 0.880055944055951 0 0
1178 0 0 0 0.859911258419758 0.87725174825175 0 0
1179 0 0 0 0.872661178231584 0.877247552447555 0 0
1180 0 0 0 0.881713532200007 0.881734265734265 0 0
1181 0 0 0 0.890765886168431 0.886220979020976 0 0
1182 0 0 0 0.899818240136855 0.890707692307686 0 0
1183 0 0 0 0.902357532342564 0.898867532467524 0 0
1184 0 0 0 0.904896824548273 0.907199999999994 0 0
1185 0 0 0 0.907436116753983 0.914541458541455 0 0
1186 0 0 0 0.909975408959692 0.921592007992006 0 0
1187 0 0 0 0.906554046829894 0.925182657342657 0 0
1188 0 0 0 0.903132684700096 0.926379114219112 0 0
1189 0 0 0 0.898027370897038 0.927575571095568 0 0
1190 0 0 0 0.892922057093981 0.928772027972024 0 0
1191 0 0 0 0.887816743290923 0.92996848484848 0 0
1192 0 0 0 0.882711429487865 0.929556643356647 0 0
1193 0 0 0 0.871342528244057 0.928995804195808 0 0
1194 0 0 0 0.859973627000249 0.928434965034968 0 0
1195 0 0 0 0.848604725756442 0.927874125874129 0 0
1196 0 0 0 0.838367368758687 0.92731328671329 0 0
1197 0 0 0 0.828130011760932 0.926024055944062 0 0
1198 0 0 0 0.817892654763178 0.924678041958046 0 0
1199 0 0 0 0.807655297765423 0.92333202797203 0 0
1200 0 0 0 0.794041127623935 0.924399237126507 0 0
1201 0 0 0 0.780426957482448 0.926030769230765 0 0
1202 0 0 0 0.76681278734096 0.927662301335024 0 0
1203 0 0 0 0.760474103037986 0.928785454545454 0 0
1204 0 0 0 0.754135418735012 0.929084568764568 0 0
1205 0 0 0 0.747796734432039 0.929383682983683 0 0
1206 0 0 0 0.741458050129065 0.929682797202798 0 0
1207 0 0 0 0.735119365826091 0.929981911421913 0 0
1208 0 0 0 0.728780681523117 0.929391408591407 0 0
1209 0 0 0 0.722441997220143 0.928429970029968 0 0
1210 0 0 0 0.720486933145973 0.927468531468529 0 0
1211 0 0 0 0.718531869071803 0.926507092907091 0 0
1212 0 0 0 0.716576804997633 0.923766433566418 0 0
1213 0 0 0 0.714621740923462 0.9175972027972 0 0
1214 0 0 0 0.712666676849292 0.911427972027982 0 0
1215 0 0 0 0.710711612775122 0.905870129870139 0 0
1216 0 0 0 0.708756548700952 0.900421978021986 0 0
1217 0 0 0 0.714187961082006 0.894973826173833 0 0
1218 0 0 0 0.71961937346306 0.889525674325679 0 0
1219 0 0 0 0.725050785844114 0.883753337571526 0 0
1220 0 0 0 0.730482198225168 0.877635092180556 0 0
1221 0 0 0 0.735913610606223 0.871516846789587 0 0
1222 0 0 0 0.744965964574646 0.865508624708636 0 0
1223 0 0 0 0.75401831854307 0.861395804195813 0 0
1224 0 0 0 0.763070672511494 0.85728298368299 0 0
1225 0 0 0 0.772123026479917 0.853170163170167 0 0
1226 0 0 0 0.781175380448341 0.850067692307693 0 0
1227 0 0 0 0.790227734416765 0.849170349650349 0 0
1228 0 0 0 0.803004383620229 0.848273006993005 0 0
1229 0 0 0 0.815781032823693 0.848171188811198 0 0
1230 0 0 0 0.828557682027157 0.851311888111891 0 0
1231 0 0 0 0.841334331230621 0.854452587412583 0 0
1232 0 0 0 0.854934245696568 0.857939393939369 0 0
1233 0 0 0 0.868534160162515 0.865417249417223 0 0
1234 0 0 0 0.882134074628461 0.872895104895077 0 0
1235 0 0 0 0.895733989094408 0.880044755244733 0 0
1236 0 0 0 0.909333903560355 0.886326153846139 0 0
1237 0 0 0 0.917833850101572 0.892607552447545 0 0
1238 0 0 0 0.926333796642788 0.899076923076923 0 0
1239 0 0 0 0.934833743184005 0.906554778554783 0 0
1240 0 0 0 0.943333689725222 0.914032634032643 0 0
1241 0 0 0 0.946728322463381 0.921510489510503 0 0
1242 0 0 0 0.95012295520154 0.929377622377634 0 0
1243 0 0 0 0.953517587939699 0.937790209790204 0 0
1244 0 0 0 0.956912220677857 0.946202797202775 0 0
1245 0 0 0 0.953490858548059 0.952832944832925 0 0
1246 0 0 0 0.950069496418261 0.959313752913731 0 0
1247 0 0 0 0.946648134288464 0.965517016317002 0 0
1248 0 0 0 0.939823229623294 0.969629836829825 0 0
1249 0 0 0 0.932998324958124 0.973742657342648 0 0
1250 0 0 0 0.926173420292954 0.977855477855471 0 0
1251 0 0 0 0.919348515627784 0.981219874861978 0 0
1252 0 0 0 0.912523610962614 0.983345160103054 0 0
1253 0 0 0 0.905698706297445 0.98547044534413 0 0
1254 0 0 0 0.890356035496632 0.987595730585206 0 0
1255 0 0 0 0.875013364695819 0.989721015826282 0 0
1256 0 0 0 0.861399194554332 0.991846301067357 0 0
1257 0 0 0 0.847785024412844 0.993516083916086 0 0
1258 0 0 0 0.834170854271357 0.994637762237764 0 0
1259 0 0 0 0.808617555864429 0.995759440559442 0 0
1260 0 0 0 0.7830642574575 0.996881118881119 0 0
1261 0 0 0 0.772821554581418 0.998002797202797 0 0
1262 0 0 0 0.762578851705336 0.999124475524475 0 0
1263 0 0 0 0.752336148829254 0.999826244343892 0 0
1264 0 0 0 0.742093445953172 0.999034471410942 0 0
1265 0 0 0 0.73185074307709 0.998242698477992 0 0
1266 0 0 0 0.71889233401048 0.997450925545042 0 0
1267 0 0 0 0.70593392494387 0.996659152612092 0 0
1268 0 0 0 0.69297551587726 0.995867379679142 0 0
1269 0 0 0 0.68001710681065 0.993739860139857 0 0
1270 0 0 0 0.667058697744039 0.991496503496505 0 0
1271 0 0 0 0.659574468085106 0.989253146853153 0 0
1272 0 0 0 0.652090238426173 0.986606993007012 0 0
1273 0 0 0 0.64460600876724 0.982120279720294 0 0
1274 0 0 0 0.637121779108307 0.977633566433576 0 0
1275 0 0 0 0.629637549449374 0.973251748251751 0 0
1276 0 0 0 0.625360846787127 0.970447552447556 0 0
1277 0 0 0 0.62108414412488 0.96764335664336 0 0
1278 0 0 0 0.616807441462632 0.964839160839164 0 0
1279 0 0 0 0.612530738800385 0.962034965034968 0 0
1280 0 0 0 0.612515464862305 0.959356643356645 0 0
1281 0 0 0 0.612500190924226 0.958234965034966 0 0
1282 0 0 0 0.612484916986146 0.957113286713287 0 0
1283 0 0 0 0.612469643048067 0.955991608391608 0 0
1284 0 0 0 0.612454369109988 0.955900699300703 0 0
1285 0 0 0 0.612439095171908 0.957863636363639 0 0
1286 0 0 0 0.612423821233829 0.959826573426576 0 0
1287 0 0 0 0.615809544174775 0.961789510489513 0 0
1288 0 0 0 0.61919526711572 0.96375244755245 0 0
1289 0 0 0 0.622580990056666 0.966256943056948 0 0
1290 0 0 0 0.625966712997612 0.969782217782224 0 0
1291 0 0 0 0.629352435938558 0.973307492507499 0 0
1292 0 0 0 0.632738158879504 0.976832767232775 0 0
1293 0 0 0 0.638169571260558 0.980358041958051 0 0
1294 0 0 0 0.643600983641612 0.981889044289047 0 0
1295 0 0 0 0.649032396022666 0.983384615384616 0 0
1296 0 0 0 0.654463808403721 0.984880186480186 0 0
1297 0 0 0 0.659895220784775 0.986375757575755 0 0
1298 0 0 0 0.670779429060195 0.986036363636373 0 0
1299 0 0 0 0.681663637335614 0.981549650349657 0 0
1300 0 0 0 0.692547845611034 0.977062937062941 0 0
1301 0 0 0 0.703432053886453 0.972576223776225 0 0
1302 0 0 0 0.714316262161873 0.965549650349651 0 0
1303 0 0 0 0.724544709362415 0.956576223776227 0 0
1304 0 0 0 0.734773156562957 0.947602797202802 0 0
1305 0 0 0 0.745001603763498 0.933510489510523 0 0
1306 0 0 0 0.762001496845932 0.917806993007059 0 0
1307 0 0 0 0.779001389928365 0.905432167832186 0 0
1308 0 0 0 0.792579920881001 0.893471328671309 0 0
1309 0 0 0 0.806158451833636 0.881693706293711 0 0
1310 0 0 0 0.819736982786272 0.869916083916114 0 0
1311 0 0 0 0.829965429986814 0.860007459207473 0 0
1312 0 0 0 0.840193877187355 0.851781818181804 0 0
1313 0 0 0 0.850422324387897 0.84784755244755 0 0
1314 0 0 0 0.86742221747033 0.846165034965036 0 0
1315 0 0 0 0.884422110552764 0.8454017094017 0 0
1316 0 0 0 0.901422003635197 0.849389898989888 0 0
1317 0 0 0 0.915036173776685 0.853378088578077 0 0
1318 0 0 0 0.928650343918172 0.857144055944053 0 0
1319 0 0 0 0.94226451405966 0.859295904095874 0 0
1320 0 0 0 0.952448412274137 0.851604395604399 0 0
1321 0 0 0 0.962632310488613 0.843912887112923 0 0
1322 0 0 0 0.97281620870309 0.805301898102094 0 0
1323 0 0 0 0.983000106917567 0.764280519480704 0 0
1324 0 0 0 0.988666737945044 0.709797668997786 0 0
1325 0 0 0 0.994333368972522 0.650722610722533 0 0
1326 0 0 0 1 0.494120279720311 0 0
1327 0 0 0 0.997433978402652 0.464980885781004 0 0
1328 0 0 0 0.994867956805303 0.395988811188901 0 0
1329 0 0 0 0.992301935207955 0.3145398601397 0 0
1330 0 0 0 0.989735913610606 0.271916083916009 0 0
1331 0 0 0 0.98859545956734 0.229292307692318 0 0
1332 0 0 0 0.987455005524074 0.185590209790198 0 0
1333 0 0 0 0.986314551480808 0.141283916083819 0 0
1334 0 0 0 0.976050465091415 0.101103496503439 0 0
1335 0 0 0 0.9641291564204 0.0848391608391359 0 0
1336 0 0 0 0.952207847749385 0.0685748251748327 0 0
1337 0 0 0 0.938593677607898 0.057074125874141 0 0
1338 0 0 0 0.92497950746641 0.0481006993007216 0 0
1339 0 0 0 0.911365337324923 0.0391272727273023 0 0
1340 0 0 0 0.901127980327168 0.030153846153883 0 0
1341 0 0 0 0.890890623329413 0.0250903496503588 0 0
1342 0 0 0 0.880653266331658 0.0226226573426636 0 0
1343 0 0 0 0.870415909333904 0.0201549650349684 0 0
1344 0 0 0 0.860187462133362 0.0176872727272732 0 0
1345 0 0 0 0.84995901493282 0.015219580419578 0 0
1346 0 0 0 0.839730567732278 0.0127518881118828 0 0
1347 0 0 0 0.830642574575003 0.0107597446032195 0 0
1348 0 0 0 0.821554581417727 0.00958929765885944 0 0
1349 0 0 0 0.812466588260451 0.00841885071449939 0 0
1350 0 0 0 0.808189885598204 0.00724840377013933 0 0
1351 0 0 0 0.803913182935956 0.00607795682577927 0 0
1352 0 0 0 0.799636480273709 0.00490750988141922 0 0
1353 0 0 0 0.795359777611462 0.00373706293705916 0 0
1354 0 0 0 0.791938415481664 0.00270881118880976 0 0
1355 0 0 0 0.788517053351866 0.00226013986013863 0 0
1356 0 0 0 0.785779963648027 0.00181146853146749 0 0
1357 0 0 0 0.783042873944189 0.00136279720279635 0 0
1358 0 0 0 0.78030578424035 0.000914125874125218 0 0
1359 0 0 0 0.777568694536512 0.000465454545454082 0 0
1360 0 0 0 0.774831604832673 1.67832167829464e-05 0 0
1361 0 0 0 0.772550696746142 0 0 0
1362 0 0 0 0.77026978865961 0 0 0
1363 0 0 0 0.767988880573078 0 0 0
1364 0 0 0 0.766522582517451 0 0 0
1365 0 0 0 0.765056284461823 0 0 0
1366 0 0 0 0.763589986406195 0 0 0
1367 0 0 0 0.762123688350567 0 0 0
1368 0 0 0 0.76065739029494 0 0 0
1369 0 0 0 0.759191092239312 0 0 0
1370 0 0 0 0.757724794183684 0 0 0
1371 0 0 0 0.755443886097152 0 0 0
1372 0 0 0 0.75316297801062 0 0 0
1373 0 0 0 0.750882069924089 0 0 0
1374 0 0 0 0.75085534053245 0 0 0
1375 0 0 0 0.75082861114081 0 0 0
1376 0 0 0 0.750801881749171 0 0 0
1377 0 0 0 0.750775152357532 0 0 0
1378 0 0 0 0.753608467871271 0 0 0
1379 0 0 0 0.75644178338501 0 0 0
1380 0 0 0 0.759275098898749 0 0 0
1381 0 0 0 0.762108414412488 0 0 0
1382 0 0 0 0.764941729926227 0 0 0
1383 0 0 0 0.767775045439966 0 0 0
1384 0 0 0 0.771153640543141 0 0 0
1385 0 0 0 0.774532235646317 0 0 0
1386 0 0 0 0.777910830749492 0 0 0
1387 0 0 0 0.781289425852668 0 0 0
1388 0 0 0 0.784668020955843 0 0 0
1389 0 0 0 0.779535977761146 0 0 0
1390 0 0 0 0.774403934566449 0 0 0
1391 0 0 0 0.769271891371752 0 0 0
1392 0 0 0 0.764139848177055 0 0 0
1393 0 0 0 0.7528065861221 0 0 0
1394 0 0 0 0.741473324067144 0 0 0
1395 0 0 0 0.730140062012189 0 0 0
1396 0 0 0 0.68919063402117 0 0 0
1397 0 0 0 0.658612209986101 0 0 0
1398 0 0 0 0.627926868384483 0 0 0
1399 0 0 0 0.590452261306537 0 0 0
1400 0 0 0 0.55297765422859 0 0 0
1401 0 0 0 0.498449695284935 0 0 0
1402 0 0 0 0.40307922591684 0 0 0
1403 0 0 0 0.324762108414421 0 0 0
1404 0 0 0 0.246444990912007 0 0 0
1405 0 0 0 0.195391852881434 0 0 0
1406 0 0 0 0.144338714850862 0 0 0
1407 0 0 0 0.120389179942265 0 0 0
1408 0 0 0 0.105634555757511 0 0 0
1409 0 0 0 0.0908799315727574 0 0 0
1410 0 0 0 0.0761253073880038 0 0 0
1411 0 0 0 0.0574147332406714 0 0 0
1412 0 0 0 0.038704159093339 0 0 0
1413 0 0 0 0.0335721158986421 0 0 0
1414 0 0 0 0.0284400727039453 0 0 0
1415 0 0 0 0.0233080295092484 0 0 0
1416 0 0 0 0.0181759863145515 0 0 0
1417 0 0 0 0.0154388966107131 0 0 0
1418 0 0 0 0.0127018069068748 0 0 0
1419 0 0 0 0.00996471720303646 0 0 0
1420 0 0 0 0.00722762749919812 0 0 0
1421 0 0 0 0.00449053779535978 0 0 0
1422 0 0 0 0.00378488185608896 0 0 0
1423 0 0 0 0.00307922591681813 0 0 0
1424 0 0 0 0.00237356997754731 0 0 0
1425 0 0 0 0.00166791403827649 0 0 0
1426 0 0 0 0.000962258099005667 0 0 0
1427 0 0 0 0.000948893403186143 0 0 0
1428 0 0 0 0.00093552870736662 0 0 0
1429 0 0 0 0.000922164011547097 0 0 0
1430 0 0 0 0.000908799315727574 0 0 0
1431 0 0 0 0.000895434619908051 0 0 0
1432 0 0 0 0.000882069924088528 0 0 0
1433 0 0 0 0.000868705228269005 0 0 0
1434 0 0 0 0.000855340532449481 0 0 0
1435 0 0 0 0.000841975836629958 0 0 0
1436 0 0 0 0.000828611140810435 0 0 0
1437 0 0 0 0.000815246444990912 0 0 0
1438 0 0 0 0.000801881749171389 0 0 0
1439 0 0 0 0.000788517053351866 0 0 0
1440 0 0 0 0.000775152357532343 0 0.000176327970025472 0
1441 0 0 0 0.000761787661712819 0 0.000429484555560255 0
1442 0 0 0 0.000748422965893296 0 0.000682641141095039 0
1443 0 0 0 0.000654870095156634 0 0.000935797726629822 0
1444 0 0 0 0.000561317224419972 0 0.00118895431216461 0
1445 0 0 0 0.00046776435368331 0 0.00144211089769939 0
1446 0 0 0 0.000374211482946648 0 0.00169526748323417 0
1447 0 0 0 0.000280658612209986 0 0.00194842406876896 0
1448 0 0 0 0.000187105741473324 0 0.00220158065430374 0
1449 0 0 0 9.3552870736662e-05 0 0.00245473723983852 0
1450 0 0 0 0 0 0.00270789382537331 0
1451 0 0 0 0 0 0.00369491062901551 0
1452 0 0 0 0 0 0.00588893437031501 0
1453 0 0 0 0 0 0.00808295811161452 0
1454 0 0 0 0 0 0.010276981852914 0
1455 0 0 0 0 0 0.0124710055942135 0
1456 0 0 0 0 0 0.0148342202210346 0
1457 0 0 0 0 0 0.0181252558329836 0
1458 0 0 0 0 0 0.0214162914449326 0
1459 0 0 0 0 0 0.0251534997953209 0
1460 0 0 0 0 0 0.0292672943102699 0
1461 0 0 0 0 0 0.0333810888252188 0
1462 0 0 0 0 0 0.0376422431436942 0
1463 0 0 0 0 0 0.0442243143675927 0
1464 0 0 0 0 0 0.0508063855914913 0
1465 0 0 0 0 0 0.0603356528857941 0
1466 0 0 0 0 0 0.0734997953335912 0
1467 0 0 0 0 0 0.0866639377813883 0
1468 0 0 0 0 0 0.0998280802291854 0
1469 0 0 0 0 0 0.114580433892776 0
1470 0 0 0 0 0 0.129021694637805 0
1471 0 0 0 0 0 0.1421858370856 0
1472 0 0 0 0 0 0.164879246827765 0
1473 0 0 0 0 0 0.187720016373344 0
1474 0 0 0 0 0 0.20417519443309 0
1475 0 0 0 0 0 0.229226361031519 0
1476 0 0 0 0 0 0.255554645927113 0
1477 0 0 0 0 0 0.281882930822707 0
1478 0 0 0 0 0 0.301997544003211 0
1479 0 0 0 0 0 0.327646336471435 0
1480 0 0 0 0 0 0.357265656978978 0
1481 0 0 0 0 0 0.399656160458601 0
1482 0 0 0 0 0 0.430830945558831 0
1483 0 0 0 0 0 0.468964388047563 0
1484 0 0 0 0 0 0.505362259517026 0
1485 0 0 0 0 0 0.538272615636523 0
1486 0 0 0 0 0 0.582087597216498 0
1487 0 0 0 0 0 0.612312730249657 0
1488 0 0 0 0 0 0.632058943921353 0
1489 0 0 0 0 0 0.664183381088708 0
1490 0 0 0 0 0 0.698267157865925 0
1491 0 0 0 0 0 0.732274525856131 0
1492 0 0 0 0 0 0.766281893846337 0
1493 0 0 0 0 0 0.800289261836544 0
1494 0 0 0 0 0 0.83429662982675 0
1495 0 0 0 0 0 0.860881429935881 0
1496 0 0 0 0 0 0.886112702960827 0
1497 0 0 0 0 0 0.908907081457203 0
1498 0 0 0 0 0 0.923716741710975 0
1499 0 0 0 0 0 0.93447400736798 0
1500 0 0 0 0 0 0.941056078591905 0
1501 0 0 0 0 0 0.947638149815829 0
1502 0 0 0 0 0 0.950356119525182 0
1503 0 0 0 0 0 0.952550143266482 0
1504 0 0 0 0 0 0.953565288579611 0
1505 0 0 0 0 0 0.951371264838311 0
1506 0 0 0 0 0 0.949177241097012 0
1507 0 0 0 0 0 0.947343430208761 0
1508 0 0 0 0 0 0.945697912402786 0
1509 0 0 0 0 0 0.944554509482879 0
1510 0 0 0 0 0 0.94345749761223 0
1511 0 0 0 0 0 0.94269340974212 0
1512 0 0 0 0 0 0.94269340974212 0
1513 0 0 0 0 0 0.94269340974212 0
1514 0 0 0 0 0 0.94496930004094 0
1515 0 0 0 0 0 0.948260335652889 0
1516 0 0 0 0 0 0.951551371264838 0
1517 0 0 0 0 0 0.954842406876787 0
1518 0 0 0 0 0 0.958133442488737 0
1519 0 0 0 0 0 0.961424478100687 0
1520 0 0 0 0 0 0.964715513712636 0
1521 0 0 0 0 0 0.968006549324586 0
1522 0 0 0 0 0 0.972705689725744 0
1523 0 0 0 0 0 0.977453950061411 0
1524 0 0 0 0 0 0.98074498567336 0
1525 0 0 0 0 0 0.983626688497751 0
1526 0 0 0 0 0 0.985820712239051 0
1527 0 0 0 0 0 0.988014735980351 0
1528 0 0 0 0 0 0.988538681948424 0
1529 0 0 0 0 0 0.988538681948424 0
1530 0 0 0 0 0 0.988538681948424 0
1531 0 0 0 0 0 0.988538681948424 0
1532 0 0 0 0 0 0.987867376176824 0
1533 0 0 0 0 0 0.986221858370849 0
1534 0 0 0 0 0 0.983479328694219 0
1535 0 0 0 0 0 0.98018829308227 0
1536 0 0 0 0 0 0.978724519033973 0
1537 0 0 0 0 0 0.977408104789193 0
1538 0 0 0 0 0 0.976091690544414 0
1539 0 0 0 0 0 0.974775276299634 0
1540 0 0 0 0 0 0.970446172738457 0
1541 0 0 0 0 0 0.966942284076957 0
1542 0 0 0 0 0 0.964748260335649 0
1543 0 0 0 0 0 0.96265247646336 0
1544 0 0 0 0 0 0.96155546459271 0
1545 0 0 0 0 0 0.96045845272206 0
1546 0 0 0 0 0 0.959361440851411 0
1547 0 0 0 0 0 0.958264428980761 0
1548 0 0 0 0 0 0.957167417110111 0
1549 0 0 0 0 0 0.957969709373719 0
1550 0 0 0 0 0 0.959066721244368 0
1551 0 0 0 0 0 0.960302906262786 0
1552 0 0 0 0 0 0.961948424068766 0
1553 0 0 0 0 0 0.963593941874745 0
1554 0 0 0 0 0 0.965239459680725 0
1555 0 0 0 0 0 0.967519443307415 0
1556 0 0 0 0 0 0.969987720016376 0
1557 0 0 0 0 0 0.972455996725338 0
1558 0 0 0 0 0 0.975161686451082 0
1559 0 0 0 0 0 0.978452722063031 0
1560 0 0 0 0 0 0.980843225542361 0
1561 0 0 0 0 0 0.982488743348336 0
1562 0 0 0 0 0 0.988112975849336 0
1563 0 0 0 0 0 0.991616864510846 0
1564 0 0 0 0 0 0.994588620548511 0
1565 0 0 0 0 0 0.996234138354486 0
1566 0 0 0 0 0 0.997879656160461 0
1567 0 0 0 0 0 0.999525173966436 0
1568 0 0 0 0 0 1 0
1569 0 0 0 0 0 1 0
1570 0 0 0 0 0 1 0
1571 0 0 0 0 0 0.999811706917726 0
1572 0 0 0 0 0 0.998988948014736 0
1573 0 0 0 0 0 0.998166189111746 0
1574 0 0 0 0 0 0.997343430208756 0
1575 0 0 0 0 0 0.995497339336874 0
1576 0 0 0 0 0 0.993303315595575 0
1577 0 0 0 0 0 0.991182971756036 0
1578 0 0 0 0 0 0.989537453950059 0
1579 0 0 0 0 0 0.987891936144082 0
1580 0 0 0 0 0 0.986246418338105 0
1581 0 0 0 0 0 0.984600900532128 0
1582 0 0 0 0 0 0.982955382726151 0
1583 0 0 0 0 0 0.981309864920174 0
1584 0 0 0 0 0 0.979757129212712 0
1585 0 0 0 0 0 0.978660117342062 0
1586 0 0 0 0 0 0.977563105471413 0
1587 0 0 0 0 0 0.976771728748805 0
1588 0 0 0 0 0 0.97622322281348 0
1589 0 0 0 0 0 0.975674716878155 0
1590 0 0 0 0 0 0.97512621094283 0
1591 0 0 0 0 0 0.974577705007505 0
1592 0 0 0 0 0 0.974525466346994 0
1593 0 0 0 0 0 0.975465762236124 0
1594 0 0 0 0 0 0.976406058125254 0
1595 0 0 0 0 0 0.977346354014384 0
1596 0 0 0 0 0 0.978286649903514 0
1597 0 0 0 0 0 0.979226945792644 0
1598 0 0 0 0 0 0.980335652885797 0
1599 0 0 0 0 0 0.981981170691771 0
1600 0 0 0 0 0 0.983626688497746 0
1601 0 0 0 0 0 0.98527220630372 0
1602 0 0 0 0 0 0.98816209578387 0
1603 0 0 0 0 0 0.991453131395832 0
1604 0 0 0 0 0 0.994459271387644 0
1605 0 0 0 0 0 0.995775685632424 0
1606 0 0 0 0 0 0.997092099877203 0
1607 0 0 0 0 0 0.998408514121983 0
1608 0 0 0 0 0 0.999724928366763 0
1609 0 0 0 0 0 1 0
1610 0 0 0 0 0 1 0
1611 0 0 0 0 0 1 0
1612 0 0 0 0 0 1 0
1613 0 0 0 0 0 0.999711829717562 0
1614 0 0 0 0 0 0.999053622595171 0
1615 0 0 0 0 0 0.998395415472779 0
1616 0 0 0 0 0 0.997737208350388 0
1617 0 0 0 0 0 0.996925910765447 0
1618 0 0 0 0 0 0.994457634056485 0
1619 0 0 0 0 0 0.991989357347523 0
1620 0 0 0 0 0 0.989521080638561 0
1621 0 0 0 0 0 0.984576340564891 0
1622 0 0 0 0 0 0.977994269340992 0
1623 0 0 0 0 0 0.975661072451905 0
1624 0 0 0 0 0 0.974015554645926 0
1625 0 0 0 0 0 0.972370036839946 0
1626 0 0 0 0 0 0.969480147359787 0
1627 0 0 0 0 0 0.964543593941864 0
1628 0 0 0 0 0 0.95960704052394 0
1629 0 0 0 0 0 0.954670487106016 0
1630 0 0 0 0 0 0.949733933688092 0
1631 0 0 0 0 0 0.944797380270167 0
1632 0 0 0 0 0 0.939860826852243 0
1633 0 0 0 0 0 0.935943512075322 0
1634 0 0 0 0 0 0.933475235366353 0
1635 0 0 0 0 0 0.931006958657384 0
1636 0 0 0 0 0 0.928538681948415 0
1637 0 0 0 0 0 0.926325556010363 0
1638 0 0 0 0 0 0.924131532269064 0
1639 0 0 0 0 0 0.921588211215715 0
1640 0 0 0 0 0 0.918297175603766 0
1641 0 0 0 0 0 0.916272342747988 0
1642 0 0 0 0 0 0.915175330877338 0
1643 0 0 0 0 0 0.914078319006689 0
1644 0 0 0 0 0 0.91404011461318 0
1645 0 0 0 0 0 0.91404011461318 0
1646 0 0 0 0 0 0.91404011461318 0
1647 0 0 0 0 0 0.914437167417112 0
1648 0 0 0 0 0 0.915259926320099 0
1649 0 0 0 0 0 0.916082685223086 0
1650 0 0 0 0 0 0.916905444126074 0
1651 0 0 0 0 0 0.920196479738023 0
1652 0 0 0 0 0 0.923487515349973 0
1653 0 0 0 0 0 0.926778550961926 0
1654 0 0 0 0 0 0.930069586573884 0
1655 0 0 0 0 0 0.933360622185843 0
1656 0 0 0 0 0 0.936651657797802 0
1657 0 0 0 0 0 0.939942693409752 0
1658 0 0 0 0 0 0.943233729021701 0
1659 0 0 0 0 0 0.94652476463365 0
1660 0 0 0 0 0 0.9498158002456 0
1661 0 0 0 0 0 0.95310683585755 0
1662 0 0 0 0 0 0.956397871469499 0
1663 0 0 0 0 0 0.958354482194022 0
1664 0 0 0 0 0 0.96 0
1665 0 0 0 0 0 0.961645517805978 0
1666 0 0 0 0 0 0.963291035611955 0
1667 0 0 0 0 0 0.964936553417933 0
1668 0 0 0 0 0 0.967065083913227 0
1669 0 0 0 0 0 0.969533360622189 0
1670 0 0 0 0 0 0.972001637331151 0
1671 0 0 0 0 0 0.974280802292262 0
1672 0 0 0 0 0 0.974939009414653 0
1673 0 0 0 0 0 0.975597216537043 0
1674 0 0 0 0 0 0.976255423659433 0
1675 0 0 0 0 0 0.976913630781823 0
1676 0 0 0 0 0 0.976253240551239 0
1677 0 0 0 0 0 0.975156228680587 0
1678 0 0 0 0 0 0.974059216809935 0
1679 0 0 0 0 0 0.972962204939283 0
1680 0 0 0 0 0 0.971865193068631 0
1681 0 0 0 0 0 0.970999590667212 0
1682 0 0 0 0 0 0.970341383544822 0
1683 0 0 0 0 0 0.969683176422432 0
1684 0 0 0 0 0 0.969024969300043 0
1685 0 0 0 0 0 0.968338108882524 0
1686 0 0 0 0 0 0.967515349979534 0
1687 0 0 0 0 0 0.966692591076545 0
1688 0 0 0 0 0 0.965869832173555 0
1689 0 0 0 0 0 0.965616045845272 0
1690 0 0 0 0 0 0.965616045845272 0
1691 0 0 0 0 0 0.965616045845272 0
1692 0 0 0 0 0 0.965616045845272 0
1693 0 0 0 0 0 0.965616045845272 0
1694 0 0 0 0 0 0.965616045845272 0
1695 0 0 0 0 0 0.965616045845272 0
1696 0 0 0 0 0 0.965616045845272 0
1697 0 0 0 0 0 0.965616045845272 0
1698 0 0 0 0 0 0.965616045845272 0
1699 0 0 0 0 0 0.965616045845272 0
1700 0 0 0 0 0 0.965616045845272 0
1701 0 0 0 0 0 0.965616045845272 0
1702 0 0 0 0 0 0.966135898485468 0
1703 0 0 0 0 0 0.966958657388456 0
1704 0 0 0 0 0 0.967781416291443 0
1705 0 0 0 0 0 0.968481375358166 0
1706 0 0 0 0 0 0.968481375358166 0
1707 0 0 0 0 0 0.968481375358166 0
1708 0 0 0 0 0 0.968481375358166 0
1709 0 0 0 0 0 0.968481375358166 0
1710 0 0 0 0 0 0.968481375358166 0
1711 0 0 0 0 0 0.966654113794513 0
1712 0 0 0 0 0 0.964679492427344 0
1713 0 0 0 0 0 0.962704871060174 0
1714 0 0 0 0 0 0.960730249693004 0
1715 0 0 0 0 0 0.958473188702418 0
1716 0 0 0 0 0 0.956004911993449 0
1717 0 0 0 0 0 0.95353663528448 0
1718 0 0 0 0 0 0.95089643880473 0
1719 0 0 0 0 0 0.946508391322131 0
1720 0 0 0 0 0 0.942120343839532 0
1721 0 0 0 0 0 0.936684404420787 0
1722 0 0 0 0 0 0.930102333196888 0
1723 0 0 0 0 0 0.92513576204121 0
1724 0 0 0 0 0 0.92074771455861 0
1725 0 0 0 0 0 0.916291444944754 0
1726 0 0 0 0 0 0.91135489152683 0
1727 0 0 0 0 0 0.906628462273176 0
1728 0 0 0 0 0 0.90224041479056 0
1729 0 0 0 0 0 0.897852367307944 0
1730 0 0 0 0 0 0.89431027425296 0
1731 0 0 0 0 0 0.891019238641011 0
1732 0 0 0 0 0 0.887728203029062 0
1733 0 0 0 0 0 0.884437167417112 0
1734 0 0 0 0 0 0.882063037249285 0
1735 0 0 0 0 0 0.880966025378635 0
1736 0 0 0 0 0 0.879869013507986 0
1737 0 0 0 0 0 0.879656160458452 0
1738 0 0 0 0 0 0.879656160458452 0
1739 0 0 0 0 0 0.879656160458452 0
1740 0 0 0 0 0 0.880365670623556 0
1741 0 0 0 0 0 0.882559694364856 0
1742 0 0 0 0 0 0.884753718106155 0
1743 0 0 0 0 0 0.887142857142856 0
1744 0 0 0 0 0 0.889611133851818 0
1745 0 0 0 0 0 0.89207941056078 0
1746 0 0 0 0 0 0.894484922908986 0
1747 0 0 0 0 0 0.896678946650294 0
1748 0 0 0 0 0 0.898872970391602 0
1749 0 0 0 0 0 0.901743757675003 0
1750 0 0 0 0 0 0.905034793286952 0
1751 0 0 0 0 0 0.908317642243147 0
1752 0 0 0 0 0 0.909963160049121 0
1753 0 0 0 0 0 0.911608677855096 0
1754 0 0 0 0 0 0.91325419566107 0
1755 0 0 0 0 0 0.914899713467045 0
1756 0 0 0 0 0 0.916545231273019 0
1757 0 0 0 0 0 0.914334834220234 0
1758 0 0 0 0 0 0.911087460772285 0
1759 0 0 0 0 0 0.908893437030977 0
1760 0 0 0 0 0 0.906699413289669 0
1761 0 0 0 0 0 0.902627916496096 0
1762 0 0 0 0 0 0.896045845272197 0
1763 0 0 0 0 0 0.889463774048299 0
1764 0 0 0 0 0 0.882881702824401 0
1765 0 0 0 0 0 0.866966844044234 0
1766 0 0 0 0 0 0.855816618911206 0
1767 0 0 0 0 0 0.842652476463426 0
1768 0 0 0 0 0 0.824674580433983 0
1769 0 0 0 0 0 0.804928366762153 0
1770 0 0 0 0 0 0.787556283258232 0
1771 0 0 0 0 0 0.771101105198486 0
1772 0 0 0 0 0 0.74335652885792 0
1773 0 0 0 0 0 0.713417928776075 0
1774 0 0 0 0 0 0.678428162095795 0
1775 0 0 0 0 0 0.650429799426968 0
1776 0 0 0 0 0 0.622234957020131 0
1777 0 0 0 0 0 0.590970118706609 0
1778 0 0 0 0 0 0.549504707327246 0
1779 0 0 0 0 0 0.479999999999566 0
1780 0 0 0 0 0 0.467376176831693 0
1781 0 0 0 0 0 0.422480556692487 0
1782 0 0 0 0 0 0.396839950880006 0
1783 0 0 0 0 0 0.261318051575882 0
1784 0 0 0 0 0 0.282898076135907 0
1785 0 0 0 0 0 0.277200163733131 0
1786 0 0 0 0 0 0.195022513303478 0
1787 0 0 0 0 0 0.189766680311148 0
1788 0 0 0 0 0 0.169005321326315 0
1789 0 0 0 0 0 0.125599672533939 0
1790 0 0 0 0 0 0.125501432664714 0
1791 0 0 0 0 0 0.106901350798137 0
1792 0 0 0 0 0 0.0879901760130786 0
1793 0 0 0 0 0 0.0781170691772307 0
1794 0 0 0 0 0 0.0682439623413829 0
1795 0 0 0 0 0 0.0583708555055351 0
1796 0 0 0 0 0 0.0494883340155703 0
1797 0 0 0 0 0 0.0412607449856972 0
1798 0 0 0 0 0 0.0358657388457001 0
1799 0 0 0 0 0 0.0309291854277722 0
1800 0 0 0 0 0 0.02599263200982 0
1801 0 0 0 0 0 0.0223004502660607 0
1802 0 0 0 0 0 0.020654932460086 0
1803 0 0 0 0 0 0.017961522717965 0
1804 0 0 0 0 0 0.0146704871060157 0
1805 0 0 0 0 0 0.0114067403465696 0
1806 0 0 0 0 0 0.0092127166052701 0
1807 0 0 0 0 0 0.00701869286397058 0
1808 0 0 0 0 0 0.00527766407422778 0
1809 0 0 0 0 0 0.00418065220357382 0
1810 0 0 0 0 0 0.00308364033291986 0
1811 0 0 0 0 0 0.00286532951289398 0
1812 0 0 0 0 0 0.00286532951289398 0
1813 0 0 0 0 0 0.00286532951289398 0
1814 0 0 0 0 0 0.00286532951289398 0
1815 0 0 0 0 0 0.00265481550786486 0
1816 0 0 0 0 0 0.00218466756329989 0
1817 0 0 0 0 0 0.00171451961873492 0
1818 0 0 0 0 0 0.00124437167416995 0
1819 0 0 0 0 0 0.000774223729604978 0
1820 0 0 0 0 0 0.000304075785040006 0
1821 0 0 0 0 0 0 0
1822 0 0 0 0 0 0 0
1823 0 0 0 0 0 0 0
1824 0 0 0 0 0 0 0
1825 0 0 0 0 0 0 0
1826 0 0 0 0 0 0 0
1827 0 0 0 0 0 0 0
1828 0 0 0 0 0 0 0
1829 0 0 0 0 0 0 0
1830 0 0 0 0 0 0 0
1831 0 0 0 0 0 0 0
1832 0 0 0 0 0 0 0
1833 0 0 0 0 0 0 0
1834 0 0 0 0 0 0 0
1835 0 0 0 0 0 0 0
1836 0 0 0 0 0 0 0
1837 0 0 0 0 0 0 0
1838 0 0 0 0 0 0 0
1839 0 0 0 0 0 0 0
1840 0 0 0 0 0 0 0
1841 0 0 0 0 0 0 0
1842 0 0 0 0 0 0 0
1843 0 0 0 0 0 0 0
1844 0 0 0 0 0 0 0
1845 0 0 0 0 0 0 0
1846 0 0 0 0 0 0 0
1847 0 0 0 0 0 0 0
1848 0 0 0 0 0 0 0
1849 0 0 0 0 0 0 0
1850 0 0 0 0 0 0 0
1851 0 0 0 0 0 0 0
1852 0 0 0 0 0 0 0
1853 0 0 0 0 0 0 0
1854 0 0 0 0 0 0 0
1855 0 0 0 0 0 0 0
1856 0 0 0 0 0 0 0
1857 0 0 0 0 0 0 0
1858 0 0 0 0 0 0 0
1859 0 0 0 0 0 0 0
1860 0 0 0 0 0 0 0
1861 0 0 0 0 0 0 0
1862 0 0 0 0 0 0 0
1863 0 0 0 0 0 0 0
1864 0 0 0 0 0 0 0
1865 0 0 0 0 0 0 0
1866 0 0 0 0 0 0 0
1867 0 0 0 0 0 0 0
1868 0 0 0 0 0 0 0
1869 0 0 0 0 0 0 0
1870 0 0 0 0 0 0 0
1871 0 0 0 0 0 0 0
1872 0 0 0 0 0 0 0
1873 0 0 0 0 0 0 0
1874 0 0 0 0 0 0 0
1875 0 0 0 0 0 0 0
1876 0 0 0 0 0 0 0
1877 0 0 0 0 0 0 0
1878 0 0 0 0 0 0 0
1879 0 0 0 0 0 0 0
1880 0 0 0 0 0 0 0
1881 0 0 0 0 0 0 0
1882 0 0 0 0 0 0 0
1883 0 0 0 0 0 0 0
1884 0 0 0 0 0 0 0
1885 0 0 0 0 0 0 0
1886 0 0 0 0 0 0 0
1887 0 0 0 0 0 0 0
1888 0 0 0 0 0 0 0
1889 0 0 0 0 0 0 0
1890 0 0 0 0 0 0 0
1891 0 0 0 0 0 0 0
1892 0 0 0 0 0 0 0
1893 0 0 0 0 0 0 0
1894 0 0 0 0 0 0 0
1895 0 0 0 0 0 0 0
1896 0 0 0 0 0 0 0
1897 0 0 0 0 0 0 0
1898 0 0 0 0 0 0 0
1899 0 0 0 0 0 0 0
1900 0 0 0 0 0 0 0
1901 0 0 0 0 0 0 0
1902 0 0 0 0 0 0 0
1903 0 0 0 0 0 0 0
1904 0 0 0 0 0 0 0
1905 0 0 0 0 0 0 0
1906 0 0 0 0 0 0 0
1907 0 0 0 0 0 0 0
1908 0 0 0 0 0 0 0
1909 0 0 0 0 0 0 0
1910 0 0 0 0 0 0 0
1911 0 0 0 0 0 0 0
1912 0 0 0 0 0 0 0
1913 0 0 0 0 0 0 0
1914 0 0 0 0 0 0 0
1915 0 0 0 0 0 0 0
1916 0 0 0 0 0 0 0
1917 0 0 0 0 0 0 0
1918 0 0 0 0 0 0 0
1919 0 0 0 0 0 0 0
1920 0 0 0 0 0 0 0
1921 0 0 0 0 0 0 0
1922 0 0 0 0 0 0 0
1923 0 0 0 0 0 0 0
1924 0 0 0 0 0 0 0
1925 0 0 0 0 0 0 0
1926 0 0 0 0 0 0 0
1927 0 0 0 0 0 0 0
1928 0 0 0 0 0 0 0
1929 0 0 0 0 0 0 0
1930 0 0 0 0 0 0 0
1931 0 0 0 0 0 0 0
1932 0 0 0 0 0 0 0.000329523809522407
1933 0 0 0 0 0 0 0.000713333333332412
1934 0 0 0 0 0 0 0.00109714285714242
1935 0 0 0 0 0 0 0.00148095238095242
1936 0 0 0 0 0 0 0.00186476190476243
1937 0 0 0 0 0 0 0.00224857142857244
1938 0 0 0 0 0 0 0.00263238095238244
1939 0 0 0 0 0 0 0.00322590476190677
1940 0 0 0 0 0 0 0.00384000000000152
1941 0 0 0 0 0 0 0.00445409523809627
1942 0 0 0 0 0 0 0.00506819047619102
1943 0 0 0 0 0 0 0.00568228571428577
1944 0 0 0 0 0 0 0.00629638095238051
1945 0 0 0 0 0 0 0.00691047619047526
1946 0 0 0 0 0 0 0.00752457142857001
1947 0 0 0 0 0 0 0.00817333333333104
1948 0 0 0 0 0 0 0.00894095238094991
1949 0 0 0 0 0 0 0.00970857142856878
1950 0 0 0 0 0 0 0.0104761904761877
1951 0 0 0 0 0 0 0.0118209523809464
1952 0 0 0 0 0 0 0.0133561904761842
1953 0 0 0 0 0 0 0.014891428571422
1954 0 0 0 0 0 0 0.0165688888888803
1955 0 0 0 0 0 0 0.0186158730158659
1956 0 0 0 0 0 0 0.0206628571428516
1957 0 0 0 0 0 0 0.0227098412698373
1958 0 0 0 0 0 0 0.0247568253968229
1959 0 0 0 0 0 0 0.0269752380952366
1960 0 0 0 0 0 0 0.031580952380963
1961 0 0 0 0 0 0 0.0361866666666807
1962 0 0 0 0 0 0 0.0407923809523805
1963 0 0 0 0 0 0 0.0453980952380965
1964 0 0 0 0 0 0 0.0500038095238235
1965 0 0 0 0 0 0 0.058552380952389
1966 0 0 0 0 0 0 0.0677638095237876
1967 0 0 0 0 0 0 0.0804114285713665
1968 0 0 0 0 0 0 0.0830933333333284
1969 0 0 0 0 0 0 0.093219047619025
1970 0 0 0 0 0 0 0.106590476190511
1971 0 0 0 0 0 0 0.121257142857177
1972 0 0 0 0 0 0 0.133820952380943
1973 0 0 0 0 0 0 0.158872380952289
1974 0 0 0 0 0 0 0.172647619047723
1975 0 0 0 0 0 0 0.191999999999998
1976 0 0 0 0 0 0 0.206019047619002
1977 0 0 0 0 0 0 0.264639999999725
1978 0 0 0 0 0 0 0.291992380952745
1979 0 0 0 0 0 0 0.314537142857082
1980 0 0 0 0 0 0 0.358933333333374
1981 0 0 0 0 0 0 0.403009523809592
1982 0 0 0 0 0 0 0.444586666666606
1983 0 0 0 0 0 0 0.498506666666826
1984 0 0 0 0 0 0 0.549180952381052
1985 0 0 0 0 0 0 0.611466666666611
1986 0 0 0 0 0 0 0.651078095238169
1987 0 0 0 0 0 0 0.690994285714402
1988 0 0 0 0 0 0 0.730910476190471
1989 0 0 0 0 0 0 0.770826666666537
1990 0 0 0 0 0 0 0.82102857142864
1991 0 0 0 0 0 0 0.841843809523816
1992 0 0 0 0 0 0 0.854125714285684
1993 0 0 0 0 0 0 0.866859047618984
1994 0 0 0 0 0 0 0.881443809523784
1995 0 0 0 0 0 0 0.896028571428584
1996 0 0 0 0 0 0 0.910613333333384
1997 0 0 0 0 0 0 0.921318095238114
1998 0 0 0 0 0 0 0.930529523809515
1999 0 0 0 0 0 0 0.939561904761879
2000 0 0 0 0 0 0 0.94723809523809
2001 0 0 0 0 0 0 0.953165714285717
2002 0 0 0 0 0 0 0.956236190476193
2003 0 0 0 0 0 0 0.959306666666669
2004 0 0 0 0 0 0 0.962377142857145
2005 0 0 0 0 0 0 0.964752380952382
2006 0 0 0 0 0 0 0.967055238095238
2007 0 0 0 0 0 0 0.969358095238095
2008 0 0 0 0 0 0 0.971550476190476
2009 0 0 0 0 0 0 0.973597460317462
2010 0 0 0 0 0 0 0.975644444444448
2011 0 0 0 0 0 0 0.976634285714287
2012 0 0 0 0 0 0 0.977401904761906
2013 0 0 0 0 0 0 0.978169523809525
2014 0 0 0 0 0 0 0.978666666666667
2015 0 0 0 0 0 0 0.978666666666667
2016 0 0 0 0 0 0 0.978666666666667
2017 0 0 0 0 0 0 0.978666666666667
2018 0 0 0 0 0 0 0.977992380952382
2019 0 0 0 0 0 0 0.977224761904762
2020 0 0 0 0 0 0 0.976457142857143
2021 0 0 0 0 0 0 0.975586031746032
2022 0 0 0 0 0 0 0.97456253968254
2023 0 0 0 0 0 0 0.973539047619047
2024 0 0 0 0 0 0 0.971493333333331
2025 0 0 0 0 0 0 0.969190476190475
2026 0 0 0 0 0 0 0.966887619047618
2027 0 0 0 0 0 0 0.964667936507935
2028 0 0 0 0 0 0 0.96262095238095
2029 0 0 0 0 0 0 0.960573968253964
2030 0 0 0 0 0 0 0.960000000000001
2031 0 0 0 0 0 0 0.960000000000001
2032 0 0 0 0 0 0 0.960000000000001
2033 0 0 0 0 0 0 0.960000000000001
2034 0 0 0 0 0 0 0.960000000000001
2035 0 0 0 0 0 0 0.960000000000001
2036 0 0 0 0 0 0 0.960000000000001
2037 0 0 0 0 0 0 0.960592380952382
2038 0 0 0 0 0 0 0.961360000000001
2039 0 0 0 0 0 0 0.96212761904762
2040 0 0 0 0 0 0 0.962895238095239
2041 0 0 0 0 0 0 0.963662857142858
2042 0 0 0 0 0 0 0.964430476190477
2043 0 0 0 0 0 0 0.965198095238095
2044 0 0 0 0 0 0 0.965965714285714
2045 0 0 0 0 0 0 0.966733333333333
2046 0 0 0 0 0 0 0.967500952380952
2047 0 0 0 0 0 0 0.968358095238095
2048 0 0 0 0 0 0 0.969381587301587
2049 0 0 0 0 0 0 0.97040507936508
2050 0 0 0 0 0 0 0.971809523809524
2051 0 0 0 0 0 0 0.973344761904762
2052 0 0 0 0 0 0 0.97488
2053 0 0 0 0 0 0 0.976415238095239
2054 0 0 0 0 0 0 0.977950476190482
2055 0 0 0 0 0 0 0.979321904761911
2056 0 0 0 0 0 0 0.9805500952381
2057 0 0 0 0 0 0 0.98177828571429
2058 0 0 0 0 0 0 0.983006476190479
2059 0 0 0 0 0 0 0.984293333333336
2060 0 0 0 0 0 0 0.985828571428573
2061 0 0 0 0 0 0 0.987363809523811
2062 0 0 0 0 0 0 0.988899047619049
2063 0 0 0 0 0 0 0.98988380952381
2064 0 0 0 0 0 0 0.990651428571429
2065 0 0 0 0 0 0 0.991419047619048
2066 0 0 0 0 0 0 0.992000000000001
2067 0 0 0 0 0 0 0.992000000000001
2068 0 0 0 0 0 0 0.992518095238099
2069 0 0 0 0 0 0 0.993541587301588
2070 0 0 0 0 0 0 0.994565079365076
2071 0 0 0 0 0 0 0.995358095238092
2072 0 0 0 0 0 0 0.996125714285712
2073 0 0 0 0 0 0 0.996893333333331
2074 0 0 0 0 0 0 0.997333333333334
2075 0 0 0 0 0 0 0.997333333333334
2076 0 0 0 0 0 0 0.997333333333334
2077 0 0 0 0 0 0 0.997333333333334
2078 0 0 0 0 0 0 0.997333333333334
2079 0 0 0 0 0 0 0.997333333333334
2080 0 0 0 0 0 0 0.997066666666669
2081 0 0 0 0 0 0 0.99629904761905
2082 0 0 0 0 0 0 0.995531428571432
2083 0 0 0 0 0 0 0.994763809523812
2084 0 0 0 0 0 0 0.994666666666667
2085 0 0 0 0 0 0 0.994666666666667
2086 0 0 0 0 0 0 0.994666666666667
2087 0 0 0 0 0 0 0.994053333333338
2088 0 0 0 0 0 0 0.992518095238097
2089 0 0 0 0 0 0 0.989965714285709
2090 0 0 0 0 0 0 0.986895238095224
2091 0 0 0 0 0 0 0.985245714285708
2092 0 0 0 0 0 0 0.98371047619047
2093 0 0 0 0 0 0 0.982175238095232
2094 0 0 0 0 0 0 0.980639999999994
2095 0 0 0 0 0 0 0.979104761904756
2096 0 0 0 0 0 0 0.977569523809518
2097 0 0 0 0 0 0 0.97603428571428
2098 0 0 0 0 0 0 0.976
2099 0 0 0 0 0 0 0.976
2100 0 0 0 0 0 0 0.976
2101 0 0 0 0 0 0 0.975613333333332
2102 0 0 0 0 0 0 0.974845714285713
2103 0 0 0 0 0 0 0.974078095238094
2104 0 0 0 0 0 0 0.973310476190475
2105 0 0 0 0 0 0 0.972542857142856
2106 0 0 0 0 0 0 0.971775238095237
2107 0 0 0 0 0 0 0.971007619047618
2108 0 0 0 0 0 0 0.970239999999999
2109 0 0 0 0 0 0 0.969472380952381
2110 0 0 0 0 0 0 0.968704761904762
2111 0 0 0 0 0 0 0.967949714285715
2112 0 0 0 0 0 0 0.96733561904762
2113 0 0 0 0 0 0 0.966721523809525
2114 0 0 0 0 0 0 0.96610742857143
2115 0 0 0 0 0 0 0.965493333333335
2116 0 0 0 0 0 0 0.965333333333334
2117 0 0 0 0 0 0 0.965333333333334
2118 0 0 0 0 0 0 0.965230476190477
2119 0 0 0 0 0 0 0.964462857142859
2120 0 0 0 0 0 0 0.96369523809524
2121 0 0 0 0 0 0 0.962927619047621
2122 0 0 0 0 0 0 0.962160000000002
2123 0 0 0 0 0 0 0.961392380952383
2124 0 0 0 0 0 0 0.960624761904764
2125 0 0 0 0 0 0 0.960857142857135
2126 0 0 0 0 0 0 0.965462857142862
2127 0 0 0 0 0 0 0.968000000000001
2128 0 0 0 0 0 0 0.968000000000001
2129 0 0 0 0 0 0 0.968000000000001
2130 0 0 0 0 0 0 0.968000000000001
2131 0 0 0 0 0 0 0.968000000000001
2132 0 0 0 0 0 0 0.967756190476195
2133 0 0 0 0 0 0 0.966732698412702
2134 0 0 0 0 0 0 0.965709206349209
2135 0 0 0 0 0 0 0.965333333333334
2136 0 0 0 0 0 0 0.965333333333334
2137 0 0 0 0 0 0 0.965333333333334
2138 0 0 0 0 0 0 0.965333333333334
2139 0 0 0 0 0 0 0.965333333333334
2140 0 0 0 0 0 0 0.965148299319727
2141 0 0 0 0 0 0 0.964709659863945
2142 0 0 0 0 0 0 0.964271020408163
2143 0 0 0 0 0 0 0.96383238095238
2144 0 0 0 0 0 0 0.963393741496598
2145 0 0 0 0 0 0 0.962955102040816
2146 0 0 0 0 0 0 0.962035809523805
2147 0 0 0 0 0 0 0.960193523809521
2148 0 0 0 0 0 0 0.958351238095236
2149 0 0 0 0 0 0 0.956508952380952
2150 0 0 0 0 0 0 0.954666666666667
2151 0 0 0 0 0 0 0.954666666666667
2152 0 0 0 0 0 0 0.954666666666667
2153 0 0 0 0 0 0 0.954666666666667
2154 0 0 0 0 0 0 0.954666666666667
2155 0 0 0 0 0 0 0.954666666666667
2156 0 0 0 0 0 0 0.954666666666667
2157 0 0 0 0 0 0 0.954666666666667
2158 0 0 0 0 0 0 0.95424380952382
2159 0 0 0 0 0 0 0.951940952380963
2160 0 0 0 0 0 0 0.949638095238106
2161 0 0 0 0 0 0 0.947335238095249
2162 0 0 0 0 0 0 0.946666666666667
2163 0 0 0 0 0 0 0.946666666666667
2164 0 0 0 0 0 0 0.946666666666667
2165 0 0 0 0 0 0 0.946666666666667
2166 0 0 0 0 0 0 0.946666666666667
2167 0 0 0 0 0 0 0.946666666666667
2168 0 0 0 0 0 0 0.946666666666667
2169 0 0 0 0 0 0 0.947446349206351
2170 0 0 0 0 0 0 0.94846984126984
2171 0 0 0 0 0 0 0.949213333333337
2172 0 0 0 0 0 0 0.948445714285716
2173 0 0 0 0 0 0 0.947678095238095
2174 0 0 0 0 0 0 0.946910476190473
2175 0 0 0 0 0 0 0.948063492063498
2176 0 0 0 0 0 0 0.950110476190476
2177 0 0 0 0 0 0 0.952
2178 0 0 0 0 0 0 0.952
2179 0 0 0 0 0 0 0.952
2180 0 0 0 0 0 0 0.952
2181 0 0 0 0 0 0 0.952
2182 0 0 0 0 0 0 0.952
2183 0 0 0 0 0 0 0.953772698412702
2184 0 0 0 0 0 0 0.955819682539687
2185 0 0 0 0 0 0 0.957866666666673
2186 0 0 0 0 0 0 0.959913650793659
2187 0 0 0 0 0 0 0.961960634920645
2188 0 0 0 0 0 0 0.963169523809528
2189 0 0 0 0 0 0 0.963937142857147
2190 0 0 0 0 0 0 0.964704761904766
2191 0 0 0 0 0 0 0.965333333333334
2192 0 0 0 0 0 0 0.965333333333334
2193 0 0 0 0 0 0 0.965333333333334
2194 0 0 0 0 0 0 0.965333333333334
2195 0 0 0 0 0 0 0.965333333333334
2196 0 0 0 0 0 0 0.965333333333334
2197 0 0 0 0 0 0 0.965333333333334
2198 0 0 0 0 0 0 0.965333333333334
2199 0 0 0 0 0 0 0.965333333333334
2200 0 0 0 0 0 0 0.965714285714284
2201 0 0 0 0 0 0 0.966481904761903
2202 0 0 0 0 0 0 0.967249523809522
2203 0 0 0 0 0 0 0.968000000000001
2204 0 0 0 0 0 0 0.968000000000001
2205 0 0 0 0 0 0 0.968000000000001
2206 0 0 0 0 0 0 0.968000000000001
2207 0 0 0 0 0 0 0.96757904761905
2208 0 0 0 0 0 0 0.966811428571429
2209 0 0 0 0 0 0 0.966043809523808
2210 0 0 0 0 0 0 0.965241904761899
2211 0 0 0 0 0 0 0.96401371428571
2212 0 0 0 0 0 0 0.96278552380952
2213 0 0 0 0 0 0 0.961557333333331
2214 0 0 0 0 0 0 0.960329142857141
2215 0 0 0 0 0 0 0.958876190476189
2216 0 0 0 0 0 0 0.957340952380951
2217 0 0 0 0 0 0 0.955805714285713
2218 0 0 0 0 0 0 0.954508190476191
2219 0 0 0 0 0 0 0.953894095238096
2220 0 0 0 0 0 0 0.953280000000001
2221 0 0 0 0 0 0 0.952665904761906
2222 0 0 0 0 0 0 0.952051809523811
2223 0 0 0 0 0 0 0.951437714285715
2224 0 0 0 0 0 0 0.950823619047619
2225 0 0 0 0 0 0 0.950209523809523
2226 0 0 0 0 0 0 0.949595428571427
2227 0 0 0 0 0 0 0.948893333333331
2228 0 0 0 0 0 0 0.948125714285712
2229 0 0 0 0 0 0 0.947358095238093
2230 0 0 0 0 0 0 0.946666666666667
2231 0 0 0 0 0 0 0.946666666666667
2232 0 0 0 0 0 0 0.946666666666667
2233 0 0 0 0 0 0 0.946666666666667
2234 0 0 0 0 0 0 0.946666666666667
2235 0 0 0 0 0 0 0.946666666666667
2236 0 0 0 0 0 0 0.946681904761909
2237 0 0 0 0 0 0 0.947449523809528
2238 0 0 0 0 0 0 0.948217142857147
2239 0 0 0 0 0 0 0.948984761904766
2240 0 0 0 0 0 0 0.951009523809531
2241 0 0 0 0 0 0 0.954079999999998
2242 0 0 0 0 0 0 0.955908571428573
2243 0 0 0 0 0 0 0.957406984126987
2244 0 0 0 0 0 0 0.958430476190476
2245 0 0 0 0 0 0 0.959453968253965
2246 0 0 0 0 0 0 0.960954920634912
2247 0 0 0 0 0 0 0.963001904761898
2248 0 0 0 0 0 0 0.965048888888884
2249 0 0 0 0 0 0 0.967977142857142
2250 0 0 0 0 0 0 0.971047619047624
2251 0 0 0 0 0 0 0.974118095238091
2252 0 0 0 0 0 0 0.976
2253 0 0 0 0 0 0 0.976
2254 0 0 0 0 0 0 0.976
2255 0 0 0 0 0 0 0.978399999999998
2256 0 0 0 0 0 0 0.981470476190476
2257 0 0 0 0 0 0 0.984540952380955
2258 0 0 0 0 0 0 0.98761142857144
2259 0 0 0 0 0 0 0.989782857142861
2260 0 0 0 0 0 0 0.990806349206351
2261 0 0 0 0 0 0 0.99182984126984
2262 0 0 0 0 0 0 0.992853333333332
2263 0 0 0 0 0 0 0.993876825396824
2264 0 0 0 0 0 0 0.995017142857143
2265 0 0 0 0 0 0 0.996552380952385
2266 0 0 0 0 0 0 0.997710476190479
2267 0 0 0 0 0 0 0.998478095238098
2268 0 0 0 0 0 0 0.999245714285717
2269 0 0 0 0 0 0 0.99998222222222
2270 0 0 0 0 0 0 0.998958730158727
2271 0 0 0 0 0 0 0.997935238095234
2272 0 0 0 0 0 0 0.996911746031743
2273 0 0 0 0 0 0 0.995888253968254
2274 0 0 0 0 0 0 0.994864761904765
2275 0 0 0 0 0 0 0.993428571428577
2276 0 0 0 0 0 0 0.991893333333339
2277 0 0 0 0 0 0 0.990358095238101
2278 0 0 0 0 0 0 0.98831238095239
2279 0 0 0 0 0 0 0.985241904761906
2280 0 0 0 0 0 0 0.983390476190475
2281 0 0 0 0 0 0 0.982366984126983
2282 0 0 0 0 0 0 0.98134349206349
2283 0 0 0 0 0 0 0.97930666666666
2284 0 0 0 0 0 0 0.977259682539675
2285 0 0 0 0 0 0 0.974819047619038
2286 0 0 0 0 0 0 0.971748571428571
2287 0 0 0 0 0 0 0.964700952380978
2288 0 0 0 0 0 0 0.959078095238103
2289 0 0 0 0 0 0 0.954278095238088
2290 0 0 0 0 0 0 0.944533333333359
2291 0 0 0 0 0 0 0.934125714285723
2292 0 0 0 0 0 0 0.926643809523793
2293 0 0 0 0 0 0 0.912198095238117
2294 0 0 0 0 0 0 0.89592380952388
2295 0 0 0 0 0 0 0.872914285714238
2296 0 0 0 0 0 0 0.854262857142869
2297 0 0 0 0 0 0 0.832480000000078
2298 0 0 0 0 0 0 0.807222857142673
2299 0 0 0 0 0 0 0.765988571428583
2300 0 0 0 0 0 0 0.738285714285784
2301 0 0 0 0 0 0 0.662803809524185
2302 0 0 0 0 0 0 0.599085714285031
2303 0 0 0 0 0 0 0.566590476190571
2304 0 0 0 0 0 0 0.554560000000163
2305 0 0 0 0 0 0 0.503809523809236
2306 0 0 0 0 0 0 0.462080000000065
2307 0 0 0 0 0 0 0.449847619047518
2308 0 0 0 0 0 0 0.414476190476094
2309 0 0 0 0 0 0 0.375580952380976
2310 0 0 0 0 0 0 0.33196190476196
2311 0 0 0 0 0 0 0.298186666666565
2312 0 0 0 0 0 0 0.264411428571437
2313 0 0 0 0 0 0 0.233367619047618
2314 0 0 0 0 0 0 0.204198095238013
2315 0 0 0 0 0 0 0.183352380952368
2316 0 0 0 0 0 0 0.163906031746078
2317 0 0 0 0 0 0 0.14394666666672
2318 0 0 0 0 0 0 0.124799999999976
2319 0 0 0 0 0 0 0.109447619047645
2320 0 0 0 0 0 0 0.0960761904762038
2321 0 0 0 0 0 0 0.0837942857142651
2322 0 0 0 0 0 0 0.0761599999999807
2323 0 0 0 0 0 0 0.0689955555555302
2324 0 0 0 0 0 0 0.0612114285713989
2325 0 0 0 0 0 0 0.0526666666666658
2326 0 0 0 0 0 0 0.0449904761905003
2327 0 0 0 0 0 0 0.0383847619047766
2328 0 0 0 0 0 0 0.0322438095238089
2329 0 0 0 0 0 0 0.029051428571425
2330 0 0 0 0 0 0 0.0259809523809457
2331 0 0 0 0 0 0 0.0232736507936445
2332 0 0 0 0 0 0 0.021226666666659
2333 0 0 0 0 0 0 0.0191796825396734
2334 0 0 0 0 0 0 0.016365714285707
2335 0 0 0 0 0 0 0.0133206349206355
2336 0 0 0 0 0 0 0.0122971428571428
2337 0 0 0 0 0 0 0.0112736507936501
2338 0 0 0 0 0 0 0.00983365079364781
2339 0 0 0 0 0 0 0.00778666666666195
2340 0 0 0 0 0 0 0.00573968253967608
2341 0 0 0 0 0 0 0.00471809523809284
2342 0 0 0 0 0 0 0.00395047619047398
2343 0 0 0 0 0 0 0.00318285714285512
2344 0 0 0 0 0 0 0.00216380952380738
2345 0 0 0 0 0 0 0.000628571428574285
2346 0 0 0 0 0 0 0
2347 0 0 0 0 0 0 0
2348 0 0 0 0 0 0 0
2349 0 0 0 0 0 0 0
2350 0 0 0 0 0 0 0
2351 0 0 0 0 0 0 0
2352 0 0 0 0 0 0 0
2353 0 0 0 0 0 0 0
2354 0 0 0 0 0 0 0
2355 0 0 0 0 0 0 0
2356 0 0 0 0 0 0 0
2357 0 0 0 0 0 0 0
2358 0 0 0 0 0 0 0
2359 0 0 0 0 0 0 0
2360 0 0 0 0 0 0 0
2361 0 0 0 0 0 0 0
2362 0 0 0 0 0 0 0
2363 0 0 0 0 0 0 0
2364 0 0 0 0 0 0 0
2365 0 0 0 0 0 0 0
2366 0 0 0 0 0 0 0
2367 0 0 0 0 0 0 0
2368 0 0 0 0 0 0 0
2369 0 0 0 0 0 0 0
2370 0 0 0 0 0 0 0
2371 0 0 0 0 0 0 0
2372 0 0 0 0 0 0 0
2373 0 0 0 0 0 0 0
2374 0 0 0 0 0 0 0
2375 0 0 0 0 0 0 0
2376 0 0 0 0 0 0 0
2377 0 0 0 0 0 0 0
2378 0 0 0 0 0 0 0
2379 0 0 0 0 0 0 0
2380 0 0 0 0 0 0 0
2381 0 0 0 0 0 0 0
2382 0 0 0 0 0 0 0
2383 0 0 0 0 0 0 0
2384 0 0 0 0 0 0 0
2385 0 0 0 0 0 0 0
2386 0 0 0 0 0 0 0
2387 0 0 0 0 0 0 0
2388 0 0 0 0 0 0 0
2389 0 0 0 0 0 0 0
2390 0 0 0 0 0 0 0
2391 0 0 0 0 0 0 0
2392 0 0 0 0 0 0 0
2393 0 0 0 0 0 0 0
2394 0 0 0 0 0 0 0
2395 0 0 0 0 0 0 0
2396 0 0 0 0 0 0 0
2397 0 0 0 0 0 0 0
2398 0 0 0 0 0 0 0
2399 0 0 0 0 0 0 0
2400 0 0 0 0 0 0 0
2401 0 0 0 0 0 0 0
2402 0 0 0 0 0 0 0
2403 0 0 0 0 0 0 0
2404 0 0 0 0 0 0 0
2405 0 0 0 0 0 0 0
2406 0 0 0 0 0 0 0
2407 0 0 0 0 0 0 0
2408 0 0 0 0 0 0 0
2409 0 0 0 0 0 0 0
2410 0 0 0 0 0 0 0
2411 0 0 0 0 0 0 0
2412 0 0 0 0 0 0 0
2413 0 0 0 0 0 0 0
2414 0 0 0 0 0 0 0
2415 0 0 0 0 0 0 0
2416 0 0 0 0 0 0 0
2417 0 0 0 0 0 0 0
2418 0 0 0 0 0 0 0
2419 0 0 0 0 0 0 0
2420 0 0 0 0 0 0 0
2421 0 0 0 0 0 0 0
2422 0 0 0 0 0 0 0
2423 0 0 0 0 0 0 0
2424 0 0 0 0 0 0 0
2425 0 0 0 0 0 0 0
2426 0 0 0 0 0 0 0
2427 0 0 0 0 0 0 0
2428 0 0 0 0 0 0 0
2429 0 0 0 0 0 0 0
2430 0 0 0 0 0 0 0
2431 0 0 0 0 0 0 0
2432 0 0 0 0 0 0 0
2433 0 0 0 0 0 0 0
2434 0 0 0 0 0 0 0
2435 0 0 0 0 0 0 0
2436 0 0 0 0 0 0 0
2437 0 0 0 0 0 0 0
2438 0 0 0 0 0 0 0
2439 0 0 0 0 0 0 0
2440 0 0 0 0 0 0 0
2441 0 0 0 0 0 0 0
2442 0 0 0 0 0 0 0
2443 0 0 0 0 0 0 0
2444 0 0 0 0 0 0 0
2445 0 0 0 0 0 0 0
2446 0 0 0 0 0 0 0
2447 0 0 0 0 0 0 0
2448 0 0 0 0 0 0 0
2449 0 0 0 0 0 0 0
2450 0 0 0 0 0 0 0
2451 0 0 0 0 0 0 0
2452 0 0 0 0 0 0 0
2453 0 0 0 0 0 0 0
2454 0 0 0 0 0 0 0
2455 0 0 0 0 0 0 0
2456 0 0 0 0 0 0 0
2457 0 0 0 0 0 0 0
2458 0 0 0 0 0 0 0
2459 0 0 0 0 0 0 0
2460 0 0 0 0 0 0 0
2461 0 0 0 0 0 0 0
2462 0 0 0 0 0 0 0
2463 0 0 0 0 0 0 0
2464 0 0 0 0 0 0 0
2465 0 0 0 0 0 0 0
2466 0 0 0 0 0 0 0
2467 0 0 0 0 0 0 0
2468 0 0 0 0 0 0 0
2469 0 0 0 0 0 0 0
2470 0 0 0 0 0 0 0
2471 0 0 0 0 0 0 0
2472 0 0 0 0 0 0 0
2473 0 0 0 0 0 0 0
2474 0 0 0 0 0 0 0
2475 0 0 0 0 0 0 0
2476 0 0 0 0 0 0 0
2477 0 0 0 0 0 0 0
2478 0 0 0 0 0 0 0
2479 0 0 0 0 0 0 0
2480 0 0 0 0 0 0 0
2481 0 0 0 0 0 0 0
2482 0 0 0 0 0 0 0
2483 0 0 0 0 0 0 0
2484 0 0 0 0 0 0 0
2485 0 0 0 0 0 0 0
2486 0 0 0 0 0 0 0
2487 0 0 0 0 0 0 0
2488 0 0 0 0 0 0 0
2489 0 0 0 0 0 0 0
2490 0 0 0 0 0 0 0
2491 0 0 0 0 0 0 0
2492 0 0 0 0 0 0 0
2493 0 0 0 0 0 0 0
2494 0 0 0 0 0 0 0
2495 0 0 0 0 0 0 0
2496 0 0 0 0 0 0 0
2497 0 0 0 0 0 0 0
2498 0 0 0 0 0 0 0
2499 0 0 0 0 0 0 0
2500 0 0 0 0 0 0 0
