# Aperture radius = 15.5 pixels (Full_aperture_diameter = 2 * Aperture_radius)
#          Lambda(A)                Flux
       5159.99119922        1.708888E+04
       5162.00487109        1.683411E+04
       5164.02049609        1.629986E+04
       5166.03660937        1.550596E+04
       5168.05272266        1.462653E+04
       5170.07127734        1.382511E+04
       5172.09032031        1.335159E+04
       5174.10838672        1.321024E+04
       5176.12742969        1.325129E+04
       5178.14793750        1.344040E+04
       5180.16991016        1.370966E+04
       5182.18992969        1.408460E+04
       5184.21385547        1.454482E+04
       5186.23729297        1.517365E+04
       5188.26073047        1.601459E+04
       5190.28465625        1.682399E+04
       5192.31004687        1.758567E+04
       5194.33543750        1.808295E+04
       5196.36180469        1.827175E+04
       5198.39012500        1.832423E+04
       5200.41746875        1.794781E+04
       5202.44627734        1.728581E+04
       5204.47557422        1.653120E+04
       5206.50584766        1.605761E+04
       5208.53660937        1.612653E+04
       5210.56785937        1.695828E+04
       5212.59959766        1.839276E+04
       5214.63280078        2.011540E+04
       5216.66649219        2.164879E+04
       5218.69920703        2.269978E+04
       5220.73533984        2.326538E+04
       5222.77147266        2.346987E+04
       5224.80662891        2.349245E+04
       5226.84422656        2.336754E+04
       5228.88231250        2.342736E+04
       5230.91991016        2.378138E+04
       5232.95897266        2.443516E+04
       5234.99901172        2.517085E+04
       5237.04051562        2.570493E+04
       5239.08006641        2.607982E+04
       5241.12352344        2.632230E+04
       5243.16502734        2.628527E+04
       5245.20799609        2.606889E+04
       5247.25242969        2.581148E+04
       5249.29686328        2.561994E+04
       5251.34227344        2.550900E+04
       5253.38768359        2.550286E+04
       5255.43553516        2.550533E+04
       5257.48241016        2.523536E+04
       5259.53026172        2.485622E+04
       5261.57957812        2.404710E+04
       5263.62889453        2.294483E+04
       5265.67918750        2.200446E+04
       5267.72996875        2.141921E+04
       5269.78123828        2.152586E+04
       5271.83348437        2.228135E+04
       5273.88573047        2.338862E+04
       5275.94041797        2.471302E+04
       5277.99461719        2.585139E+04
       5280.04979297        2.674501E+04
       5282.10496875        2.735100E+04
       5284.16160937        2.779041E+04
       5286.21873828        2.818257E+04
       5288.27635547        2.857497E+04
       5290.33543750        2.889945E+04
       5292.39403125        2.876070E+04
       5294.45457812        2.839634E+04
       5296.51414844        2.802647E+04
       5298.57616016        2.774694E+04
       5300.63817187        2.775347E+04
       5302.70018359        2.823353E+04
       5304.76414844        2.905636E+04
       5306.82811328        2.988223E+04
       5308.89354297        3.059122E+04
       5310.95799609        3.098302E+04
       5313.02391406        3.120986E+04
       5315.09129687        3.120053E+04
       5317.15867969        3.098860E+04
       5319.22801562        3.057966E+04
       5321.29539844        2.990868E+04
       5323.36522266        2.899877E+04
       5325.43602344        2.810653E+04
       5327.50682422        2.752255E+04
       5329.57908984        2.737413E+04
       5331.65086719        2.763831E+04
       5333.72459766        2.836753E+04
       5335.79832812        2.906273E+04
       5337.87205859        2.953941E+04
       5339.94823047        2.972473E+04
       5342.02342578        2.966501E+04
       5344.10008594        2.966672E+04
       5346.17772266        2.994826E+04
       5348.25535937        3.047492E+04
       5350.33446094        3.119955E+04
       5352.41307422        3.214672E+04
       5354.49364062        3.316888E+04
       5356.57371875        3.404161E+04
       5358.65575000        3.453264E+04
       5360.73729297        3.466070E+04
       5362.82030078        3.444366E+04
       5364.90428516        3.388978E+04
       5366.98778125        3.319904E+04
       5369.07323047        3.264707E+04
       5371.15819141        3.249283E+04
       5373.24510547        3.274274E+04
       5375.33153125        3.344386E+04
       5377.41893359        3.443219E+04
       5379.50731250        3.543216E+04
       5381.59666797        3.600598E+04
       5383.68651172        3.622445E+04
       5385.77684375        3.620049E+04
       5387.86815234        3.586967E+04
       5389.95994922        3.537350E+04
       5392.05223437        3.481317E+04
       5394.14549609        3.413774E+04
       5396.23924609        3.358582E+04
       5398.33446094        3.318205E+04
       5400.42967578        3.293259E+04
       5402.52489062        3.275431E+04
       5404.62205859        3.260966E+04
       5406.71922656        3.255766E+04
       5408.81785937        3.273954E+04
       5410.91600391        3.339661E+04
       5413.01561328        3.467431E+04
       5415.11619922        3.602534E+04
       5417.21580859        3.716939E+04
       5419.31834766        3.795585E+04
       5421.42039844        3.819287E+04
       5423.52342578        3.796036E+04
       5425.62694141        3.742891E+04
       5427.73192187        3.673114E+04
       5429.83641406        3.595399E+04
       5431.94188281        3.536127E+04
       5434.04832812        3.534430E+04
       5436.15526172        3.578848E+04
       5438.26366016        3.652701E+04
       5440.37157031        3.722998E+04
       5442.48143359        3.750203E+04
       5444.59080859        3.714328E+04
       5446.70116016        3.652059E+04
       5448.81248828        3.581347E+04
       5450.92430469        3.530689E+04
       5453.03758594        3.522120E+04
       5455.15086719        3.550977E+04
       5457.26463672        3.578227E+04
       5459.37938281        3.616132E+04
       5461.49461719        3.672229E+04
       5463.61082812        3.721028E+04
       5465.72703906        3.764631E+04
       5467.84520312        3.795477E+04
       5469.96336719        3.810684E+04
       5472.08250781        3.808735E+04
       5474.20164844        3.791366E+04
       5476.32274219        3.780892E+04
       5478.44334766        3.777928E+04
       5480.56444141        3.804109E+04
       5482.68748828        3.853507E+04
       5484.81004687        3.901844E+04
       5486.93407031        3.946690E+04
       5489.05858203        3.997115E+04
       5491.18309375        4.023129E+04
       5493.31004687        4.026980E+04
       5495.43553516        4.013245E+04
       5497.56346484        3.985598E+04
       5499.69139453        3.945416E+04
       5501.81932422        3.913756E+04
       5503.94920703        3.896787E+04
       5506.07860156        3.878954E+04
       5508.20994922        3.862994E+04
       5510.34129687        3.849477E+04
       5512.47313281        3.850318E+04
       5514.60643359        3.870195E+04
       5516.73973437        3.932164E+04
       5518.87352344        4.038155E+04
       5521.00828906        4.142713E+04
       5523.14354297        4.214012E+04
       5525.28075000        4.242006E+04
       5527.41746875        4.242471E+04
       5529.55516406        4.236593E+04
       5531.69285937        4.244679E+04
       5533.83250781        4.274408E+04
       5535.97166797        4.301867E+04
       5538.11180469        4.332048E+04
       5540.25340625        4.356576E+04
       5542.39549609        4.383191E+04
       5544.53807422        4.405440E+04
       5546.68114062        4.425595E+04
       5548.82469531        4.454649E+04
       5550.96971484        4.480831E+04
       5553.11473437        4.494845E+04
       5555.26073047        4.494750E+04
       5557.40770312        4.470044E+04
       5559.55467578        4.430562E+04
       5561.70262500        4.383359E+04
       5563.85203906        4.335171E+04
       5566.00096484        4.287981E+04
       5568.15135547        4.259854E+04
       5570.30223437        4.259221E+04
       5572.45311328        4.289439E+04
       5574.60594531        4.332040E+04
       5576.75877734        4.369327E+04
       5578.91209766        4.381511E+04
       5581.06639453        4.347823E+04
       5583.22117969        4.269568E+04
       5585.37742969        4.162438E+04
       5587.53319141        4.064203E+04
       5589.69090625        3.989671E+04
       5591.84862109        3.959597E+04
       5594.00682422        3.977753E+04
       5596.16551562        4.002093E+04
       5598.32567187        4.033238E+04
       5600.48631641        4.086832E+04
       5602.64744922        4.165663E+04
       5604.80955859        4.270803E+04
       5606.97215625        4.393518E+04
       5609.13475391        4.471297E+04
       5611.30028125        4.496508E+04
       5613.46385547        4.467358E+04
       5615.62938281        4.420885E+04
       5617.79539844        4.386675E+04
       5619.96239062        4.384946E+04
       5622.12987109        4.417299E+04
       5624.29881641        4.473125E+04
       5626.46727344        4.526562E+04
       5628.63621875        4.575128E+04
       5630.80711719        4.633123E+04
       5632.97752734        4.688498E+04
       5635.14940234        4.725729E+04
       5637.32225391        4.740580E+04
       5639.49559375        4.745369E+04
       5641.66844531        4.747840E+04
       5643.84276172        4.747628E+04
       5646.01854297        4.766703E+04
       5648.19432422        4.808596E+04
       5650.37059375        4.837177E+04
       5652.54832812        4.853652E+04
       5654.72606250        4.850704E+04
       5656.90379687        4.824316E+04
       5659.08397266        4.787383E+04
       5661.26414844        4.766172E+04
       5663.44432422        4.777694E+04
       5665.62596484        4.814841E+04
       5667.80809375        4.853799E+04
       5669.98973437        4.888438E+04
       5672.17430469        4.919105E+04
       5674.35789844        4.945685E+04
       5676.54295703        4.966464E+04
       5678.72850391        4.975605E+04
       5680.91453906        4.952176E+04
       5683.10155078        4.914312E+04
       5685.28953906        4.904678E+04
       5687.47703906        4.916981E+04
       5689.66600391        4.953100E+04
       5691.85594531        4.991115E+04
       5694.04637500        5.027786E+04
       5696.23778125        5.038314E+04
       5698.42967578        5.013064E+04
       5700.62205859        4.982140E+04
       5702.81444141        4.956720E+04
       5705.00877734        4.933418E+04
       5707.20311328        4.920280E+04
       5709.39842578        4.930975E+04
       5711.59520312        4.967121E+04
       5713.79198047        5.031798E+04
       5715.98778125        5.123227E+04
       5718.18651172        5.209359E+04
       5720.38524219        5.261820E+04
       5722.58446094        5.286888E+04
       5724.78514453        5.288876E+04
       5726.98582812        5.279922E+04
       5729.18700000        5.280151E+04
       5731.38963672        5.298247E+04
       5733.59227344        5.337139E+04
       5735.79588672        5.376074E+04
       5737.99998828        5.410765E+04
       5740.20506641        5.442740E+04
       5742.41063281        5.469691E+04
       5744.61717578        5.489628E+04
       5746.82420703        5.510984E+04
       5749.03221484        5.539376E+04
       5751.24022266        5.558633E+04
       5753.44969531        5.561979E+04
       5755.65965625        5.566383E+04
       5757.87010547        5.564468E+04
       5760.08104297        5.547853E+04
       5762.29295703        5.534568E+04
       5764.50535937        5.532462E+04
       5766.71825000        5.546994E+04
       5768.93260547        5.582199E+04
       5771.14793750        5.596268E+04
       5773.36326953        5.583088E+04
       5775.57908984        5.546382E+04
       5777.79588672        5.493290E+04
       5780.01317187        5.437788E+04
       5782.23143359        5.398456E+04
       5784.45067187        5.387118E+04
       5786.66991016        5.415726E+04
       5788.89012500        5.484839E+04
       5791.11082812        5.572805E+04
       5793.33250781        5.666322E+04
       5795.55565234        5.756365E+04
       5797.77830859        5.824810E+04
       5800.00194141        5.868812E+04
       5802.22606250        5.899557E+04
       5804.45164844        5.918746E+04
       5806.67674609        5.919933E+04
       5808.90330859        5.914477E+04
       5811.13084766        5.911378E+04
       5813.35838672        5.903539E+04
       5815.58787891        5.902384E+04
       5817.81639453        5.902136E+04
       5820.04686328        5.913965E+04
       5822.27733203        5.936977E+04
       5824.50828906        5.955813E+04
       5826.74022266        5.970419E+04
       5828.97313281        5.997710E+04
       5831.20701953        6.003262E+04
       5833.44041797        6.007806E+04
       5835.67479297        6.020150E+04
       5837.91112109        6.032299E+04
       5840.14744922        6.026044E+04
       5842.38426562        6.018237E+04
       5844.62205859        6.003449E+04
       5846.85936328        5.962349E+04
       5849.09862109        5.889796E+04
       5851.33787891        5.790201E+04
       5853.57957812        5.685622E+04
       5855.82030078        5.600309E+04
       5858.06151172        5.557357E+04
       5860.30467578        5.544552E+04
       5862.54686328        5.572431E+04
       5864.79149219        5.595516E+04
       5867.03612109        5.604156E+04
       5869.28123828        5.593452E+04
       5871.52733203        5.562676E+04
       5873.77342578        5.487237E+04
       5876.02147266        5.336276E+04
       5878.26854297        5.114108E+04
       5880.51756641        4.790987E+04
       5882.76658984        4.373119E+04
       5885.01707812        3.887201E+04
       5887.26756641        3.395279E+04
       5889.51903125        2.981549E+04
       5891.77049609        2.758062E+04
       5894.02342578        2.769786E+04
       5896.27635547        3.025948E+04
       5898.52977344        3.449647E+04
       5900.78465625        3.951850E+04
       5903.03905078        4.458861E+04
       5905.29491016        4.884027E+04
       5907.55076953        5.175007E+04
       5909.80809375        5.359190E+04
       5912.06541797        5.477453E+04
       5914.32274219        5.561869E+04
       5916.58201953        5.619229E+04
       5918.84080859        5.673758E+04
       5921.10057422        5.730369E+04
       5923.36180469        5.781539E+04
       5925.62254687        5.828443E+04
       5927.88377734        5.871301E+04
       5930.14598437        5.909610E+04
       5932.40916797        5.951070E+04
       5934.67235156        5.981988E+04
       5936.93700000        6.017868E+04
       5939.20164844        6.050909E+04
       5941.46629687        6.082047E+04
       5943.73289844        6.109030E+04
       5945.99852344        6.116724E+04
       5948.26658984        6.110182E+04
       5950.53465625        6.088253E+04
       5952.80272266        6.071929E+04
       5955.07176562        6.078721E+04
       5957.34178516        6.108682E+04
       5959.61131641        6.140752E+04
       5961.88231250        6.171892E+04
       5964.15379687        6.203283E+04
       5966.42625781        6.227312E+04
       5968.69823047        6.247621E+04
       5970.97166797        6.247403E+04
       5973.24559375        6.235615E+04
       5975.52049609        6.212359E+04
       5977.79539844        6.196373E+04
       5980.07127734        6.197920E+04
       5982.34764453        6.222920E+04
       5984.62498828        6.257403E+04
       5986.90184375        6.305166E+04
       5989.18016406        6.362561E+04
       5991.45848437        6.414659E+04
       5993.73826953        6.448822E+04
       5996.01854297        6.456412E+04
       5998.29930469        6.435572E+04
       6000.57957812        6.403291E+04
       6002.86278125        6.376666E+04
       6005.14451953        6.369051E+04
       6007.42772266        6.371397E+04
       6009.71141406        6.372284E+04
       6011.99559375        6.379766E+04
       6014.28026172        6.385149E+04
       6016.56639453        6.390330E+04
       6018.85203906        6.398529E+04
       6021.13866016        6.439851E+04
       6023.42625781        6.515576E+04
       6025.71434375        6.605826E+04
       6028.00242969        6.697510E+04
       6030.29198047        6.780329E+04
       6032.58201953        6.822085E+04
       6034.87205859        6.829090E+04
       6037.16307422        6.841125E+04
       6039.45506641        6.853969E+04
       6041.74705859        6.892886E+04
       6044.04002734        6.948566E+04
       6046.33397266        6.992766E+04
       6048.62791797        6.999513E+04
       6050.92235156        6.984205E+04
       6053.21776172        6.962869E+04
       6055.51366016        6.933203E+04
       6057.81004687        6.911521E+04
       6060.10692187        6.887817E+04
       6062.40526172        6.883946E+04
       6064.70311328        6.908826E+04
       6067.00242969        6.950856E+04
       6069.30223437        7.016715E+04
       6071.60301562        7.083146E+04
       6073.90233203        7.104384E+04
       6076.20408984        7.088773E+04
       6078.50584766        7.054975E+04
       6080.80907031        7.015742E+04
       6083.11229297        7.000043E+04
       6085.41698047        6.991899E+04
       6087.72069141        6.996342E+04
       6090.02586719        7.008961E+04
       6092.33153125        7.009292E+04
       6094.63866016        6.979671E+04
       6096.94481250        6.903846E+04
       6099.25194141        6.799239E+04
       6101.56053516        6.727430E+04
       6103.86961719        6.720874E+04
       6106.17869922        6.806108E+04
       6108.48875781        6.944159E+04
       6110.79930469        7.032021E+04
       6113.11033984        7.024345E+04
       6115.42186328        6.896180E+04
       6117.73533984        6.675441E+04
       6120.04832812        6.495917E+04
       6122.36180469        6.417479E+04
       6124.67625781        6.514747E+04
       6126.99071094        6.743673E+04
       6129.30614062        6.938161E+04
       6131.62303516        7.013834E+04
       6133.93944141        6.988085E+04
       6136.25633594        6.953642E+04
       6138.57469531        6.962605E+04
       6140.89305469        7.032434E+04
       6143.21287891        7.124451E+04
       6145.53221484        7.171026E+04
       6147.85252734        7.153530E+04
       6150.17332812        7.077884E+04
       6152.49510547        6.926855E+04
       6154.81737109        6.690783E+04
       6157.13963672        6.332155E+04
       6159.46385547        5.956448E+04
       6161.78807422        5.669682E+04
       6164.11278125        5.550944E+04
       6166.43797656        5.652533E+04
       6168.76366016        5.911001E+04
       6171.09032031        6.172342E+04
       6173.41698047        6.428646E+04
       6175.74510547        6.651299E+04
       6178.07323047        6.781904E+04
       6180.40233203        6.840732E+04
       6182.73143359        6.807919E+04
       6185.06200000        6.719919E+04
       6187.39256641        6.619685E+04
       6189.72410937        6.537623E+04
       6192.05614062        6.516728E+04
       6194.38914844        6.547002E+04
       6196.72264453        6.620991E+04
       6199.05662891        6.705858E+04
       6201.39110156        6.772516E+04
       6203.72606250        6.807678E+04
       6206.06248828        6.802668E+04
       6208.39744922        6.724179E+04
       6210.73485156        6.587033E+04
       6213.07225391        6.432440E+04
       6215.40965625        6.303284E+04
       6217.74950000        6.221017E+04
       6220.08885547        6.202875E+04
       6222.42821094        6.186418E+04
       6224.76951953        6.165062E+04
       6227.11082812        6.141074E+04
       6229.45262500        6.142208E+04
       6231.79393359        6.172371E+04
       6234.13719531        6.211352E+04
       6236.48143359        6.242852E+04
       6238.82567187        6.240284E+04
       6241.16991016        6.235220E+04
       6243.51561328        6.249705E+04
       6245.86180469        6.292441E+04
       6248.20848437        6.325921E+04
       6250.55662891        6.313652E+04
       6252.90379687        6.263056E+04
       6255.25291797        6.203589E+04
       6257.60155078        6.208579E+04
       6259.95116016        6.287036E+04
       6262.30174609        6.415936E+04
       6264.65330859        6.564479E+04
       6267.00487109        6.669397E+04
       6269.35643359        6.714629E+04
       6271.70994922        6.721652E+04
       6274.06297656        6.714990E+04
       6276.41698047        6.708039E+04
       6278.77147266        6.733789E+04
       6281.12694141        6.800980E+04
       6283.48338672        6.897973E+04
       6285.83983203        6.999376E+04
       6288.19627734        7.049684E+04
       6290.55467578        7.045728E+04
       6292.91209766        7.000786E+04
       6295.27244922        6.961939E+04
       6297.63182422        6.957237E+04
       6299.99119922        6.981893E+04
       6302.35252734        7.038459E+04
       6304.71336719        7.122784E+04
       6307.07567187        7.203824E+04
       6309.43846484        7.282005E+04
       6311.80076953        7.333107E+04
       6314.16551562        7.349306E+04
       6316.52977344        7.369486E+04
       6318.89549609        7.414136E+04
       6321.26073047        7.477591E+04
       6323.62694141        7.554095E+04
       6325.99412891        7.618619E+04
       6328.36082812        7.655965E+04
       6330.72948047        7.681257E+04
       6333.09813281        7.697888E+04
       6335.46678516        7.704810E+04
       6337.83739062        7.709376E+04
       6340.20701953        7.741271E+04
       6342.57860156        7.800323E+04
       6344.94969531        7.862848E+04
       6347.32176562        7.911898E+04
       6349.69383594        7.929103E+04
       6352.06639453        7.900178E+04
       6354.44041797        7.796701E+04
       6356.81444141        7.669344E+04
       6359.18944141        7.566881E+04
       6361.56541797        7.533482E+04
       6363.94090625        7.561988E+04
       6366.31785937        7.640678E+04
       6368.69432422        7.715885E+04
       6371.07176562        7.746526E+04
       6373.45018359        7.699075E+04
       6375.82860156        7.597247E+04
       6378.20750781        7.486628E+04
       6380.58739062        7.403178E+04
       6382.96825000        7.358793E+04
       6385.34813281        7.380535E+04
       6387.72996875        7.417812E+04
       6390.11229297        7.461531E+04
       6392.49412891        7.535086E+04
       6394.87742969        7.620427E+04
       6397.26073047        7.709984E+04
       6399.64500781        7.817305E+04
       6402.03026172        7.916685E+04
       6404.41551562        8.003150E+04
       6406.80125781        8.073565E+04
       6409.18797656        8.110625E+04
       6411.57420703        8.146153E+04
       6413.96190234        8.171496E+04
       6416.35008594        8.199377E+04
       6418.73924609        8.241088E+04
       6421.12791797        8.279314E+04
       6423.51805469        8.325540E+04
       6425.90819141        8.357434E+04
       6428.29832812        8.352442E+04
       6430.69041797        8.304273E+04
       6433.08201953        8.224265E+04
       6435.47459766        8.151349E+04
       6437.86766406        8.149559E+04
       6440.26121875        8.213552E+04
       6442.65575000        8.319221E+04
       6445.05125781        8.407908E+04
       6447.44530078        8.426735E+04
       6449.84080859        8.427313E+04
       6452.23778125        8.447684E+04
       6454.63524219        8.523062E+04
       6457.03221484        8.516068E+04
       6459.43065234        8.442505E+04
       6461.82908984        8.412541E+04
       6464.22850391        8.454303E+04
       6466.62791797        8.572093E+04
       6469.02782031        8.715588E+04
       6471.42918750        8.818532E+04
       6473.83006641        8.902541E+04
       6476.23241016        8.956186E+04
       6478.63524219        8.982557E+04
       6481.03807422        8.980488E+04
       6483.44139453        8.952132E+04
       6485.84569141        8.885153E+04
       6488.24998828        8.727662E+04
       6490.65575000        8.498932E+04
       6493.06151172        8.279609E+04
       6495.46776172        8.193832E+04
       6497.87450000        8.307275E+04
       6500.28221484        8.557126E+04
       6502.69090625        8.828091E+04
       6505.09910937        9.022386E+04
       6507.50828906        9.139653E+04
       6509.91795703        9.200962E+04
       6512.32811328        9.247674E+04
       6514.73973437        9.287036E+04
       6517.15135547        9.323628E+04
       6519.56248828        9.367979E+04
       6521.97557422        9.416212E+04
       6524.38817187        9.460708E+04
       6526.80174609        9.492145E+04
       6529.21532031        9.505783E+04
       6531.63084766        9.537802E+04
       6534.04637500        9.567443E+04
       6536.46239062        9.587894E+04
       6538.87840625        9.586400E+04
       6541.29491016        9.534313E+04
       6543.71239062        9.457492E+04
       6546.13035937        9.404305E+04
       6548.54881641        9.363312E+04
       6550.96825000        9.326373E+04
       6553.38817187        9.290844E+04
       6555.80858203        9.227472E+04
       6558.22948047        9.142371E+04
       6560.65086719        9.087246E+04
       6563.07225391        9.081832E+04
       6565.49510547        9.110913E+04
       6567.91795703        9.177114E+04
       6570.34129687        9.221141E+04
       6572.76512500        9.242904E+04
       6575.19041797        9.292170E+04
       6577.61522266        9.384185E+04
       6580.04149219        9.475193E+04
       6582.46776172        9.546621E+04
       6584.89500781        9.554815E+04
       6587.32176562        9.528576E+04
       6589.74998828        9.450541E+04
       6592.17869922        9.398012E+04
       6594.60838672        9.407872E+04
       6597.03807422        9.468117E+04
       6599.46825000        9.544199E+04
       6601.89891406        9.570171E+04
       6604.33006641        9.566534E+04
       6606.76219531        9.549375E+04
       6609.19432422        9.554573E+04
       6611.62742969        9.593155E+04
       6614.06151172        9.637549E+04
       6616.49559375        9.645697E+04
       6618.93065234        9.630578E+04
       6621.36522266        9.597582E+04
       6623.80125781        9.556882E+04
       6626.23778125        9.505437E+04
       6628.67430469        9.489238E+04
       6631.11180469        9.492043E+04
       6633.54979297        9.516963E+04
       6635.98826953        9.548365E+04
       6638.42772266        9.572560E+04
       6640.86815234        9.584596E+04
       6643.30760547        9.582762E+04
       6645.74852344        9.561381E+04
       6648.18992969        9.543811E+04
       6650.63231250        9.519537E+04
       6653.07420703        9.483247E+04
       6655.51707812        9.439805E+04
       6657.96092578        9.406552E+04
       6660.40526172        9.375297E+04
       6662.84959766        9.359985E+04
       6665.29491016        9.388845E+04
       6667.74022266        9.453458E+04
       6670.18700000        9.467207E+04
       6672.63426562        9.416347E+04
       6675.08201953        9.324421E+04
       6677.52977344        9.232665E+04
       6679.97801562        9.198489E+04
       6682.42772266        9.207154E+04
       6684.87694141        9.237878E+04
       6687.32713672        9.257250E+04
       6689.77830859        9.250635E+04
       6692.22948047        9.226436E+04
       6694.68114062        9.225383E+04
       6697.13377734        9.236817E+04
       6699.58641406        9.263878E+04
       6702.04100391        9.290852E+04
       6704.49412891        9.300604E+04
       6706.94871875        9.253565E+04
       6709.40428516        9.156140E+04
       6711.86033984        8.999239E+04
       6714.31737109        8.839264E+04
       6716.77293750        8.750958E+04
       6719.23143359        8.744277E+04
       6721.68846484        8.820881E+04
       6724.14744922        8.918623E+04
       6726.60643359        8.971707E+04
       6729.06590625        8.991987E+04
       6731.52684375        9.011847E+04
       6733.98778125        9.019469E+04
       6736.44823047        9.003140E+04
       6738.91112109        8.976225E+04
       6741.37303516        8.919076E+04
       6743.83641406        8.861987E+04
       6746.29979297        8.806888E+04
       6748.76366016        8.772578E+04
       6751.22899219        8.793286E+04
       6753.69334766        8.847528E+04
       6756.16014453        8.903015E+04
       6758.62547656        8.941643E+04
       6761.09276172        8.939358E+04
       6763.56004687        8.900917E+04
       6766.02782031        8.863197E+04
       6768.49608203        8.855318E+04
       6770.96580859        8.881041E+04
       6773.43651172        8.906025E+04
       6775.90575000        8.895076E+04
       6778.37596484        8.833206E+04
       6780.84764453        8.738803E+04
       6783.31932422        8.665989E+04
       6785.79246875        8.630806E+04
       6788.26512500        8.634032E+04
       6790.73826953        8.637801E+04
       6793.21287891        8.643718E+04
       6795.68797656        8.655014E+04
       6798.16258594        8.669059E+04
       6800.63866016        8.674305E+04
       6803.11424609        8.674514E+04
       6805.59080859        8.656767E+04
       6808.06785937        8.650584E+04
       6810.54588672        8.635537E+04
       6813.02342578        8.617609E+04
       6815.50194141        8.604680E+04
       6817.98094531        8.594579E+04
       6820.45946094        8.590225E+04
       6822.93992969        8.598766E+04
       6825.41991016        8.603959E+04
       6827.90086719        8.606015E+04
       6830.38182422        8.600446E+04
       6832.86326953        8.583130E+04
       6835.34617969        8.571793E+04
       6837.82811328        8.557063E+04
       6840.31102344        8.532919E+04
       6842.79539844        8.500201E+04
       6845.27830859        8.452789E+04
       6847.76366016        8.398566E+04
       6850.24803516        8.335630E+04
       6852.73338672        8.264168E+04
       6855.21922656        8.192874E+04
       6857.70555469        8.107115E+04
       6860.19237109        7.939322E+04
       6862.67967578        7.596546E+04
       6865.16698047        7.157428E+04
       6867.65526172        6.740068E+04
       6870.14354297        6.542245E+04
       6872.63328906        6.676122E+04
       6875.12205859        6.992624E+04
       6877.61229297        7.321603E+04
       6880.10301562        7.540759E+04
       6882.59276172        7.647964E+04
       6885.08494922        7.669241E+04
       6887.57664844        7.687160E+04
       6890.06932422        7.731197E+04
       6892.56200000        7.780738E+04
       6895.05467578        7.815760E+04
       6897.54832812        7.855959E+04
       6900.04246875        7.935777E+04
       6902.53758594        8.079573E+04
       6905.03319141        8.261467E+04
       6907.52830859        8.416134E+04
       6910.02440234        8.500354E+04
       6912.52049609        8.518921E+04
       6915.01707812        8.511432E+04
       6917.51463672        8.575249E+04
       6920.01268359        8.708722E+04
       6922.51170703        8.921567E+04
       6925.00975391        9.149629E+04
       6927.50828906        9.339040E+04
       6930.00828906        9.474373E+04
       6932.50877734        9.546387E+04
       6935.01024219        9.602677E+04
       6937.51121875        9.660356E+04
       6940.01268359        9.742183E+04
       6942.51463672        9.836768E+04
       6945.01658984        9.920070E+04
       6947.51951953        9.975193E+04
       6950.02342578        9.987447E+04
       6952.52733203        9.980148E+04
       6955.03123828        9.995542E+04
       6957.53563281        1.002627E+05
       6960.04149219        1.007395E+05
       6962.54735156        1.009688E+05
       6965.05272266        1.010457E+05
       6967.56004687        1.008025E+05
       6970.06737109        1.001193E+05
       6972.57518359        9.930828E+04
       6975.08299609        9.858645E+04
       6977.59178516        9.837721E+04
       6980.10008594        9.897110E+04
       6982.60985156        9.996729E+04
       6985.12010547        1.007161E+05
       6987.63035937        1.010982E+05
       6990.14110156        1.011961E+05
       6992.65233203        1.013119E+05
       6995.16453906        1.015666E+05
       6997.67625781        1.019226E+05
       7000.18895312        1.021372E+05
       7002.70213672        1.023744E+05
       7005.21532031        1.027400E+05
       7007.72948047        1.029922E+05
       7010.24412891        1.030360E+05
       7012.75926562        1.030922E+05
       7015.27489062        1.033428E+05
       7017.79100391        1.036135E+05
       7020.30662891        1.039797E+05
       7022.82371875        1.045761E+05
       7025.34178516        1.053650E+05
       7027.85936328        1.063455E+05
       7030.37791797        1.072172E+05
       7032.89647266        1.079003E+05
       7035.41551562        1.085710E+05
       7037.93504687        1.097362E+05
       7040.45555469        1.110240E+05
       7042.97557422        1.120860E+05
       7045.49657031        1.122809E+05
       7048.01903125        1.114439E+05
       7050.54002734        1.095869E+05
       7053.06297656        1.074883E+05
       7055.58592578        1.059298E+05
       7058.10887500        1.049593E+05
       7060.63280078        1.045992E+05
       7063.15721484        1.046989E+05
       7065.68162891        1.052690E+05
       7068.20604297        1.060661E+05
       7070.73241016        1.069320E+05
       7073.25926562        1.075466E+05
       7075.78514453        1.076311E+05
       7078.31248828        1.071000E+05
       7080.83934375        1.056690E+05
       7083.36766406        1.037233E+05
       7085.89647266        1.020093E+05
       7088.42528125        1.011166E+05
       7090.95506641        1.008864E+05
       7093.48436328        1.012164E+05
       7096.01463672        1.016088E+05
       7098.54588672        1.020359E+05
       7101.07762500        1.024590E+05
       7103.60936328        1.028166E+05
       7106.14061328        1.031128E+05
       7108.67332812        1.032174E+05
       7111.20653125        1.034685E+05
       7113.74022266        1.038423E+05
       7116.27342578        1.041455E+05
       7118.80907031        1.037693E+05
       7121.34422656        1.021663E+05
       7123.87889453        9.986521E+04
       7126.41453906        9.746509E+04
       7128.95067187        9.517196E+04
       7131.48778125        9.329678E+04
       7134.02635547        9.408781E+04
       7136.56346484        9.610354E+04
       7139.10106250        9.650190E+04
       7141.63963672        9.605147E+04
       7144.17821094        9.541289E+04
       7146.71825000        9.559788E+04
       7149.25828906        9.685349E+04
       7151.79930469        9.872536E+04
       7154.33983203        1.004088E+05
       7156.88133594        1.011285E+05
       7159.42381641        1.011910E+05
       7161.96580859        1.010667E+05
       7164.50877734        1.010245E+05
       7167.05174609        1.011431E+05
       7169.59569141        1.012936E+05
       7172.14061328        1.011906E+05
       7174.68455859        1.011356E+05
       7177.22996875        1.009242E+05
       7179.77537891        1.005400E+05
       7182.32127734        9.987215E+04
       7184.86864062        9.929652E+04
       7187.41502734        9.933182E+04
       7189.96287891        1.001228E+05
       7192.51073047        1.007475E+05
       7195.05955859        1.004489E+05
       7197.60692187        9.932839E+04
       7200.15721484        9.829174E+04
       7202.70701953        9.774526E+04
       7205.25731250        9.836215E+04
       7207.80858203        1.000429E+05
       7210.35838672        1.020636E+05
       7212.91063281        1.041981E+05
       7215.46287891        1.057819E+05
       7218.01463672        1.068174E+05
       7220.56883594        1.074268E+05
       7223.12108203        1.076560E+05
       7225.67576953        1.076345E+05
       7228.23045703        1.074650E+05
       7230.78465625        1.071289E+05
       7233.34080859        1.069635E+05
       7235.89598437        1.068117E+05
       7238.45311328        1.065599E+05
       7241.00926562        1.063948E+05
       7243.56639453        1.067798E+05
       7246.12401172        1.073992E+05
       7248.68260547        1.078533E+05
       7251.24119922        1.082225E+05
       7253.79979297        1.086637E+05
       7256.35936328        1.093577E+05
       7258.91893359        1.099160E+05
       7261.47948047        1.103034E+05
       7264.04100391        1.107032E+05
       7266.60203906        1.111801E+05
       7269.16453906        1.114852E+05
       7271.72606250        1.115736E+05
       7274.28856250        1.117205E+05
       7276.85203906        1.122144E+05
       7279.41551562        1.127919E+05
       7281.98045703        1.130931E+05
       7284.54442187        1.127269E+05
       7287.10887500        1.122104E+05
       7289.67479297        1.121238E+05
       7292.24071094        1.127681E+05
       7294.80760547        1.136552E+05
       7297.37401172        1.142857E+05
       7299.94090625        1.142483E+05
       7302.50877734        1.140432E+05
       7305.07664844        1.140303E+05
       7307.64598437        1.142020E+05
       7310.21434375        1.146987E+05
       7312.78465625        1.151542E+05
       7315.35399219        1.153784E+05
       7317.92430469        1.151872E+05
       7320.49510547        1.143362E+05
       7323.06639453        1.136766E+05
       7325.63817187        1.137881E+05
       7328.20994922        1.148771E+05
       7330.78221484        1.164756E+05
       7333.35545703        1.176843E+05
       7335.92918750        1.181902E+05
       7338.50340625        1.181241E+05
       7341.07664844        1.176953E+05
       7343.65184375        1.173338E+05
       7346.22703906        1.170294E+05
       7348.80272266        1.164401E+05
       7351.37889453        1.153069E+05
       7353.95555469        1.143557E+05
       7356.53221484        1.139969E+05
       7359.10936328        1.144153E+05
       7361.68700000        1.155718E+05
       7364.26610156        1.169640E+05
       7366.84422656        1.183673E+05
       7369.42430469        1.195896E+05
       7372.00340625        1.201167E+05
       7374.58299609        1.203150E+05
       7377.16405078        1.203190E+05
       7379.74412891        1.198820E+05
       7382.32664844        1.189559E+05
       7384.90770312        1.179456E+05
       7387.49022266        1.175645E+05
       7390.07323047        1.176280E+05
       7392.65575000        1.178331E+05
       7395.23973437        1.176688E+05
       7397.82371875        1.176457E+05
       7400.40770312        1.180983E+05
       7402.99315234        1.185916E+05
       7405.57908984        1.188314E+05
       7408.16502734        1.187268E+05
       7410.75096484        1.186061E+05
       7413.33787891        1.186499E+05
       7415.92381641        1.187481E+05
       7418.51219531        1.188682E+05
       7421.09959766        1.191586E+05
       7423.68846484        1.197965E+05
       7426.27733203        1.206170E+05
       7428.86619922        1.211982E+05
       7431.45701953        1.214219E+05
       7434.04686328        1.213427E+05
       7436.63719531        1.209159E+05
       7439.22899219        1.202711E+05
       7441.81981250        1.195658E+05
       7444.41209766        1.195076E+05
       7447.00438281        1.201640E+05
       7449.59715625        1.210521E+05
       7452.18944141        1.216009E+05
       7454.78367969        1.213302E+05
       7457.37791797        1.202348E+05
       7459.97215625        1.195966E+05
       7462.56785937        1.198521E+05
       7465.16356250        1.206603E+05
       7467.75975391        1.217058E+05
       7470.35594531        1.221677E+05
       7472.95213672        1.223359E+05
       7475.55028125        1.224888E+05
       7478.14744922        1.226680E+05
       7480.74510547        1.225347E+05
       7483.34422656        1.220602E+05
       7485.94432422        1.211919E+05
       7488.54246875        1.200709E+05
       7491.14305469        1.192808E+05
       7493.74315234        1.195236E+05
       7496.34422656        1.204830E+05
       7498.94530078        1.215756E+05
       7501.54686328        1.217236E+05
       7504.14842578        1.209743E+05
       7506.75096484        1.204043E+05
       7509.35448047        1.206418E+05
       7511.95848437        1.215349E+05
       7514.56248828        1.225919E+05
       7517.16551562        1.229780E+05
       7519.77098437        1.227385E+05
       7522.37645312        1.223316E+05
       7524.98241016        1.220281E+05
       7527.58836719        1.221285E+05
       7530.19432422        1.225990E+05
       7532.80076953        1.231590E+05
       7535.40916797        1.238757E+05
       7538.01707812        1.241580E+05
       7540.62498828        1.240199E+05
       7543.23387500        1.238414E+05
       7545.84276172        1.236671E+05
       7548.45213672        1.234659E+05
       7551.06297656        1.233875E+05
       7553.67332812        1.233272E+05
       7556.28367969        1.234262E+05
       7558.89598437        1.236294E+05
       7561.50780078        1.234327E+05
       7564.12010547        1.229642E+05
       7566.73241016        1.226695E+05
       7569.34569141        1.225789E+05
       7571.95897266        1.226079E+05
       7574.57371875        1.224139E+05
       7577.18748828        1.216895E+05
       7579.80272266        1.200773E+05
       7582.41795703        1.179810E+05
       7585.03367969        1.147161E+05
       7587.64989062        1.073325E+05
       7590.26707812        9.463711E+04
       7592.88426562        7.855148E+04
       7595.50145312        6.095598E+04
       7598.11912891        4.758982E+04
       7600.73778125        4.008408E+04
       7603.35692187        3.758861E+04
       7605.97606250        4.041163E+04
       7608.59569141        4.784676E+04
       7611.21580859        5.866925E+04
       7613.83739062        7.039054E+04
       7616.45799609        7.723732E+04
       7619.07957812        7.684677E+04
       7621.70116016        7.284417E+04
       7624.32323047        6.741722E+04
       7626.94676562        6.504440E+04
       7629.56981250        6.482524E+04
       7632.19432422        6.642282E+04
       7634.81834766        6.885834E+04
       7637.44334766        7.198525E+04
       7640.06737109        7.548308E+04
       7642.69432422        7.905720E+04
       7645.31932422        8.248532E+04
       7647.94578906        8.581891E+04
       7650.57225391        8.854492E+04
       7653.20018359        9.082700E+04
       7655.82713672        9.210792E+04
       7658.45555469        9.249626E+04
       7661.08446094        9.259089E+04
       7663.71385547        9.501501E+04
       7666.34227344        9.885671E+04
       7668.97264453        1.042705E+05
       7671.60350391        1.078020E+05
       7674.23436328        1.101083E+05
       7676.86571094        1.116771E+05
       7679.49705859        1.127502E+05
       7682.12840625        1.137553E+05
       7684.76170703        1.143048E+05
       7687.39451953        1.143751E+05
       7690.02830859        1.134958E+05
       7692.66209766        1.114460E+05
       7695.29686328        1.093169E+05
       7697.93114062        1.092243E+05
       7700.56639453        1.109724E+05
       7703.20213672        1.139316E+05
       7705.83885547        1.152855E+05
       7708.47459766        1.153680E+05
       7711.11180469        1.154025E+05
       7713.74901172        1.157752E+05
       7716.38768359        1.162651E+05
       7719.02537891        1.167599E+05
       7721.66405078        1.169543E+05
       7724.30272266        1.171313E+05
       7726.94285937        1.176970E+05
       7729.58348437        1.182638E+05
       7732.22410937        1.185867E+05
       7734.86522266        1.185223E+05
       7737.50633594        1.181311E+05
       7740.14793750        1.174254E+05
       7742.79002734        1.161937E+05
       7745.43309375        1.149507E+05
       7748.07616016        1.147753E+05
       7750.72020312        1.155230E+05
       7753.36375781        1.165449E+05
       7756.00780078        1.171268E+05
       7758.65330859        1.172541E+05
       7761.29881641        1.172756E+05
       7763.94432422        1.173020E+05
       7766.59080859        1.172909E+05
       7769.23729297        1.173967E+05
       7771.88475391        1.173218E+05
       7774.53221484        1.167100E+05
       7777.18016406        1.159492E+05
       7779.82908984        1.154798E+05
       7782.47752734        1.152987E+05
       7785.12742969        1.152790E+05
       7787.77733203        1.154139E+05
       7790.42723437        1.158258E+05
       7793.07762500        1.159364E+05
       7795.72801562        1.158823E+05
       7798.37987109        1.160203E+05
       7801.03172656        1.163280E+05
       7803.68309375        1.166950E+05
       7806.33543750        1.167491E+05
       7808.98729297        1.168068E+05
       7811.64110156        1.170215E+05
       7814.29442187        1.170648E+05
       7816.94871875        1.168574E+05
       7819.60203906        1.164033E+05
       7822.25682422        1.160907E+05
       7824.91209766        1.153159E+05
       7827.56688281        1.139282E+05
       7830.22215625        1.126682E+05
       7832.87840625        1.123628E+05
       7835.53465625        1.130762E+05
       7838.19139453        1.142465E+05
       7840.84862109        1.152316E+05
       7843.50633594        1.157810E+05
       7846.16356250        1.158251E+05
       7848.82176562        1.157538E+05
       7851.48045703        1.156761E+05
       7854.13963672        1.158540E+05
       7856.79832812        1.161139E+05
       7859.45750781        1.163327E+05
       7862.11815234        1.164177E+05
       7864.77830859        1.162318E+05
       7867.43895312        1.159581E+05
       7870.10008594        1.158430E+05
       7872.76170703        1.158372E+05
       7875.42430469        1.160223E+05
       7878.08641406        1.160507E+05
       7880.74852344        1.159350E+05
       7883.41160937        1.159186E+05
       7886.07420703        1.159513E+05
       7888.73778125        1.160734E+05
       7891.40184375        1.160171E+05
       7894.06688281        1.159082E+05
       7896.73045703        1.156847E+05
       7899.39598437        1.154612E+05
       7902.06151172        1.152083E+05
       7904.72703906        1.147424E+05
       7907.39354297        1.142085E+05
       7910.06102344        1.138791E+05
       7912.72703906        1.139743E+05
       7915.39403125        1.142046E+05
       7918.06248828        1.143697E+05
       7920.72996875        1.143191E+05
       7923.39842578        1.141256E+05
       7926.06785937        1.139323E+05
       7928.73680469        1.135830E+05
       7931.40623828        1.127032E+05
       7934.07664844        1.118285E+05
       7936.74608203        1.112449E+05
       7939.41698047        1.108121E+05
       7942.08836719        1.102664E+05
       7944.75877734        1.103355E+05
       7947.43065234        1.113011E+05
       7950.10252734        1.127847E+05
       7952.77489062        1.137284E+05
       7955.44823047        1.139352E+05
       7958.12205859        1.139791E+05
       7960.79491016        1.140296E+05
       7963.46825000        1.142365E+05
       7966.14354297        1.146462E+05
       7968.81737109        1.147351E+05
       7971.49266406        1.143516E+05
       7974.16795703        1.137695E+05
       7976.84373828        1.135016E+05
       7979.52049609        1.135871E+05
       7982.19725391        1.137485E+05
       7984.87352344        1.137451E+05
       7987.54979297        1.134330E+05
       7990.22752734        1.127873E+05
       7992.90623828        1.117567E+05
       7995.58397266        1.110988E+05
       7998.26366016        1.113034E+05
       8000.94188281        1.122804E+05
       8003.62108203        1.130714E+05
       8006.30174609        1.134105E+05
       8008.98143359        1.136847E+05
       8011.66160937        1.138778E+05
       8014.34276172        1.137980E+05
       8017.02391406        1.134664E+05
       8019.70555469        1.127275E+05
       8022.38768359        1.117049E+05
       8025.06981250        1.112898E+05
       8027.75242969        1.119122E+05
       8030.43651172        1.127379E+05
       8033.11912891        1.131102E+05
       8035.80272266        1.129950E+05
       8038.48631641        1.122999E+05
       8041.17137500        1.110967E+05
       8043.85643359        1.100932E+05
       8046.54100391        1.103886E+05
       8049.22752734        1.113995E+05
       8051.91307422        1.122810E+05
       8054.59959766        1.126511E+05
       8057.28660937        1.125461E+05
       8059.97313281        1.121571E+05
       8062.66112109        1.114241E+05
       8065.34862109        1.106941E+05
       8068.03709766        1.102497E+05
       8070.72557422        1.102577E+05
       8073.41405078        1.107065E+05
       8076.10448047        1.109138E+05
       8078.79393359        1.106937E+05
       8081.48436328        1.102088E+05
       8084.17381641        1.100622E+05
       8086.86424609        1.102368E+05
       8089.55614062        1.100330E+05
       8092.24803516        1.097794E+05
       8094.93944141        1.097919E+05
       8097.63182422        1.100639E+05
       8100.32420703        1.103287E+05
       8103.01707812        1.105170E+05
       8105.71043750        1.103280E+05
       8108.40428516        1.098389E+05
       8111.09862109        1.090560E+05
       8113.79246875        1.084410E+05
       8116.48778125        1.086336E+05
       8119.18260547        1.092509E+05
       8121.87840625        1.096893E+05
       8124.57420703        1.095975E+05
       8127.27049609        1.089876E+05
       8129.96678516        1.083023E+05
       8132.66356250        1.081101E+05
       8135.36131641        1.081768E+05
       8138.05907031        1.078898E+05
       8140.75682422        1.074058E+05
       8143.45604297        1.069362E+05
       8146.15428516        1.065633E+05
       8148.85399219        1.063336E+05
       8151.55369922        1.060544E+05
       8154.25291797        1.054294E+05
       8156.95311328        1.042162E+05
       8159.65428516        1.031276E+05
       8162.35448047        1.032285E+05
       8165.05662891        1.039692E+05
       8167.75877734        1.046482E+05
       8170.46092578        1.046765E+05
       8173.16307422        1.033062E+05
       8175.86571094        1.006603E+05
       8178.56834766        9.694647E+04
       8181.27293750        9.464433E+04
       8183.97655078        9.545236E+04
       8186.68114062        9.630268E+04
       8189.38573047        9.435421E+04
       8192.09080859        9.160397E+04
       8194.79588672        9.289700E+04
       8197.50194141        9.671023E+04
       8200.20897266        1.011946E+05
       8202.91405078        1.034499E+05
       8205.62205859        1.042379E+05
       8208.32908984        1.042571E+05
       8211.03612109        1.039190E+05
       8213.74412891        1.033602E+05
       8216.45213672        1.023476E+05
       8219.16209766        1.015755E+05
       8221.87108203        1.008453E+05
       8224.58006641        9.998248E+04
       8227.29002734        9.959364E+04
       8229.99998828        1.006487E+05
       8232.71092578        1.022152E+05
       8235.42186328        1.034329E+05
       8238.13280078        1.039361E+05
       8240.84471484        1.043520E+05
       8243.55662891        1.047708E+05
       8246.26951953        1.048904E+05
       8248.98143359        1.044923E+05
       8251.69530078        1.037446E+05
       8254.40819141        1.035149E+05
       8257.12205859        1.039981E+05
       8259.83690234        1.047530E+05
       8262.55076953        1.051487E+05
       8265.26658984        1.050473E+05
       8267.98143359        1.043500E+05
       8270.69627734        1.034547E+05
       8273.41307422        1.029259E+05
       8276.12987109        1.027763E+05
       8278.84569141        1.028466E+05
       8281.56346484        1.027552E+05
       8284.28123828        1.024058E+05
       8286.99901172        1.020348E+05
       8289.71678516        1.019126E+05
       8292.43553516        1.019430E+05
       8295.15428516        1.022071E+05
       8297.87401172        1.022434E+05
       8300.59373828        1.014880E+05
       8303.31444141        1.007647E+05
       8306.03416797        1.007765E+05
       8308.75487109        1.011716E+05
       8311.47655078        1.015064E+05
       8314.19823047        1.013431E+05
       8316.91893359        1.008163E+05
       8319.64061328        9.981426E+04
       8322.36326953        9.806807E+04
       8325.08592578        9.679443E+04
       8327.80858203        9.689619E+04
       8330.53221484        9.779717E+04
       8333.25584766        9.874447E+04
       8335.97948047        9.940519E+04
       8338.70408984        1.000231E+05
       8341.42772266        1.003943E+05
       8344.15330859        1.002584E+05
       8346.87694141        1.001212E+05
       8349.60350391        1.002046E+05
       8352.32811328        1.004764E+05
       8355.05565234        1.004353E+05
       8357.78221484        9.979041E+04
       8360.50780078        9.896008E+04
       8363.23533984        9.885079E+04
       8365.96287891        9.972409E+04
       8368.68944141        1.001515E+05
       8371.41795703        9.965672E+04
       8374.14647266        9.844484E+04
       8376.87401172        9.698361E+04
       8379.60448047        9.541503E+04
       8382.33201953        9.408864E+04
       8385.06248828        9.373851E+04
       8387.79198047        9.513590E+04
       8390.52147266        9.732110E+04
       8393.25291797        9.841366E+04
       8395.98241016        9.897018E+04
       8398.71385547        9.954988E+04
       8401.44530078        1.000674E+05
       8404.17674609        9.994373E+04
       8406.91014453        9.910094E+04
       8409.64061328        9.804324E+04
       8412.37401172        9.784331E+04
       8415.10741016        9.821972E+04
       8417.83983203        9.812830E+04
       8420.57323047        9.700422E+04
       8423.30760547        9.588117E+04
       8426.04198047        9.572178E+04
       8428.77537891        9.499256E+04
       8431.51073047        9.285531E+04
       8434.24608203        9.209695E+04
       8436.98143359        9.376806E+04
       8439.71776172        9.625075E+04
       8442.45408984        9.748915E+04
       8445.18944141        9.763851E+04
       8447.92576953        9.738533E+04
       8450.66307422        9.719927E+04
       8453.40135547        9.737257E+04
       8456.13866016        9.771537E+04
       8458.87694141        9.760796E+04
       8461.61424609        9.656378E+04
       8464.35252734        9.489162E+04
       8467.09178516        9.444605E+04
       8469.83104297        9.550158E+04
       8472.57127734        9.666155E+04
       8475.31053516        9.710235E+04
       8478.05076953        9.706976E+04
       8480.79100391        9.692926E+04
       8483.53123828        9.676781E+04
       8486.27342578        9.626536E+04
       8489.01463672        9.465475E+04
       8491.75584766        9.130492E+04
       8494.49803516        8.747833E+04
       8497.24022266        8.764263E+04
       8499.98241016        9.057140E+04
       8502.72557422        9.371777E+04
       8505.46873828        9.474043E+04
       8508.21190234        9.370867E+04
       8510.95604297        9.186060E+04
       8513.70116016        9.106928E+04
       8516.44432422        9.182659E+04
       8519.18944141        9.305953E+04
       8521.93553516        9.370701E+04
       8524.68065234        9.349525E+04
       8527.42576953        9.285231E+04
       8530.17283984        9.125413E+04
       8532.91795703        8.797918E+04
       8535.66600391        8.205670E+04
       8538.41209766        7.514325E+04
       8541.15916797        7.469591E+04
       8543.90721484        7.894529E+04
       8546.65526172        8.549901E+04
       8549.40330859        9.004443E+04
       8552.15135547        9.217483E+04
       8554.90135547        9.300405E+04
       8557.65037891        9.331584E+04
       8560.40037891        9.362197E+04
       8563.14940234        9.384097E+04
       8565.89940234        9.398448E+04
       8568.64940234        9.410232E+04
       8571.40135547        9.410915E+04
       8574.15233203        9.390315E+04
       8576.90330859        9.335058E+04
       8579.65526172        9.279028E+04
       8582.40623828        9.292685E+04
       8585.16014453        9.345329E+04
       8587.91209766        9.368182E+04
       8590.66502734        9.364344E+04
       8593.41893359        9.333263E+04
       8596.17186328        9.299682E+04
       8598.92576953        9.291935E+04
       8601.67967578        9.281974E+04
       8604.43455859        9.246972E+04
       8607.18944141        9.166778E+04
       8609.94432422        9.122812E+04
       8612.70018359        9.148979E+04
       8615.45604297        9.178079E+04
       8618.21092578        9.160890E+04
       8620.96873828        9.160567E+04
       8623.72459766        9.189344E+04
       8626.48143359        9.210046E+04
       8629.23924609        9.204693E+04
       8631.99705859        9.184662E+04
       8634.75389453        9.185873E+04
       8637.51366016        9.179893E+04
       8640.27244922        9.143695E+04
       8643.03123828        9.084479E+04
       8645.79002734        9.014040E+04
       8648.54979297        8.920808E+04
       8651.30955859        8.775821E+04
       8654.06834766        8.454212E+04
       8656.83006641        7.868238E+04
       8659.59178516        7.403387E+04
       8662.35155078        7.585634E+04
       8665.11326953        8.123440E+04
       8667.87498828        8.499852E+04
       8670.63768359        8.584157E+04
       8673.39940234        8.621640E+04
       8676.16209766        8.688396E+04
       8678.92479297        8.673508E+04
       8681.68846484        8.513982E+04
       8684.45311328        8.266218E+04
       8687.21580859        8.179949E+04
       8689.97948047        8.338934E+04
       8692.74510547        8.586233E+04
       8695.50975391        8.687842E+04
       8698.27440234        8.720939E+04
       8701.04002734        8.733288E+04
       8703.80662891        8.713843E+04
       8706.57225391        8.664912E+04
       8709.33885547        8.627947E+04
       8712.10545703        8.635376E+04
       8714.87205859        8.661121E+04
       8717.63963672        8.668319E+04
       8720.40721484        8.669040E+04
       8723.17576953        8.677638E+04
       8725.94334766        8.677089E+04
       8728.71287891        8.646290E+04
       8731.48143359        8.582258E+04
       8734.24998828        8.545604E+04
       8737.02049609        8.573635E+04
       8739.79002734        8.608600E+04
       8742.56053516        8.635582E+04
       8745.33104297        8.648372E+04
       8748.10155078        8.631843E+04
       8750.87303516        8.592666E+04
       8753.64354297        8.523589E+04
       8756.41600391        8.481475E+04
       8759.18846484        8.448636E+04
       8761.95994922        8.416082E+04
       8764.73338672        8.419647E+04
       8767.50584766        8.399551E+04
       8770.27928516        8.326350E+04
       8773.05272266        8.323743E+04
       8775.82616016        8.399831E+04
       8778.60057422        8.457885E+04
       8781.37596484        8.500248E+04
       8784.15037891        8.521186E+04
       8786.92576953        8.471305E+04
       8789.70018359        8.368626E+04
       8792.47752734        8.299822E+04
       8795.25194141        8.268825E+04
       8798.02928516        8.163548E+04
       8800.80662891        7.925731E+04
       8803.58299609        7.713206E+04
       8806.36131641        7.783709E+04
       8809.13866016        8.067113E+04
       8811.91600391        8.235271E+04
       8814.69530078        8.249826E+04
       8817.47264453        8.150995E+04
       8820.25291797        7.996479E+04
       8823.03123828        7.968523E+04
       8825.81151172        8.093396E+04
       8828.59080859        8.202178E+04
       8831.37108203        8.217032E+04
       8834.15233203        8.196229E+04
       8836.93260547        8.186550E+04
       8839.71287891        8.212021E+04
       8842.49510547        8.209506E+04
       8845.27635547        8.185696E+04
       8848.05858203        8.186272E+04
       8850.84080859        8.211290E+04
       8853.62205859        8.221863E+04
       8856.40623828        8.188013E+04
       8859.18944141        8.085060E+04
       8861.97166797        7.947953E+04
       8864.75584766        7.854270E+04
       8867.54002734        7.878457E+04
       8870.32518359        7.966033E+04
       8873.10838672        8.026844E+04
       8875.89256641        8.071048E+04
       8878.67772266        8.071770E+04
       8881.46287891        8.032437E+04
       8884.24998828        7.998649E+04
       8887.03514453        7.980142E+04
       8889.82030078        7.976272E+04
       8892.60643359        7.982231E+04
       8895.39451953        7.981268E+04
       8898.18162891        7.966728E+04
       8900.96776172        7.930472E+04
       8903.75584766        7.888408E+04
       8906.54393359        7.859396E+04
       8909.33201953        7.854765E+04
       8912.12010547        7.862168E+04
       8914.90916797        7.836456E+04
       8917.69823047        7.769526E+04
       8920.48729297        7.706349E+04
       8923.27733203        7.671819E+04
       8926.06639453        7.653372E+04
       8928.85643359        7.683204E+04
       8931.64647266        7.733735E+04
       8934.43748828        7.738650E+04
       8937.22752734        7.656273E+04
       8940.01854297        7.527313E+04
       8942.81053516        7.433052E+04
       8945.60252734        7.437307E+04
       8948.39354297        7.502268E+04
       8951.18651172        7.526177E+04
       8953.97850391        7.513271E+04
       8956.77147266        7.454258E+04
       8959.56541797        7.342881E+04
       8962.35741016        7.252155E+04
       8965.15135547        7.231133E+04
       8967.94530078        7.239938E+04
       8970.74022266        7.228813E+04
       8973.53514453        7.232621E+04
       8976.33006641        7.223210E+04
       8979.12401172        7.178001E+04
       8981.91991016        7.067498E+04
       8984.71580859        6.858377E+04
       8987.51073047        6.790675E+04
       8990.30760547        6.932054E+04
       8993.10448047        7.032919E+04
       8995.90135547        6.924980E+04
       8998.69823047        6.786791E+04
       9001.49510547        6.823626E+04
       9004.29295703        6.831767E+04
       9007.09178516        6.759961E+04
       9009.88963672        6.735189E+04
       9012.68748828        6.725164E+04
       9015.48533984        6.711939E+04
       9018.28514453        6.700118E+04
       9021.08397266        6.658996E+04
       9023.88280078        6.704539E+04
       9026.68358203        6.859470E+04
       9029.48436328        7.029757E+04
       9032.28416797        7.132887E+04
       9035.08592578        7.157782E+04
       9037.88573047        7.132871E+04
       9040.68651172        7.091357E+04
       9043.48826953        7.055940E+04
       9046.29100391        7.025144E+04
       9049.09276172        7.011021E+04
       9051.89549609        7.031866E+04
       9054.69725391        7.026585E+04
       9057.49998828        6.959503E+04
       9060.30467578        6.875780E+04
       9063.10741016        6.798472E+04
       9065.91112109        6.671533E+04
       9068.71483203        6.577797E+04
       9071.51951953        6.609287E+04
       9074.32420703        6.653401E+04
       9077.12889453        6.622884E+04
       9079.93455859        6.576323E+04
       9082.74022266        6.471642E+04
       9085.54491016        6.299636E+04
       9088.35155078        6.313437E+04
       9091.15819141        6.445680E+04
       9093.96385547        6.536215E+04
       9096.77049609        6.552057E+04
       9099.57811328        6.562862E+04
       9102.38573047        6.544028E+04
       9105.19334766        6.507196E+04
       9108.00096484        6.534665E+04
       9110.80955859        6.543182E+04
       9113.61815234        6.470440E+04
       9116.42674609        6.442656E+04
       9119.23631641        6.535701E+04
       9122.04588672        6.566001E+04
       9124.85643359        6.459316E+04
       9127.66502734        6.312575E+04
       9130.47557422        6.264681E+04
       9133.28612109        6.273915E+04
       9136.09666797        6.353471E+04
       9138.90819141        6.447255E+04
       9141.71971484        6.446326E+04
       9144.53026172        6.357362E+04
       9147.34178516        6.220571E+04
       9150.15428516        6.084563E+04
       9152.96678516        6.091501E+04
       9155.78026172        6.228682E+04
       9158.59276172        6.336846E+04
       9161.40721484        6.348985E+04
       9164.21873828        6.292356E+04
       9167.03319141        6.172886E+04
       9169.84764453        6.018931E+04
       9172.66209766        5.965444E+04
       9175.47752734        6.076761E+04
       9178.29198047        6.191200E+04
       9181.10643359        6.229577E+04
       9183.92283984        6.236279E+04
       9186.73826953        6.212506E+04
       9189.55369922        6.128943E+04
       9192.37108203        6.051332E+04
       9195.18748828        6.073677E+04
       9198.00487109        6.134510E+04
       9200.82225391        6.160246E+04
       9203.63963672        6.120763E+04
       9206.45701953        6.044124E+04
       9209.27537891        5.968053E+04
       9212.09373828        5.905946E+04
       9214.91209766        5.894130E+04
       9217.73143359        5.925763E+04
       9220.54979297        5.966639E+04
       9223.36912891        5.988186E+04
       9226.18846484        5.990649E+04
       9229.00975391        5.961988E+04
       9231.83006641        5.936189E+04
       9234.65037891        5.890348E+04
       9237.47166797        5.816072E+04
       9240.29100391        5.751719E+04
       9243.11326953        5.704788E+04
       9245.93553516        5.709370E+04
       9248.75780078        5.730313E+04
       9251.58006641        5.717554E+04
       9254.40233203        5.682018E+04
       9257.22557422        5.670429E+04
       9260.04783984        5.684359E+04
       9262.87205859        5.695090E+04
       9265.69530078        5.674226E+04
       9268.51951953        5.642668E+04
       9271.34373828        5.625186E+04
       9274.16795703        5.573562E+04
       9276.99315234        5.520942E+04
       9279.81737109        5.495021E+04
       9282.64256641        5.428855E+04
       9285.46873828        5.329276E+04
       9288.29491016        5.242969E+04
       9291.12108203        5.160256E+04
       9293.94725391        5.119018E+04
       9296.77440234        5.100809E+04
       9299.60155078        5.093264E+04
       9302.42869922        5.037268E+04
       9305.25682422        4.872578E+04
       9308.08397266        4.736359E+04
       9310.91209766        4.633847E+04
       9313.74022266        4.387599E+04
       9316.56834766        4.361151E+04
       9319.39842578        4.420857E+04
       9322.22655078        4.362821E+04
       9325.05760547        4.428716E+04
       9327.88670703        4.491597E+04
       9330.71678516        4.314528E+04
       9333.54783984        4.120082E+04
       9336.37889453        4.022521E+04
       9339.20897266        3.795231E+04
       9342.04100391        3.787566E+04
       9344.87108203        4.113370E+04
       9347.70311328        4.336465E+04
       9350.53514453        4.147196E+04
       9353.36815234        3.864185E+04
       9356.20116016        3.897882E+04
       9359.03319141        4.091807E+04
       9361.86717578        4.169654E+04
       9364.70018359        4.049172E+04
       9367.53416797        3.954483E+04
       9370.36717578        4.042070E+04
       9373.20213672        4.153971E+04
       9376.03709766        4.063550E+04
       9378.87205859        4.039372E+04
       9381.70701953        4.151111E+04
       9384.54198047        4.300909E+04
       9387.37694141        4.514668E+04
       9390.21287891        4.699175E+04
       9393.04783984        4.730495E+04
       9395.88475391        4.635454E+04
       9398.72166797        4.528047E+04
       9401.55662891        4.488556E+04
       9404.39451953        4.418469E+04
       9407.23045703        4.287872E+04
       9410.06737109        4.225620E+04
       9412.90428516        4.232900E+04
       9415.74119922        4.274820E+04
       9418.58006641        4.330611E+04
       9421.41698047        4.232112E+04
       9424.25487109        3.930943E+04
       9427.09373828        3.858143E+04
       9429.93065234        4.008140E+04
       9432.76951953        4.036885E+04
       9435.60838672        3.793452E+04
       9438.44823047        3.624927E+04
       9441.28612109        3.780653E+04
       9444.12694141        4.025129E+04
       9446.96678516        4.144975E+04
       9449.80467578        4.086260E+04
       9452.64549609        3.885996E+04
       9455.48533984        3.758794E+04
       9458.32616016        3.771459E+04
       9461.16698047        3.929415E+04
       9464.00682422        4.061947E+04
       9466.84862109        4.092683E+04
       9469.68846484        4.083058E+04
       9472.53123828        4.006007E+04
       9475.37205859        3.879007E+04
       9478.21385547        3.726952E+04
       9481.05662891        3.825680E+04
       9483.89744922        4.023529E+04
       9486.74022266        4.106141E+04
       9489.58299609        3.990211E+04
       9492.42479297        3.762177E+04
       9495.26854297        3.653778E+04
       9498.11131641        3.631048E+04
       9500.95506641        3.779714E+04
       9503.79881641        3.970309E+04
       9506.64158984        4.051553E+04
       9509.48631641        4.022656E+04
       9512.33006641        3.896500E+04
       9515.17576953        3.721808E+04
       9518.01951953        3.660478E+04
       9520.86326953        3.685437E+04
       9523.70799609        3.756728E+04
       9526.55467578        3.802866E+04
       9529.39940234        3.845573E+04
       9532.24412891        3.840429E+04
       9535.09080859        3.824281E+04
       9537.93651172        3.799318E+04
       9540.78221484        3.690767E+04
       9543.62889453        3.692048E+04
       9546.47459766        3.753835E+04
       9549.32127734        3.717259E+04
       9552.16893359        3.565844E+04
       9555.01658984        3.535526E+04
       9557.86326953        3.589919E+04
       9560.71092578        3.568151E+04
       9563.55858203        3.534687E+04
       9566.40623828        3.601978E+04
       9569.25487109        3.687810E+04
       9572.10155078        3.728286E+04
       9574.95018359        3.673863E+04
       9577.79979297        3.548169E+04
       9580.64940234        3.527880E+04
       9583.49803516        3.551267E+04
       9586.34764453        3.474248E+04
       9589.19627734        3.465509E+04
       9592.04588672        3.522201E+04
       9594.89549609        3.549419E+04
       9597.74608203        3.535341E+04
       9600.59666797        3.506296E+04
       9603.44725391        3.452371E+04
       9606.29783984        3.445102E+04
       9609.14940234        3.473325E+04
       9611.99901172        3.491904E+04
       9614.85057422        3.490677E+04
       9617.70213672        3.461574E+04
       9620.55467578        3.431177E+04
       9623.40623828        3.419739E+04
       9626.25877734        3.416612E+04
       9629.11131641        3.410709E+04
       9631.96190234        3.314058E+04
       9634.81541797        3.186688E+04
       9637.66795703        3.213828E+04
       9640.52147266        3.282050E+04
       9643.37498828        3.271190E+04
       9646.22850391        3.281431E+04
       9649.08201953        3.312800E+04
       9651.93651172        3.305517E+04
       9654.79002734        3.264900E+04
       9657.64451953        3.176916E+04
       9660.49901172        3.126475E+04
       9663.35252734        3.162159E+04
       9666.20897266        3.211447E+04
       9669.06346484        3.228853E+04
       9671.91893359        3.206496E+04
       9674.77440234        3.178419E+04
       9677.62987109        3.180714E+04
       9680.48533984        3.183687E+04
       9683.34276172        3.168192E+04
       9686.19823047        3.131656E+04
       9689.05467578        3.146359E+04
       9691.91112109        3.188441E+04
       9694.76854297        3.196966E+04
       9697.62498828        3.157186E+04
       9700.48241016        3.093866E+04
       9703.33983203        3.048511E+04
       9706.19725391        3.037214E+04
       9709.05565234        3.033111E+04
       9711.91307422        3.013675E+04
       9714.77147266        3.004854E+04
       9717.62987109        3.011694E+04
       9720.48924609        3.007779E+04
       9723.34764453        2.970544E+04
       9726.20701953        2.910839E+04
       9729.06639453        2.848173E+04
       9731.92576953        2.783090E+04
       9734.78416797        2.737595E+04
       9737.64451953        2.743399E+04
       9740.50584766        2.765256E+04
       9743.36522266        2.809493E+04
       9746.22655078        2.851865E+04
       9749.08690234        2.850950E+04
       9751.94725391        2.810843E+04
       9754.80760547        2.768189E+04
       9757.66991016        2.735656E+04
       9760.53123828        2.699237E+04
       9763.39256641        2.683849E+04
       9766.25389453        2.679876E+04
       9769.11717578        2.694770E+04
       9771.97850391        2.721789E+04
       9774.84080859        2.730243E+04
       9777.70311328        2.675102E+04
       9780.56639453        2.570848E+04
       9783.42967578        2.505229E+04
       9786.29295703        2.489906E+04
       9789.15526172        2.508394E+04
       9792.01951953        2.543112E+04
       9794.88475391        2.571568E+04
       9797.74901172        2.580179E+04
       9800.61229297        2.578082E+04
       9803.47557422        2.571777E+04
       9806.34178516        2.545396E+04
       9809.20506641        2.507835E+04
       9812.07030078        2.474496E+04
       9814.93651172        2.453121E+04
       9817.80174609        2.435238E+04
       9820.66795703        2.430430E+04
       9823.53319141        2.441941E+04
       9826.39940234        2.445316E+04
       9829.26463672        2.426057E+04
       9832.13182422        2.393888E+04
       9834.99901172        2.367769E+04
       9837.86522266        2.339496E+04
       9840.73241016        2.332625E+04
       9843.59959766        2.330534E+04
       9846.46678516        2.326339E+04
       9849.33592578        2.327978E+04
       9852.20311328        2.333669E+04
       9855.07030078        2.326457E+04
       9857.93846484        2.289161E+04
       9860.80662891        2.236417E+04
       9863.67576953        2.189024E+04
       9866.54491016        2.156769E+04
       9869.41405078        2.148545E+04
       9872.28319141        2.150401E+04
       9875.15233203        2.160749E+04
       9878.02147266        2.168196E+04
       9880.89256641        2.154762E+04
       9883.76170703        2.122625E+04
       9886.63280078        2.089091E+04
       9889.50194141        2.065951E+04
       9892.37303516        2.047950E+04
       9895.24412891        2.036887E+04
       9898.11424609        2.037605E+04
       9900.98436328        2.020809E+04
       9903.85741016        1.987005E+04
       9906.72850391        1.948536E+04
       9909.60155078        1.903132E+04
       9912.47264453        1.863686E+04
       9915.34373828        1.845133E+04
       9918.21678516        1.836495E+04
       9921.08885547        1.841061E+04
       9923.96287891        1.856286E+04
       9926.83494922        1.876062E+04
       9929.70799609        1.869975E+04
       9932.58299609        1.845271E+04
       9935.45604297        1.827347E+04
       9938.32908984        1.807234E+04
       9941.20311328        1.793157E+04
       9944.07811328        1.792287E+04
       9946.95116016        1.803503E+04
       9949.82616016        1.803623E+04
       9952.70116016        1.789367E+04
       9955.57616016        1.756616E+04
       9958.45116016        1.718427E+04
       9961.32616016        1.693339E+04
       9964.20213672        1.672264E+04
       9967.07811328        1.647014E+04
       9969.95311328        1.631831E+04
       9972.83104297        1.628329E+04
       9975.70701953        1.641317E+04
       9978.58299609        1.655702E+04
       9981.45897266        1.654174E+04
       9984.33787891        1.634593E+04
       9987.21483203        1.619848E+04
       9990.09178516        1.610313E+04
       9992.96873828        1.598095E+04
       9995.84764453        1.579771E+04
       9998.72557422        1.545828E+04
      10001.60350391        1.499037E+04
      10004.48143359        1.455207E+04
      10007.36033984        1.419523E+04
      10010.23924609        1.396071E+04
      10013.11815234        1.382708E+04
      10015.99608203        1.389099E+04
      10018.87694141        1.412040E+04
      10021.75584766        1.425132E+04
      10024.63573047        1.413688E+04
      10027.51658984        1.378039E+04
      10030.39647266        1.330263E+04
      10033.27733203        1.294017E+04
      10036.15623828        1.281360E+04
      10039.03807422        1.299006E+04
      10041.91893359        1.336581E+04
      10044.79979297        1.360289E+04
      10047.68162891        1.354828E+04
      10050.56248828        1.326787E+04
      10053.44530078        1.293101E+04
      10056.32616016        1.270091E+04
      10059.20897266        1.274419E+04
      10062.09178516        1.293780E+04
      10064.97362109        1.316442E+04
      10067.85643359        1.326401E+04
      10070.73924609        1.314846E+04
      10073.62303516        1.283738E+04
      10076.50584766        1.234040E+04
      10079.38963672        1.179042E+04
      10082.27342578        1.133721E+04
      10085.15721484        1.103632E+04
      10088.04100391        1.093102E+04
      10090.92479297        1.100607E+04
      10093.80955859        1.131795E+04
      10096.69530078        1.180192E+04
      10099.58006641        1.215957E+04
      10102.46580859        1.213882E+04
      10105.34959766        1.197357E+04
      10108.23631641        1.189523E+04
      10111.12010547        1.200525E+04
      10114.00682422        1.213223E+04
      10116.89451953        1.214999E+04
      10119.78026172        1.202658E+04
      10122.66795703        1.168012E+04
      10125.55272266        1.125960E+04
      10128.44139453        1.097812E+04
      10131.32616016        1.092904E+04
      10134.21385547        1.100203E+04
      10137.10350391        1.106831E+04
      10139.98826953        1.102800E+04
      10142.87791797        1.101248E+04
      10145.76561328        1.106726E+04
      10148.65330859        1.107860E+04
      10151.54198047        1.100480E+04
      10154.43065234        1.087740E+04
      10157.32127734        1.078921E+04
      10160.20897266        1.074926E+04
      10163.09959766        1.070152E+04
      10165.98826953        1.061329E+04
      10168.87694141        1.041138E+04
      10171.76854297        1.018374E+04
      10174.65819141        1.000700E+04
      10177.54686328        9.839846E+03
      10180.43944141        9.721504E+03
      10183.33006641        9.639029E+03
      10186.21971484        9.599857E+03
      10189.11229297        9.614706E+03
      10192.00389453        9.681512E+03
      10194.89256641        9.737620E+03
      10197.78514453        9.580330E+03
      10200.67674609        9.210748E+03
      10203.56932422        8.759234E+03
      10206.46190234        8.317018E+03
      10209.35350391        7.953980E+03
      10212.24998828        7.757761E+03
      10215.14158984        7.632849E+03
      10218.03514453        7.482092E+03
      10220.92772266        7.486737E+03
      10223.82127734        7.787060E+03
      10226.71483203        8.094297E+03
      10229.60741016        8.226410E+03
      10232.50291797        8.276320E+03
      10235.39451953        8.387799E+03
      10238.29100391        8.440973E+03
      10241.18553516        8.348117E+03
      10244.08104297        8.165334E+03
      10246.97557422        8.028869E+03
      10249.87108203        8.034736E+03
      10252.76756641        8.193358E+03
      10255.66112109        8.306240E+03
      10258.55760547        8.259472E+03
