# Aperture radius = 15.5 pixels (Full_aperture_diameter = 2 * Aperture_radius)
#          Lambda(A)                Flux
       5118.87379688        2.784330E+04
       5120.91285938        2.714188E+04
       5122.95192188        2.661624E+04
       5124.99098438        2.661932E+04
       5127.03200000        2.719340E+04
       5129.07301563        2.817690E+04
       5131.11549609        2.924284E+04
       5133.15992969        2.997534E+04
       5135.20241016        3.004895E+04
       5137.24586719        2.975792E+04
       5139.29176563        2.936185E+04
       5141.33717578        2.893436E+04
       5143.38307422        2.856300E+04
       5145.43092578        2.826201E+04
       5147.47780078        2.811134E+04
       5149.52711719        2.809492E+04
       5151.57545703        2.863199E+04
       5153.62477344        2.990892E+04
       5155.67653125        3.119377E+04
       5157.72682422        3.180333E+04
       5159.77955859        3.095105E+04
       5161.83131641        2.881805E+04
       5163.88405078        2.603196E+04
       5165.93873828        2.358344E+04
       5167.99342578        2.246897E+04
       5170.04860156        2.240970E+04
       5172.10426563        2.333739E+04
       5174.16090625        2.482307E+04
       5176.21901172        2.565345E+04
       5178.27614063        2.540445E+04
       5180.33473438        2.498025E+04
       5182.39430469        2.591913E+04
       5184.45485156        2.835220E+04
       5186.51539844        3.063094E+04
       5188.57692188        3.151659E+04
       5190.63844531        3.140550E+04
       5192.70192188        3.181865E+04
       5194.76539844        3.281330E+04
       5196.82887500        3.363579E+04
       5198.89430469        3.318606E+04
       5200.95875781        3.145276E+04
       5203.02662891        2.918946E+04
       5205.09401172        2.763497E+04
       5207.16090625        2.823301E+04
       5209.22926563        3.088176E+04
       5211.29811328        3.415916E+04
       5213.36793750        3.668091E+04
       5215.43873828        3.821055E+04
       5217.50905078        3.900555E+04
       5219.58229297        3.881920E+04
       5221.65358203        3.764595E+04
       5223.72731250        3.644814E+04
       5225.80055469        3.684894E+04
       5227.87575000        3.865431E+04
       5229.95094531        4.020772E+04
       5232.02711719        4.095548E+04
       5234.10231250        4.178423E+04
       5236.18092578        4.272490E+04
       5238.25905078        4.318970E+04
       5240.33668750        4.314001E+04
       5242.41627734        4.251333E+04
       5244.49684375        4.118222E+04
       5246.57692188        3.971729E+04
       5248.65944141        3.922829E+04
       5250.74049609        3.975465E+04
       5252.82350391        4.100294E+04
       5254.90651172        4.225530E+04
       5256.99196094        4.277234E+04
       5259.07643359        4.171777E+04
       5261.16090625        3.938858E+04
       5263.24879688        3.700929E+04
       5265.33473438        3.573462E+04
       5267.42213672        3.570139E+04
       5269.51051563        3.723386E+04
       5271.60035938        4.019024E+04
       5273.68971484        4.298680E+04
       5275.78004688        4.515912E+04
       5277.87086719        4.620220E+04
       5279.96266406        4.640613E+04
       5282.05543750        4.692025E+04
       5284.14869922        4.824483E+04
       5286.24196094        4.957272E+04
       5288.33619922        5.009108E+04
       5290.43239063        4.983564E+04
       5292.52809375        4.865324E+04
       5294.62379688        4.696471E+04
       5296.72145313        4.586964E+04
       5298.81959766        4.671894E+04
       5300.91823047        4.888096E+04
       5303.01735156        5.117482E+04
       5305.11744922        5.279953E+04
       5307.21852344        5.356518E+04
       5309.31959766        5.381542E+04
       5311.42116016        5.356712E+04
       5313.52467578        5.315198E+04
       5315.62819141        5.263183E+04
       5317.73219531        5.198254E+04
       5319.83766406        5.099066E+04
       5321.94215625        4.947269E+04
       5324.04860156        4.752228E+04
       5326.15602344        4.560427E+04
       5328.26295703        4.568180E+04
       5330.37184375        4.804655E+04
       5332.48073047        5.054288E+04
       5334.59059375        5.195944E+04
       5336.70045703        5.192269E+04
       5338.81129688        5.121518E+04
       5340.92262500        5.115179E+04
       5343.03590625        5.168342E+04
       5345.14869922        5.220597E+04
       5347.26246875        5.297310E+04
       5349.37721484        5.465573E+04
       5351.49244922        5.693911E+04
       5353.60768359        5.895047E+04
       5355.72438281        6.006611E+04
       5357.84157031        6.007697E+04
       5359.95924609        5.911425E+04
       5362.07838672        5.798739E+04
       5364.19703906        5.683485E+04
       5366.31764453        5.546783E+04
       5368.43825000        5.424335E+04
       5370.55983203        5.438643E+04
       5372.68141406        5.636967E+04
       5374.80446094        5.834236E+04
       5376.92799609        5.945350E+04
       5379.05201953        5.966665E+04
       5381.17653125        5.931201E+04
       5383.30201953        5.868782E+04
       5385.42799609        5.776200E+04
       5387.55543750        5.653248E+04
       5389.68239063        5.525799E+04
       5391.81032031        5.444062E+04
       5393.94020313        5.381553E+04
       5396.06959766        5.370779E+04
       5398.19996875        5.431063E+04
       5400.33033984        5.454392E+04
       5402.46266406        5.364916E+04
       5404.59547656        5.270023E+04
       5406.72828906        5.314890E+04
       5408.86158984        5.506527E+04
       5410.99635547        5.802592E+04
       5413.13160938        6.071143E+04
       5415.26735156        6.232890E+04
       5417.40358203        6.278829E+04
       5419.54078906        6.263435E+04
       5421.67897266        6.238928E+04
       5423.81764453        6.201456E+04
       5425.95631641        6.104309E+04
       5428.09547656        5.943872E+04
       5430.23610156        5.802377E+04
       5432.37819141        5.758498E+04
       5434.52076953        5.848807E+04
       5436.66285938        6.076853E+04
       5438.80592578        6.310492E+04
       5440.95094531        6.382983E+04
       5443.09547656        6.230425E+04
       5445.24049609        5.992111E+04
       5447.38698047        5.864467E+04
       5449.53444141        5.860218E+04
       5451.68141406        5.834985E+04
       5453.82936328        5.803478E+04
       5455.97828906        5.854076E+04
       5458.12770313        5.968923E+04
       5460.27858203        6.051533E+04
       5462.42897266        6.101508E+04
       5464.58082813        6.149336E+04
       5466.73317188        6.155769E+04
       5468.88600391        6.109320E+04
       5471.03932422        6.017081E+04
       5473.19410938        5.934828E+04
       5475.34938281        5.917536E+04
       5477.50514453        5.974201E+04
       5479.66188281        6.050719E+04
       5481.81813281        6.139775E+04
       5483.97682422        6.243905E+04
       5486.13502734        6.302376E+04
       5488.29469531        6.332298E+04
       5490.45387500        6.376518E+04
       5492.61451953        6.413720E+04
       5494.77614063        6.432702E+04
       5496.93825000        6.463916E+04
       5499.10035938        6.462729E+04
       5501.26442188        6.419738E+04
       5503.42848438        6.360154E+04
       5505.59303516        6.336786E+04
       5507.75856250        6.327848E+04
       5509.92457813        6.274551E+04
       5512.09108203        6.217547E+04
       5514.25905078        6.311306E+04
       5516.42750781        6.544791E+04
       5518.59498828        6.792710E+04
       5520.76539844        6.914420E+04
       5522.93532031        6.912770E+04
       5525.10621875        6.835756E+04
       5527.27760547        6.791234E+04
       5529.45045703        6.822907E+04
       5531.62379688        6.870297E+04
       5533.79664844        6.916189E+04
       5535.97145313        6.986495E+04
       5538.14625781        7.101097E+04
       5540.32203906        7.180520E+04
       5542.49879688        7.206262E+04
       5544.67555469        7.241497E+04
       5546.85328906        7.321827E+04
       5549.03200000        7.394903E+04
       5551.21168750        7.396054E+04
       5553.39088672        7.329041E+04
       5555.57155078        7.261450E+04
       5557.75270313        7.220159E+04
       5559.93532031        7.176404E+04
       5562.11744922        7.132473E+04
       5564.30104297        7.101153E+04
       5566.48512500        7.120509E+04
       5568.66969531        7.182457E+04
       5570.85475391        7.266605E+04
       5573.04078906        7.340542E+04
       5575.22780078        7.386946E+04
       5577.41530078        7.396122E+04
       5579.60377734        7.342896E+04
       5581.79176563        7.217693E+04
       5583.98170703        7.024834E+04
       5586.17164844        6.846627E+04
       5588.36305469        6.800551E+04
       5590.55397266        6.885796E+04
       5592.74586719        7.010256E+04
       5594.93971484        7.085553E+04
       5597.13356250        7.062972E+04
       5599.32789844        7.032613E+04
       5601.52321094        7.121458E+04
       5603.71852344        7.324556E+04
       5605.91481250        7.535143E+04
       5608.11207813        7.626874E+04
       5610.30983203        7.598845E+04
       5612.50856250        7.463189E+04
       5614.70680469        7.300241E+04
       5616.90700000        7.224979E+04
       5619.10719531        7.229570E+04
       5621.30885547        7.224840E+04
       5623.51051563        7.218741E+04
       5625.71315234        7.293894E+04
       5627.91627734        7.442901E+04
       5630.12037891        7.562845E+04
       5632.32448047        7.585666E+04
       5634.53102344        7.532865E+04
       5636.73658984        7.454444E+04
       5638.94313281        7.412038E+04
       5641.15114063        7.417471E+04
       5643.35817188        7.468819E+04
       5645.56715625        7.552043E+04
       5647.77711719        7.650249E+04
       5649.98756641        7.749591E+04
       5652.19801563        7.761133E+04
       5654.40944141        7.654193E+04
       5656.62233203        7.513505E+04
       5658.83424609        7.463516E+04
       5661.04811328        7.523326E+04
       5663.26246875        7.616381E+04
       5665.47731250        7.684133E+04
       5667.69313281        7.748938E+04
       5669.90944141        7.870578E+04
       5672.12672656        8.037116E+04
       5674.34450000        8.156827E+04
       5676.56276172        8.178872E+04
       5678.78200000        8.133722E+04
       5681.00172656        8.076141E+04
       5683.22145313        8.061812E+04
       5685.44313281        8.068932E+04
       5687.66530078        8.132154E+04
       5689.88746875        8.246118E+04
       5692.11110156        8.291356E+04
       5694.33473438        8.200830E+04
       5696.55934375        8.031472E+04
       5698.78492969        7.862316E+04
       5701.01051563        7.754246E+04
       5703.23707813        7.685173E+04
       5705.46461719        7.611655E+04
       5707.69313281        7.589024E+04
       5709.92262500        7.716714E+04
       5712.15162891        7.972083E+04
       5714.38160938        8.223029E+04
       5716.61207813        8.424016E+04
       5718.84401172        8.562341E+04
       5721.07594531        8.636015E+04
       5723.30885547        8.603748E+04
       5725.54225391        8.527268E+04
       5727.77662891        8.496162E+04
       5730.01149219        8.528637E+04
       5732.24684375        8.591860E+04
       5734.48317188        8.640830E+04
       5736.72047656        8.657048E+04
       5738.95826953        8.667911E+04
       5741.19655078        8.709700E+04
       5743.43532031        8.762694E+04
       5745.67555469        8.779698E+04
       5747.91578906        8.756442E+04
       5750.15700000        8.739578E+04
       5752.39869922        8.756431E+04
       5754.64137500        8.810603E+04
       5756.88502734        8.820327E+04
       5759.12867969        8.770013E+04
       5761.37330859        8.784164E+04
       5763.61793750        8.932088E+04
       5765.86403125        9.059320E+04
       5768.11110156        9.067684E+04
       5770.35817188        8.988960E+04
       5772.60621875        8.880497E+04
       5774.85524219        8.736364E+04
       5777.10426563        8.520347E+04
       5779.35475391        8.273632E+04
       5781.60524219        8.138339E+04
       5783.85719531        8.211221E+04
       5786.10914844        8.423327E+04
       5788.36207813        8.672930E+04
       5790.61500781        8.910918E+04
       5792.86940234        9.094408E+04
       5795.12477344        9.204273E+04
       5797.38014453        9.311819E+04
       5799.63649219        9.437749E+04
       5801.89381641        9.486027E+04
       5804.15114063        9.465387E+04
       5806.40895313        9.463271E+04
       5808.66871875        9.474408E+04
       5810.92848438        9.457330E+04
       5813.18873828        9.440684E+04
       5815.44996875        9.484375E+04
       5817.71168750        9.608793E+04
       5819.97340625        9.693092E+04
       5822.23707813        9.725796E+04
       5824.50172656        9.762081E+04
       5826.76539844        9.793309E+04
       5829.03053516        9.796853E+04
       5831.29664844        9.757009E+04
       5833.56325000        9.715986E+04
       5835.83082813        9.722477E+04
       5838.09840625        9.767322E+04
       5840.36793750        9.813456E+04
       5842.63649219        9.782218E+04
       5844.90651172        9.658810E+04
       5847.17750781        9.509169E+04
       5849.44899219        9.381931E+04
       5851.72096484        9.256335E+04
       5853.99391406        9.189060E+04
       5856.26735156        9.185429E+04
       5858.54176563        9.252744E+04
       5860.81715625        9.309390E+04
       5863.09254688        9.344137E+04
       5865.36842578        9.388681E+04
       5867.64528125        9.479996E+04
       5869.92311328        9.540531E+04
       5872.20094531        9.512272E+04
       5874.48024219        9.397412E+04
       5876.75953906        9.244898E+04
       5879.04030078        9.081754E+04
       5881.32155078        8.888999E+04
       5883.60328906        8.492123E+04
       5885.88600391        7.845180E+04
       5888.16871875        7.272408E+04
       5890.45192188        7.084817E+04
       5892.73658984        7.217945E+04
       5895.02076953        7.573697E+04
       5897.30690234        8.109326E+04
       5899.59303516        8.627394E+04
       5901.87965625        8.965468E+04
       5904.16725391        9.151420E+04
       5906.45485156        9.258872E+04
       5908.74342578        9.307146E+04
       5911.03297656        9.261498E+04
       5913.32350391        9.212280E+04
       5915.61403125        9.243284E+04
       5917.90455859        9.327463E+04
       5920.19655078        9.398765E+04
       5922.48903125        9.464887E+04
       5924.78200000        9.530108E+04
       5927.07594531        9.574978E+04
       5929.37037891        9.586376E+04
       5931.66530078        9.584511E+04
       5933.96119922        9.586314E+04
       5936.25709766        9.615205E+04
       5938.55397266        9.652159E+04
       5940.85133594        9.705956E+04
       5943.14918750        9.794365E+04
       5945.44752734        9.820869E+04
       5947.74733203        9.772738E+04
       5950.04762500        9.707565E+04
       5952.34742969        9.667378E+04
       5954.64918750        9.684130E+04
       5956.95045703        9.789469E+04
       5959.25319141        9.928917E+04
       5961.55690234        1.002068E+05
       5963.86012500        1.008375E+05
       5966.16383594        1.016670E+05
       5968.46950000        1.023010E+05
       5970.77516406        1.021541E+05
       5973.08131641        1.011657E+05
       5975.38844531        9.988815E+04
       5977.69557422        9.910793E+04
       5980.00416797        9.871760E+04
       5982.31276172        9.894496E+04
       5984.62233203        9.997544E+04
       5986.93239063        1.015302E+05
       5989.24342578        1.026802E+05
       5991.55446094        1.033434E+05
       5993.86598438        1.032158E+05
       5996.17848438        1.026341E+05
       5998.49147266        1.020694E+05
       6000.80543750        1.018008E+05
       6003.11940234        1.015724E+05
       6005.43434375        1.016197E+05
       6007.75026172        1.019008E+05
       6010.06666797        1.020910E+05
       6012.38356250        1.018838E+05
       6014.70094531        1.017868E+05
       6017.01930469        1.023607E+05
       6019.33815234        1.037388E+05
       6021.65748828        1.053825E+05
       6023.97731250        1.071182E+05
       6026.29811328        1.084953E+05
       6028.61891406        1.095507E+05
       6030.94166797        1.105197E+05
       6033.26393359        1.113219E+05
       6035.58766406        1.118426E+05
       6037.91090625        1.121825E+05
       6040.23512500        1.130209E+05
       6042.56032031        1.140837E+05
       6044.88600391        1.147737E+05
       6047.21266406        1.147673E+05
       6049.53883594        1.141694E+05
       6051.86696094        1.131482E+05
       6054.19508594        1.120483E+05
       6056.52369922        1.114550E+05
       6058.85328906        1.113955E+05
       6061.18336719        1.114941E+05
       6063.51344531        1.125121E+05
       6065.84498828        1.147507E+05
       6068.17750781        1.170268E+05
       6070.51051563        1.180374E+05
       6072.84254688        1.175001E+05
       6075.17701953        1.160368E+05
       6077.51149219        1.142733E+05
       6079.84645313        1.130566E+05
       6082.18190234        1.127013E+05
       6084.51832813        1.126426E+05
       6086.85524219        1.123372E+05
       6089.19264453        1.121627E+05
       6091.53102344        1.129633E+05
       6093.86989063        1.139318E+05
       6096.20924609        1.141164E+05
       6098.54957813        1.134102E+05
       6100.89039844        1.127516E+05
       6103.23121875        1.131467E+05
       6105.57399219        1.143494E+05
       6107.91627734        1.155292E+05
       6110.25953906        1.164291E+05
       6112.60328906        1.164966E+05
       6114.94801563        1.153945E+05
       6117.29323047        1.134476E+05
       6119.63844531        1.121856E+05
       6121.98463672        1.125337E+05
       6124.33229297        1.136562E+05
       6126.67946094        1.146170E+05
       6129.02760547        1.147454E+05
       6131.37672656        1.131129E+05
       6133.72682422        1.109370E+05
       6136.07643359        1.107890E+05
       6138.42750781        1.135068E+05
       6140.77858203        1.161678E+05
       6143.13063281        1.173445E+05
       6145.48317188        1.170943E+05
       6147.83668750        1.160903E+05
       6150.19069141        1.152236E+05
       6152.54469531        1.136586E+05
       6154.90065234        1.104527E+05
       6157.25563281        1.061113E+05
       6159.61305469        1.024921E+05
       6161.96901172        1.015896E+05
       6164.32741016        1.027915E+05
       6166.68532031        1.040282E+05
       6169.04469531        1.053578E+05
       6171.40407031        1.071340E+05
       6173.76344531        1.089470E+05
       6176.12428516        1.102678E+05
       6178.48610156        1.107846E+05
       6180.84791797        1.098715E+05
       6183.21119922        1.073221E+05
       6185.57350391        1.043048E+05
       6187.93776172        1.025830E+05
       6190.30250781        1.031836E+05
       6192.66774219        1.054947E+05
       6195.03395313        1.071226E+05
       6197.40016406        1.079938E+05
       6199.76735156        1.089683E+05
       6202.13502734        1.100674E+05
       6204.50367969        1.101788E+05
       6206.87233203        1.083362E+05
       6209.24098438        1.048770E+05
       6211.61158984        1.015013E+05
       6213.98317188        9.949799E+04
       6216.35426563        9.897887E+04
       6218.72682422        9.897188E+04
       6221.09889453        9.910404E+04
       6223.47194141        9.918580E+04
       6225.84596484        9.888039E+04
       6228.22145313        9.877029E+04
       6230.59596484        9.984517E+04
       6232.97145313        1.011600E+05
       6235.34791797        1.008782E+05
       6237.72584766        9.946761E+04
       6240.10328906        9.876275E+04
       6242.48170703        1.001081E+05
       6244.86012500        1.020077E+05
       6247.24000781        1.028489E+05
       6249.62037891        1.017594E+05
       6252.00123828        9.979255E+04
       6254.38307422        9.842694E+04
       6256.76442188        9.894432E+04
       6259.14723438        1.019721E+05
       6261.53053516        1.050126E+05
       6263.91481250        1.065289E+05
       6266.29957813        1.072595E+05
       6268.68532031        1.079498E+05
       6271.07106250        1.081912E+05
       6273.45729297        1.077348E+05
       6275.84401172        1.071938E+05
       6278.23268359        1.076227E+05
       6280.62086719        1.095492E+05
       6283.00953906        1.124601E+05
       6285.39869922        1.147437E+05
       6287.78981250        1.151867E+05
       6290.18043750        1.140469E+05
       6292.57203906        1.125465E+05
       6294.96364063        1.118348E+05
       6297.35719531        1.123930E+05
       6299.75075000        1.136949E+05
       6302.14430469        1.152590E+05
       6304.53932422        1.170328E+05
       6306.93434375        1.181149E+05
       6309.33082813        1.180893E+05
       6311.72633594        1.175132E+05
       6314.12428516        1.172479E+05
       6316.52125781        1.180711E+05
       6318.92067188        1.199391E+05
       6321.31910938        1.220817E+05
       6323.71852344        1.238916E+05
       6326.11891406        1.252175E+05
       6328.52028125        1.260668E+05
       6330.92164844        1.259779E+05
       6333.32399219        1.253759E+05
       6335.72633594        1.250286E+05
       6338.12916797        1.251634E+05
       6340.53395313        1.253530E+05
       6342.93825000        1.259887E+05
       6345.34254688        1.273983E+05
       6347.74782031        1.280706E+05
       6350.15407031        1.270845E+05
       6352.56080859        1.246379E+05
       6354.96754688        1.215162E+05
       6357.37526172        1.191151E+05
       6359.78346484        1.191371E+05
       6362.19215625        1.220445E+05
       6364.60133594        1.267605E+05
       6367.01198047        1.311302E+05
       6369.42116016        1.337901E+05
       6371.83278125        1.347150E+05
       6374.24440234        1.342677E+05
       6376.65700000        1.335898E+05
       6379.06959766        1.337740E+05
       6381.48219531        1.347262E+05
       6383.89674609        1.352762E+05
       6386.31129688        1.348800E+05
       6388.72535938        1.338950E+05
       6391.14137500        1.332293E+05
       6393.55739063        1.334684E+05
       6395.97340625        1.342678E+05
       6398.39088672        1.352992E+05
       6400.80885547        1.365253E+05
       6403.22731250        1.371844E+05
       6405.64576953        1.367153E+05
       6408.06569141        1.358688E+05
       6410.48512500        1.355391E+05
       6412.90602344        1.356509E+05
       6415.32643359        1.357648E+05
       6417.74830859        1.361757E+05
       6420.17067188        1.372111E+05
       6422.59352344        1.384645E+05
       6425.01637500        1.383582E+05
       6427.44020313        1.374933E+05
       6429.86403125        1.372794E+05
       6432.28883594        1.381761E+05
       6434.71559375        1.396205E+05
       6437.14186328        1.410517E+05
       6439.56764453        1.422673E+05
       6441.99489063        1.420719E+05
       6444.42360156        1.395890E+05
       6446.85084766        1.369823E+05
       6449.28004688        1.366749E+05
       6451.70924609        1.391052E+05
       6454.13991016        1.419862E+05
       6456.57008594        1.432328E+05
       6459.00123828        1.430894E+05
       6461.43287891        1.429401E+05
       6463.86549609        1.434672E+05
       6466.29811328        1.443102E+05
       6468.73073047        1.447082E+05
       6471.16481250        1.449158E+05
       6473.59938281        1.449969E+05
       6476.03492969        1.443939E+05
       6478.47047656        1.433912E+05
       6480.90651172        1.426221E+05
       6483.34352344        1.420012E+05
       6485.78053516        1.405178E+05
       6488.21852344        1.371431E+05
       6490.65700000        1.327904E+05
       6493.09547656        1.299961E+05
       6495.53492969        1.308416E+05
       6497.97535938        1.346865E+05
       6500.41481250        1.390683E+05
       6502.85621875        1.422749E+05
       6505.29762500        1.443084E+05
       6507.74000781        1.455561E+05
       6510.18336719        1.465489E+05
       6512.62623828        1.470616E+05
       6515.07057422        1.475234E+05
       6517.51539844        1.482214E+05
       6519.96022266        1.490232E+05
       6522.40553516        1.493459E+05
       6524.85231250        1.493008E+05
       6527.29908984        1.491832E+05
       6529.74586719        1.496324E+05
       6532.19362109        1.504844E+05
       6534.64186328        1.513648E+05
       6537.09157031        1.514433E+05
       6539.54078906        1.503563E+05
       6541.99098438        1.487463E+05
       6544.44215625        1.475729E+05
       6546.89283984        1.466402E+05
       6549.34401172        1.453948E+05
       6551.79713672        1.439178E+05
       6554.24977344        1.417700E+05
       6556.70338672        1.388701E+05
       6559.15700000        1.365624E+05
       6561.61207813        1.371926E+05
       6564.06715625        1.408310E+05
       6566.52321094        1.441837E+05
       6568.97828906        1.453787E+05
       6571.43580859        1.460870E+05
       6573.89283984        1.474239E+05
       6576.35035938        1.492293E+05
       6578.80885547        1.506864E+05
       6581.26783984        1.517905E+05
       6583.72780078        1.523746E+05
       6586.18776172        1.517848E+05
       6588.64821094        1.501194E+05
       6591.10963672        1.489652E+05
       6593.57106250        1.492374E+05
       6596.03395313        1.506433E+05
       6598.49684375        1.514950E+05
       6600.96071094        1.511229E+05
       6603.42408984        1.499512E+05
       6605.88893359        1.496152E+05
       6608.35426563        1.507914E+05
       6610.81910938        1.528460E+05
       6613.28639453        1.546641E+05
       6615.75270313        1.554266E+05
       6618.22047656        1.547001E+05
       6620.68873828        1.531836E+05
       6623.15651172        1.519729E+05
       6625.62575000        1.513143E+05
       6628.09596484        1.511537E+05
       6630.56520313        1.514368E+05
       6633.03590625        1.523609E+05
       6635.50709766        1.534704E+05
       6637.97926563        1.539011E+05
       6640.45143359        1.537298E+05
       6642.92457813        1.534940E+05
       6645.39772266        1.535081E+05
       6647.87233203        1.534929E+05
       6650.34694141        1.532117E+05
       6652.82252734        1.528918E+05
       6655.29762500        1.522319E+05
       6657.77321094        1.511655E+05
       6660.25075000        1.501205E+05
       6662.72731250        1.501599E+05
       6665.20680469        1.513995E+05
       6667.68532031        1.533772E+05
       6670.16481250        1.539496E+05
       6672.64381641        1.528489E+05
       6675.12379688        1.514164E+05
       6677.60426563        1.509528E+05
       6680.08619922        1.516910E+05
       6682.56764453        1.529285E+05
       6685.05006641        1.534869E+05
       6687.53297656        1.535284E+05
       6690.01735156        1.531493E+05
       6692.50075000        1.527098E+05
       6694.98561328        1.527518E+05
       6697.47047656        1.532997E+05
       6699.95680469        1.540811E+05
       6702.44215625        1.542375E+05
       6704.93043750        1.536785E+05
       6707.41774219        1.523949E+05
       6709.90553516        1.502004E+05
       6712.39430469        1.484261E+05
       6714.88356250        1.479189E+05
       6717.37282031        1.487698E+05
       6719.86305469        1.502819E+05
       6722.35426563        1.515373E+05
       6724.84547656        1.524174E+05
       6727.33717578        1.528598E+05
       6729.82936328        1.530726E+05
       6732.32301563        1.527373E+05
       6734.81617969        1.517858E+05
       6737.31032031        1.508118E+05
       6739.80494922        1.499694E+05
       6742.30006641        1.492997E+05
       6744.79616016        1.487049E+05
       6747.29274219        1.486475E+05
       6749.78981250        1.496795E+05
       6752.28688281        1.518924E+05
       6754.78492969        1.544908E+05
       6757.28395313        1.558052E+05
       6759.78297656        1.557447E+05
       6762.28297656        1.548950E+05
       6764.78346484        1.544535E+05
       6767.28395313        1.551660E+05
       6769.78541797        1.570117E+05
       6772.28688281        1.588673E+05
       6774.78981250        1.593981E+05
       6777.29274219        1.579321E+05
       6779.79616016        1.556630E+05
       6782.30055469        1.540165E+05
       6784.80543750        1.537997E+05
       6787.31080859        1.547934E+05
       6789.81715625        1.559032E+05
       6792.32252734        1.567651E+05
       6794.82985156        1.578772E+05
       6797.33766406        1.591032E+05
       6799.84547656        1.600506E+05
       6802.35426563        1.604831E+05
       6804.86305469        1.605869E+05
       6807.37282031        1.605331E+05
       6809.88160938        1.604885E+05
       6812.39332813        1.608155E+05
       6814.90407031        1.615886E+05
       6817.41481250        1.626459E+05
       6819.92701953        1.633661E+05
       6822.43971484        1.635592E+05
       6824.95192188        1.633509E+05
       6827.46510547        1.631383E+05
       6829.97877734        1.630644E+05
       6832.49391406        1.629192E+05
       6835.00856250        1.621461E+05
       6837.52272266        1.613549E+05
       6840.03883594        1.612074E+05
       6842.55446094        1.618898E+05
       6845.07155078        1.624699E+05
       6847.58864063        1.620760E+05
       6850.10621875        1.609008E+05
       6852.62379688        1.597078E+05
       6855.14235156        1.583560E+05
       6857.66139453        1.565088E+05
       6860.18141406        1.523979E+05
       6862.70045703        1.451927E+05
       6865.22145313        1.370713E+05
       6867.74196094        1.313474E+05
       6870.26295703        1.314495E+05
       6872.78492969        1.364008E+05
       6875.30787891        1.425582E+05
       6877.83033984        1.478439E+05
       6880.35377734        1.503912E+05
       6882.87672656        1.515318E+05
       6885.40162891        1.518462E+05
       6887.92653125        1.520749E+05
       6890.45045703        1.526109E+05
       6892.97731250        1.534548E+05
       6895.50270313        1.548133E+05
       6898.03004688        1.564171E+05
       6900.55641406        1.584280E+05
       6903.08424609        1.601607E+05
       6905.61158984        1.614148E+05
       6908.14088672        1.621160E+05
       6910.66969531        1.627970E+05
       6913.19948047        1.638321E+05
       6915.72926563        1.651368E+05
       6918.25905078        1.659899E+05
       6920.78981250        1.663276E+05
       6923.32106250        1.666918E+05
       6925.85280078        1.673777E+05
       6928.38502734        1.683873E+05
       6930.91774219        1.692877E+05
       6933.45143359        1.701014E+05
       6935.98512500        1.708121E+05
       6938.51930469        1.710881E+05
       6941.05446094        1.711258E+05
       6943.58864063        1.711987E+05
       6946.12477344        1.712262E+05
       6948.66090625        1.716943E+05
       6951.19703906        1.724132E+05
       6953.73414844        1.737402E+05
       6956.27174609        1.752731E+05
       6958.80983203        1.766220E+05
       6961.34938281        1.774620E+05
       6963.88698047        1.778141E+05
       6966.42653125        1.772914E+05
       6968.96657031        1.757034E+05
       6971.50758594        1.731203E+05
       6974.04762500        1.711891E+05
       6976.58864063        1.712423E+05
       6979.13112109        1.728870E+05
       6981.67213672        1.753934E+05
       6984.21559375        1.764798E+05
       6986.75856250        1.766779E+05
       6989.30299609        1.766256E+05
       6991.84645313        1.765024E+05
       6994.39137500        1.761522E+05
       6996.93678516        1.755752E+05
       6999.48268359        1.753040E+05
       7002.02809375        1.754795E+05
       7004.57496875        1.758275E+05
       7007.12184375        1.757620E+05
       7009.66969531        1.752061E+05
       7012.21754688        1.749188E+05
       7014.76539844        1.752302E+05
       7017.31520313        1.756053E+05
       7019.86403125        1.762048E+05
       7022.41383594        1.764562E+05
       7024.96461719        1.770055E+05
       7027.51539844        1.780624E+05
       7030.06617969        1.788160E+05
       7032.61744922        1.794385E+05
       7035.17018359        1.806474E+05
       7037.72291797        1.824075E+05
       7040.27662891        1.841653E+05
       7042.82936328        1.847584E+05
       7045.38453906        1.827779E+05
       7047.93873828        1.790588E+05
       7050.49391406        1.750289E+05
       7053.04957813        1.719993E+05
       7055.60524219        1.699506E+05
       7058.16188281        1.686178E+05
       7060.71950000        1.674351E+05
       7063.27662891        1.672592E+05
       7065.83424609        1.688636E+05
       7068.39283984        1.715376E+05
       7070.95192188        1.743959E+05
       7073.51100391        1.757126E+05
       7076.07106250        1.749377E+05
       7078.63160938        1.716025E+05
       7081.19166797        1.673442E+05
       7083.75416797        1.636992E+05
       7086.31520313        1.617358E+05
       7088.87721484        1.613747E+05
       7091.44020313        1.618701E+05
       7094.00319141        1.626328E+05
       7096.56666797        1.630596E+05
       7099.13112109        1.633543E+05
       7101.69655078        1.634877E+05
       7104.26051563        1.633778E+05
       7106.82692188        1.635096E+05
       7109.39235156        1.640661E+05
       7111.95924609        1.648444E+05
       7114.52614063        1.653133E+05
       7117.09352344        1.643915E+05
       7119.66139453        1.614787E+05
       7122.23024219        1.577908E+05
       7124.79860156        1.546547E+05
       7127.36793750        1.530307E+05
       7129.93776172        1.533550E+05
       7132.50758594        1.544019E+05
       7135.07887500        1.559829E+05
       7137.65016406        1.570750E+05
       7140.22145313        1.578372E+05
       7142.79420703        1.583689E+05
       7145.36696094        1.590238E+05
       7147.93971484        1.601406E+05
       7150.51442188        1.613502E+05
       7153.08668750        1.623314E+05
       7155.66285938        1.626014E+05
       7158.23756641        1.624110E+05
       7160.81325000        1.625512E+05
       7163.38844531        1.630717E+05
       7165.96559375        1.638254E+05
       7168.54274219        1.644337E+05
       7171.11989063        1.644080E+05
       7173.69801563        1.637969E+05
       7176.27614063        1.628909E+05
       7178.85524219        1.616406E+05
       7181.43434375        1.601417E+05
       7184.01393359        1.591867E+05
       7186.59450000        1.591825E+05
       7189.17555469        1.603152E+05
       7191.75660938        1.615524E+05
       7194.33864063        1.623305E+05
       7196.92018359        1.627174E+05
       7199.50367969        1.628992E+05
       7202.08668750        1.632327E+05
       7204.66969531        1.642118E+05
       7207.25367969        1.659710E+05
       7209.83864063        1.682662E+05
       7212.42360156        1.704867E+05
       7215.00953906        1.722387E+05
       7217.59450000        1.736108E+05
       7220.18239063        1.747898E+05
       7222.76881641        1.756853E+05
       7225.35621875        1.762760E+05
       7227.94410938        1.762286E+05
       7230.53297656        1.758258E+05
       7233.12184375        1.753918E+05
       7235.71071094        1.751855E+05
       7238.30055469        1.752833E+05
       7240.89137500        1.759315E+05
       7243.48121875        1.765038E+05
       7246.07301563        1.766702E+05
       7248.66481250        1.770341E+05
       7251.25660938        1.774046E+05
       7253.84987109        1.775414E+05
       7256.44313281        1.777241E+05
       7259.03639453        1.781209E+05
       7261.63014453        1.788268E+05
       7264.22535938        1.798092E+05
       7266.82008594        1.804602E+05
       7269.41578906        1.805958E+05
       7272.01149219        1.803892E+05
       7274.60817188        1.799771E+05
       7277.20485156        1.795136E+05
       7279.80250781        1.791504E+05
       7282.40065234        1.784637E+05
       7284.99830859        1.780155E+05
       7287.59791797        1.785181E+05
       7290.19752734        1.800505E+05
       7292.79713672        1.821395E+05
       7295.39625781        1.837714E+05
       7297.99733203        1.844190E+05
       7300.59791797        1.843047E+05
       7303.19948047        1.841496E+05
       7305.80153125        1.842615E+05
       7308.40407031        1.844230E+05
       7311.00758594        1.845888E+05
       7313.61012500        1.847832E+05
       7316.21461719        1.848028E+05
       7318.81862109        1.848129E+05
       7321.42360156        1.853617E+05
       7324.02858203        1.860550E+05
       7326.63453906        1.871992E+05
       7329.23951953        1.887954E+05
       7331.84694141        1.903956E+05
       7334.45436328        1.916111E+05
       7337.06129688        1.920132E+05
       7339.66871875        1.914158E+05
       7342.27711719        1.906448E+05
       7344.88551563        1.894099E+05
       7347.49586719        1.876344E+05
       7350.10573047        1.857148E+05
       7352.71559375        1.844334E+05
       7355.32594531        1.841371E+05
       7357.93678516        1.849184E+05
       7360.54860156        1.868369E+05
       7363.15992969        1.895767E+05
       7365.77272266        1.929089E+05
       7368.38600391        1.957450E+05
       7370.99928516        1.974293E+05
       7373.61256641        1.977400E+05
       7376.22731250        1.964857E+05
       7378.84254688        1.942821E+05
       7381.45729297        1.919346E+05
       7384.07203906        1.907924E+05
       7386.68922656        1.911529E+05
       7389.30592578        1.922529E+05
       7391.92262500        1.934704E+05
       7394.53981250        1.944502E+05
       7397.15748828        1.952113E+05
       7399.77565234        1.956894E+05
       7402.39528125        1.956144E+05
       7405.01393359        1.946717E+05
       7407.63405078        1.928446E+05
       7410.25367969        1.911731E+05
       7412.87428516        1.902227E+05
       7415.49586719        1.902089E+05
       7418.11647266        1.915407E+05
       7420.73903125        1.932667E+05
       7423.36061328        1.948042E+05
       7425.98414844        1.960227E+05
       7428.60768359        1.966945E+05
       7431.23121875        1.964536E+05
       7433.85524219        1.959444E+05
       7436.48024219        1.955776E+05
       7439.10475391        1.954215E+05
       7441.73121875        1.959919E+05
       7444.35719531        1.972920E+05
       7446.98414844        1.986186E+05
       7449.61061328        1.992178E+05
       7452.23805469        1.987297E+05
       7454.86598438        1.974699E+05
       7457.49489063        1.969037E+05
       7460.12282031        1.969280E+05
       7462.75319141        1.971964E+05
       7465.38209766        1.971967E+05
       7468.01198047        1.969596E+05
       7470.64332813        1.968311E+05
       7473.27321094        1.970392E+05
       7475.90602344        1.974414E+05
       7478.53639453        1.977123E+05
       7481.16969531        1.976882E+05
       7483.80201953        1.968800E+05
       7486.43580859        1.956892E+05
       7489.06959766        1.950987E+05
       7491.70338672        1.956306E+05
       7494.33864063        1.970847E+05
       7496.97340625        1.990080E+05
       7499.60914844        2.000499E+05
       7502.24537891        2.000192E+05
       7504.88258594        1.999814E+05
       7507.51930469        2.004829E+05
       7510.15602344        2.015003E+05
       7512.79420703        2.024623E+05
       7515.43239063        2.027358E+05
       7518.07155078        2.022605E+05
       7520.71022266        2.018910E+05
       7523.35084766        2.018445E+05
       7525.99000781        2.025565E+05
       7528.63063281        2.036231E+05
       7531.27174609        2.040969E+05
       7533.91383594        2.043269E+05
       7536.55543750        2.040649E+05
       7539.19801563        2.034811E+05
       7541.84059375        2.032005E+05
       7544.48414844        2.031021E+05
       7547.12770313        2.027978E+05
       7549.77223438        2.026070E+05
       7552.41676563        2.024032E+05
       7555.06129688        2.023844E+05
       7557.70729297        2.025166E+05
       7560.35328906        2.025700E+05
       7563.00026172        2.024554E+05
       7565.64674609        2.025226E+05
       7568.29469531        2.023321E+05
       7570.94215625        2.021891E+05
       7573.59059375        2.014595E+05
       7576.23903125        1.995065E+05
       7578.88844531        1.963712E+05
       7581.53785938        1.919356E+05
       7584.18825000        1.830902E+05
       7586.83912891        1.670163E+05
       7589.49000781        1.435775E+05
       7592.14088672        1.181591E+05
       7594.79323047        9.434889E+04
       7597.44606250        7.705840E+04
       7600.09840625        6.689665E+04
       7602.75221484        6.591889E+04
       7605.40553516        7.299590E+04
       7608.05983203        8.670790E+04
       7610.71412891        1.030407E+05
       7613.36989063        1.161556E+05
       7616.02467578        1.212974E+05
       7618.68141406        1.206660E+05
       7621.33717578        1.156513E+05
       7623.99489063        1.102662E+05
       7626.65211719        1.086728E+05
       7629.30934375        1.098475E+05
       7631.96803516        1.129210E+05
       7634.62672656        1.177972E+05
       7637.28541797        1.233959E+05
       7639.94655078        1.291898E+05
       7642.60621875        1.347582E+05
       7645.26637500        1.397913E+05
       7647.92848438        1.443482E+05
       7650.58864063        1.481399E+05
       7653.25075000        1.515443E+05
       7655.91285938        1.546447E+05
       7658.57594531        1.584833E+05
       7661.23903125        1.636994E+05
       7663.90358203        1.697049E+05
       7666.56715625        1.757276E+05
       7669.23219531        1.807053E+05
       7671.89723438        1.842336E+05
       7674.56325000        1.869587E+05
       7677.22877734        1.889224E+05
       7679.89479297        1.904217E+05
       7682.56227344        1.912480E+05
       7685.22926563        1.916646E+05
       7687.89723438        1.914147E+05
       7690.56520313        1.907106E+05
       7693.23414844        1.907347E+05
       7695.90309375        1.916370E+05
       7698.57350391        1.923023E+05
       7701.24391406        1.927276E+05
       7703.91432422        1.919585E+05
       7706.58473438        1.904970E+05
       7709.25660938        1.897552E+05
       7711.92897266        1.900907E+05
       7714.60133594        1.909395E+05
       7717.27321094        1.923209E+05
       7719.94703906        1.936319E+05
       7722.62086719        1.947682E+05
       7725.29469531        1.960007E+05
       7727.96950000        1.971961E+05
       7730.64430469        1.981286E+05
       7733.32008594        1.983850E+05
       7735.99684375        1.974443E+05
       7738.67213672        1.953845E+05
       7741.34987109        1.931279E+05
       7744.02662891        1.920409E+05
       7746.70485156        1.926278E+05
       7749.38356250        1.940872E+05
       7752.06178516        1.962027E+05
       7754.74098438        1.975908E+05
       7757.42067188        1.980784E+05
       7760.10035938        1.981905E+05
       7762.78102344        1.980884E+05
       7765.46266406        1.981995E+05
       7768.14332813        1.983678E+05
       7770.82594531        1.983607E+05
       7773.50758594        1.980778E+05
       7776.19117969        1.975827E+05
       7778.87379688        1.968680E+05
       7781.55836719        1.960179E+05
       7784.24196094        1.957891E+05
       7786.92604297        1.961828E+05
       7789.61110156        1.964531E+05
       7792.29664844        1.965762E+05
       7794.98219531        1.969853E+05
       7797.66774219        1.972711E+05
       7800.35475391        1.972178E+05
       7803.04176563        1.975473E+05
       7805.72828906        1.982154E+05
       7808.41627734        1.989189E+05
       7811.10328906        1.995856E+05
       7813.79225391        2.001125E+05
       7816.48024219        2.001788E+05
       7819.16969531        1.996939E+05
       7821.85866016        1.985374E+05
       7824.54957813        1.965837E+05
       7827.23854297        1.944204E+05
       7829.92897266        1.930650E+05
       7832.62037891        1.929141E+05
       7835.31080859        1.936678E+05
       7838.00270313        1.949335E+05
       7840.69459766        1.956896E+05
       7843.38649219        1.955614E+05
       7846.07936328        1.951156E+05
       7848.77174609        1.948937E+05
       7851.46461719        1.952705E+05
       7854.15846484        1.961008E+05
       7856.85328906        1.970787E+05
       7859.54664844        1.974838E+05
       7862.24147266        1.969281E+05
       7864.93678516        1.958907E+05
       7867.63209766        1.948431E+05
       7870.32838672        1.938421E+05
       7873.02467578        1.930857E+05
       7875.72096484        1.926707E+05
       7878.41920703        1.926447E+05
       7881.11500781        1.927731E+05
       7883.81325000        1.926089E+05
       7886.51100391        1.918024E+05
       7889.20924609        1.907304E+05
       7891.90797656        1.901056E+05
       7894.60670703        1.897992E+05
       7897.30592578        1.896637E+05
       7900.00660938        1.892975E+05
       7902.70631641        1.881398E+05
       7905.40651172        1.864254E+05
       7908.10768359        1.851166E+05
       7910.80934375        1.845465E+05
       7913.51100391        1.848491E+05
       7916.21266406        1.855020E+05
       7918.91530078        1.862905E+05
       7921.61842578        1.867148E+05
       7924.32008594        1.866740E+05
       7927.02418750        1.862412E+05
       7929.72780078        1.850356E+05
       7932.43287891        1.837696E+05
       7935.13698047        1.823760E+05
       7937.84157031        1.809547E+05
       7940.54616016        1.807200E+05
       7943.25172656        1.817068E+05
       7945.95778125        1.829830E+05
       7948.66432422        1.847796E+05
       7951.37184375        1.861296E+05
       7954.07789844        1.868597E+05
       7956.78590625        1.874034E+05
       7959.49342578        1.880333E+05
       7962.20192188        1.888909E+05
       7964.90992969        1.896036E+05
       7967.61940234        1.899517E+05
       7970.32789844        1.896195E+05
       7973.03785938        1.890692E+05
       7975.74782031        1.888394E+05
       7978.45826953        1.884139E+05
       7981.16871875        1.882660E+05
       7983.87867969        1.883147E+05
       7986.59108203        1.875701E+05
       7989.30299609        1.867311E+05
       7992.01539844        1.862880E+05
       7994.72731250        1.863156E+05
       7997.44020313        1.870957E+05
       8000.15358203        1.882068E+05
       8002.86744922        1.893819E+05
       8005.58033984        1.904852E+05
       8008.29518359        1.913554E+05
       8011.00953906        1.916477E+05
       8013.72487109        1.909341E+05
       8016.43971484        1.885654E+05
       8019.15553516        1.854559E+05
       8021.87184375        1.838982E+05
       8024.58864063        1.846431E+05
       8027.30494922        1.862641E+05
       8030.02272266        1.893411E+05
       8032.73903125        1.908322E+05
       8035.45778125        1.901888E+05
       8038.17506641        1.880045E+05
       8040.89528125        1.859351E+05
       8043.61305469        1.851753E+05
       8046.33278125        1.855319E+05
       8049.05250781        1.867813E+05
       8051.77223438        1.879874E+05
       8054.49293750        1.882940E+05
       8057.21412891        1.873907E+05
       8059.93532031        1.856135E+05
       8062.65651172        1.833296E+05
       8065.37819141        1.818250E+05
       8068.10084766        1.815441E+05
       8070.82399219        1.818114E+05
       8073.54616016        1.823101E+05
       8076.26930469        1.826554E+05
       8078.99293750        1.826996E+05
       8081.71754688        1.818541E+05
       8084.44166797        1.800617E+05
       8087.16627734        1.786592E+05
       8089.89235156        1.780902E+05
       8092.61744922        1.783191E+05
       8095.34352344        1.791175E+05
       8098.06862109        1.799041E+05
       8100.79664844        1.801497E+05
       8103.52321094        1.797028E+05
       8106.25026172        1.785245E+05
       8108.97731250        1.769975E+05
       8111.70582813        1.765930E+05
       8114.43434375        1.774634E+05
       8117.16285938        1.782429E+05
       8119.89235156        1.792813E+05
       8122.62184375        1.795435E+05
       8125.35133594        1.790942E+05
       8128.08180469        1.788581E+05
       8130.81227344        1.788346E+05
       8133.54323047        1.784134E+05
       8136.27467578        1.776555E+05
       8139.00563281        1.768404E+05
       8141.73805469        1.761507E+05
       8144.47047656        1.759959E+05
       8147.20338672        1.761519E+05
       8149.93629688        1.759925E+05
       8152.66969531        1.743759E+05
       8155.40358203        1.726476E+05
       8158.13844531        1.716665E+05
       8160.87282031        1.717853E+05
       8163.60621875        1.727482E+05
       8166.34254688        1.742897E+05
       8169.07838672        1.748345E+05
       8171.81373828        1.741169E+05
       8174.55055469        1.727335E+05
       8177.28688281        1.713001E+05
       8180.02418750        1.703408E+05
       8182.76100391        1.705224E+05
       8185.49977344        1.705788E+05
       8188.23707813        1.701177E+05
       8190.97633594        1.697880E+05
       8193.71364062        1.696068E+05
       8196.45387500        1.699249E+05
       8199.19410937        1.709909E+05
       8201.93336719        1.724412E+05
       8204.67457812        1.735190E+05
       8207.41481250        1.743885E+05
       8210.15700000        1.749532E+05
       8212.89723437        1.747608E+05
       8215.63942187        1.742377E+05
       8218.38063281        1.729886E+05
       8221.12477344        1.712699E+05
       8223.86696094        1.705090E+05
       8226.61012500        1.705877E+05
       8229.35328906        1.717613E+05
       8232.09742969        1.732609E+05
       8234.84157031        1.746632E+05
       8237.58668750        1.756541E+05
       8240.33180469        1.762231E+05
       8243.07692187        1.761977E+05
       8245.82203906        1.753297E+05
       8248.56813281        1.743019E+05
       8251.31520312        1.742254E+05
       8254.06227344        1.750315E+05
       8256.80934375        1.759833E+05
       8259.55641406        1.771116E+05
       8262.30543750        1.775162E+05
       8265.05348437        1.768590E+05
       8267.80153125        1.758333E+05
       8270.55153125        1.750802E+05
       8273.29957812        1.744519E+05
       8276.05055469        1.740244E+05
       8278.79957812        1.737088E+05
       8281.55055469        1.731127E+05
       8284.30055469        1.727921E+05
       8287.05348437        1.723926E+05
       8289.80446094        1.720598E+05
       8292.55543750        1.717069E+05
       8295.30836719        1.703363E+05
       8298.06032031        1.682880E+05
       8300.81422656        1.669179E+05
       8303.56715625        1.665043E+05
       8306.32106250        1.673472E+05
       8309.07496875        1.688607E+05
       8311.82985156        1.697103E+05
       8314.58375781        1.695993E+05
       8317.33961719        1.684207E+05
       8320.09450000        1.668850E+05
       8322.85035937        1.658580E+05
       8325.60621875        1.655810E+05
       8328.36207812        1.658635E+05
       8331.11989062        1.665884E+05
       8333.87575000        1.671318E+05
       8336.63356250        1.671614E+05
       8339.39039844        1.667722E+05
       8342.14821094        1.668673E+05
       8344.90700000        1.675202E+05
       8347.66676562        1.680084E+05
       8350.42457812        1.686298E+05
       8353.18434375        1.685292E+05
       8355.94410937        1.675088E+05
       8358.70387500        1.669705E+05
       8361.46461719        1.676091E+05
       8364.22438281        1.682355E+05
       8366.98512500        1.692349E+05
       8369.74684375        1.688729E+05
       8372.50953906        1.671190E+05
       8375.27028125        1.642170E+05
       8378.03297656        1.616585E+05
       8380.79567187        1.607808E+05
       8383.55934375        1.623259E+05
       8386.32203906        1.647212E+05
       8389.08571094        1.668254E+05
       8391.85035937        1.684767E+05
       8394.61403125        1.693261E+05
       8397.37770312        1.698949E+05
       8400.14332812        1.705790E+05
       8402.90895312        1.704635E+05
       8405.67360156        1.695986E+05
       8408.44117969        1.686156E+05
       8411.20582812        1.675735E+05
       8413.97242969        1.663262E+05
       8416.74000781        1.649813E+05
       8419.50758594        1.644016E+05
       8422.27418750        1.649953E+05
       8425.04274219        1.645491E+05
       8427.81032031        1.631045E+05
       8430.57887500        1.624012E+05
       8433.34840625        1.623521E+05
       8436.11793750        1.627169E+05
       8438.88746875        1.642675E+05
       8441.65700000        1.655665E+05
       8444.42653125        1.667673E+05
       8447.19801562        1.673542E+05
       8449.96754687        1.676626E+05
       8452.74000781        1.679989E+05
       8455.51149219        1.673793E+05
       8458.28297656        1.656555E+05
       8461.05446094        1.643854E+05
       8463.82789844        1.646594E+05
       8466.60035937        1.657314E+05
       8469.37379687        1.672084E+05
       8472.14723437        1.683708E+05
       8474.92067187        1.682494E+05
       8477.69606250        1.678170E+05
       8480.46950000        1.670815E+05
       8483.24489062        1.657897E+05
       8486.02028125        1.621740E+05
       8488.79567187        1.556350E+05
       8491.57203906        1.498644E+05
       8494.34742969        1.485254E+05
       8497.12379687        1.507463E+05
       8499.90114062        1.547832E+05
       8502.67750781        1.600806E+05
       8505.45582812        1.611495E+05
       8508.23414844        1.603547E+05
       8511.01149219        1.596125E+05
       8513.79078906        1.597508E+05
       8516.56910937        1.599467E+05
       8519.34840625        1.602221E+05
       8522.12672656        1.599843E+05
       8524.90797656        1.581379E+05
       8527.68727344        1.536864E+05
       8530.46754687        1.446645E+05
       8533.24782031        1.335522E+05
       8536.03004687        1.247578E+05
       8538.81032031        1.237361E+05
       8541.59352344        1.283938E+05
       8544.37575000        1.372222E+05
       8547.15797656        1.483154E+05
       8549.94020312        1.550518E+05
       8552.72340625        1.591445E+05
       8555.50660937        1.615614E+05
       8558.29078906        1.627892E+05
       8561.07496875        1.632998E+05
       8563.85914844        1.630892E+05
       8566.64332812        1.624674E+05
       8569.42848437        1.620467E+05
       8572.21461719        1.616176E+05
       8575.00075000        1.613583E+05
       8577.78590625        1.618558E+05
       8580.57301562        1.627126E+05
       8583.35914844        1.633442E+05
       8586.14723437        1.635446E+05
       8588.93434375        1.630575E+05
       8591.72340625        1.623104E+05
       8594.51051562        1.618930E+05
       8597.29762500        1.617263E+05
       8600.08668750        1.615891E+05
       8602.87575000        1.611784E+05
       8605.66481250        1.607702E+05
       8608.45485156        1.606178E+05
       8611.24586719        1.602323E+05
       8614.03492969        1.599023E+05
       8616.82594531        1.602607E+05
       8619.61696094        1.608288E+05
       8622.40895312        1.615083E+05
       8625.19996875        1.621911E+05
       8627.99196094        1.626477E+05
       8630.78492969        1.627375E+05
       8633.57789844        1.624553E+05
       8636.36989062        1.616691E+05
       8639.16383594        1.601660E+05
       8641.95778125        1.582672E+05
       8644.75172656        1.563453E+05
       8647.54664844        1.532642E+05
       8650.34059375        1.462665E+05
       8653.13551562        1.368078E+05
       8655.93141406        1.292111E+05
       8658.72633594        1.283260E+05
       8661.52223437        1.313018E+05
       8664.32008594        1.376044E+05
       8667.11598437        1.447195E+05
       8669.91285937        1.489655E+05
       8672.70973437        1.509276E+05
       8675.50856250        1.513357E+05
       8678.30543750        1.506659E+05
       8681.10426562        1.490113E+05
       8683.90309375        1.486344E+05
       8686.70192187        1.500334E+05
       8689.50075000        1.516767E+05
       8692.30055469        1.534708E+05
       8695.10133594        1.548240E+05
       8697.90114062        1.554679E+05
       8700.70192187        1.549968E+05
       8703.50270312        1.542864E+05
       8706.30446094        1.539250E+05
       8709.10524219        1.539416E+05
       8711.90797656        1.546144E+05
       8714.70973437        1.559638E+05
       8717.51246875        1.567174E+05
       8720.31520312        1.562710E+05
       8723.11793750        1.553008E+05
       8725.92164844        1.540129E+05
       8728.72633594        1.530359E+05
       8731.53004687        1.527213E+05
       8734.33473437        1.531755E+05
       8737.13942187        1.541060E+05
       8739.94606250        1.547305E+05
       8742.74977344        1.546507E+05
       8745.55641406        1.541742E+05
       8748.36207812        1.532912E+05
       8751.16969531        1.526698E+05
       8753.97633594        1.523386E+05
       8756.78395312        1.518692E+05
       8759.59059375        1.517179E+05
       8762.39918750        1.514193E+05
       8765.20778125        1.506365E+05
       8768.01637500        1.503805E+05
       8770.82496875        1.504197E+05
       8773.63453906        1.507727E+05
       8776.44410937        1.518409E+05
       8779.25465625        1.529556E+05
       8782.06422656        1.530812E+05
       8784.87477344        1.526351E+05
       8787.68434375        1.517422E+05
       8790.49684375        1.506914E+05
       8793.30836719        1.488031E+05
       8796.11989062        1.456694E+05
       8798.93141406        1.426499E+05
       8801.74489062        1.422785E+05
       8804.55739062        1.440240E+05
       8807.36989062        1.461289E+05
       8810.18434375        1.487337E+05
       8812.99879687        1.491747E+05
       8815.81227344        1.477563E+05
       8818.62672656        1.467076E+05
       8821.44215625        1.470178E+05
       8824.25660937        1.474375E+05
       8827.07203906        1.479887E+05
       8829.88942187        1.480387E+05
       8832.70387500        1.480893E+05
       8835.52028125        1.484456E+05
       8838.33766406        1.488569E+05
       8841.15407031        1.493893E+05
       8843.97145312        1.498404E+05
       8846.78981250        1.497783E+05
       8849.60719531        1.492622E+05
       8852.42555469        1.482643E+05
       8855.24391406        1.469994E+05
       8858.06227344        1.459124E+05
       8860.88160937        1.454340E+05
       8863.69996875        1.455136E+05
       8866.52125781        1.454992E+05
       8869.33961719        1.449019E+05
       8872.15992969        1.445855E+05
       8874.98121875        1.446116E+05
       8877.80153125        1.448083E+05
       8880.62282031        1.451651E+05
       8883.44410937        1.456395E+05
       8886.26637500        1.458996E+05
       8889.08766406        1.461526E+05
       8891.90992969        1.460242E+05
       8894.73219531        1.456694E+05
       8897.55543750        1.450490E+05
       8900.37867969        1.443242E+05
       8903.20192187        1.434761E+05
       8906.02614062        1.428565E+05
       8908.85035937        1.421956E+05
       8911.67360156        1.412948E+05
       8914.49782031        1.409281E+05
       8917.32203906        1.403454E+05
       8920.14918750        1.396359E+05
       8922.97340625        1.389469E+05
       8925.79860156        1.384640E+05
       8928.62379687        1.384568E+05
       8931.45094531        1.380985E+05
       8934.27809375        1.374712E+05
       8937.10426562        1.367306E+05
       8939.93239062        1.363477E+05
       8942.75953906        1.363978E+05
       8945.58668750        1.364988E+05
       8948.41481250        1.368988E+05
       8951.24293750        1.369915E+05
       8954.07106250        1.359818E+05
       8956.90016406        1.344255E+05
       8959.72926562        1.330732E+05
       8962.55836719        1.317500E+05
       8965.38844531        1.307102E+05
       8968.21852344        1.303451E+05
       8971.04860156        1.307009E+05
       8973.87867969        1.311377E+05
       8976.70973437        1.307498E+05
       8979.54078906        1.290480E+05
       8982.37184375        1.271725E+05
       8985.20387500        1.260944E+05
       8988.03590625        1.260454E+05
       8990.86793750        1.257312E+05
       8993.70094531        1.257296E+05
       8996.53395312        1.260920E+05
       8999.36696094        1.256274E+05
       9002.19996875        1.249696E+05
       9005.03297656        1.246321E+05
       9007.86793750        1.237837E+05
       9010.70094531        1.230594E+05
       9013.53590625        1.222812E+05
       9016.37086719        1.214695E+05
       9019.20680469        1.217643E+05
       9022.04176562        1.231333E+05
       9024.87770312        1.251109E+05
       9027.71364062        1.274905E+05
       9030.54957812        1.293734E+05
       9033.38649219        1.306652E+05
       9036.22242969        1.308969E+05
       9039.05934375        1.303573E+05
       9041.89723437        1.297167E+05
       9044.73512500        1.290525E+05
       9047.57301562        1.285471E+05
       9050.41090625        1.278859E+05
       9053.24977344        1.271138E+05
       9056.08961719        1.267193E+05
       9058.92848437        1.263577E+05
       9061.76735156        1.253616E+05
       9064.60621875        1.245852E+05
       9067.44703906        1.236652E+05
       9070.28688281        1.220007E+05
       9073.12770312        1.201612E+05
       9075.96852344        1.186369E+05
       9078.81032031        1.163823E+05
       9081.65114062        1.149804E+05
       9084.49293750        1.157244E+05
       9087.33375781        1.171380E+05
       9090.17750781        1.183140E+05
       9093.01930469        1.190693E+05
       9095.86207812        1.188874E+05
       9098.70582812        1.180047E+05
       9101.54860156        1.177317E+05
       9104.39235156        1.178536E+05
       9107.23707812        1.173138E+05
       9110.08082812        1.166659E+05
       9112.92555469        1.170213E+05
       9115.76930469        1.179059E+05
       9118.61598437        1.184660E+05
       9121.46071094        1.184461E+05
       9124.30739062        1.179549E+05
       9127.15309375        1.162289E+05
       9129.99977344        1.140040E+05
       9132.84645312        1.123535E+05
       9135.69313281        1.114805E+05
       9138.53883594        1.113353E+05
       9141.38746875        1.114398E+05
       9144.23414844        1.109278E+05
       9147.08278125        1.101316E+05
       9149.93043750        1.095249E+05
       9152.78004687        1.094641E+05
       9155.62867969        1.091028E+05
       9158.47828906        1.081751E+05
       9161.32692187        1.067030E+05
       9164.17653125        1.050306E+05
       9167.02711719        1.037948E+05
       9169.87672656        1.040701E+05
       9172.72731250        1.052375E+05
       9175.57789844        1.067121E+05
       9178.43043750        1.076139E+05
       9181.28102344        1.076016E+05
       9184.13356250        1.065966E+05
       9186.98610156        1.054541E+05
       9189.83766406        1.048481E+05
       9192.69020312        1.048321E+05
       9195.54371875        1.050924E+05
       9198.39723437        1.051893E+05
       9201.24977344        1.048513E+05
       9204.10328906        1.041209E+05
       9206.95680469        1.034009E+05
       9209.81129687        1.029122E+05
       9212.66578906        1.029149E+05
       9215.52125781        1.028491E+05
       9218.37770312        1.029598E+05
       9221.23121875        1.031728E+05
       9224.08864062        1.032979E+05
       9226.94313281        1.035066E+05
       9229.79957812        1.033059E+05
       9232.65602344        1.027444E+05
       9235.51246875        1.017558E+05
       9238.36989062        1.003165E+05
       9241.22828906        9.964586E+04
       9244.08668750        9.954828E+04
       9246.94313281        9.938833E+04
       9249.80250781        9.939762E+04
       9252.66188281        9.986251E+04
       9255.51930469        1.005303E+05
       9258.37867969        1.013533E+05
       9261.23903125        1.017427E+05
       9264.09840625        1.013656E+05
       9266.95778125        1.004631E+05
       9269.81813281        9.884683E+04
       9272.67946094        9.758302E+04
       9275.54078906        9.710128E+04
       9278.40114062        9.645898E+04
       9281.26344531        9.569024E+04
       9284.12477344        9.478320E+04
       9286.98707812        9.344174E+04
       9289.84840625        9.222647E+04
       9292.71168750        9.128786E+04
       9295.57399219        9.017508E+04
       9298.43825000        8.893361E+04
       9301.30055469        8.816921E+04
       9304.16481250        8.719571E+04
       9307.02907031        8.485524E+04
       9309.89332812        8.297291E+04
       9312.75758594        8.153776E+04
       9315.62282031        7.932842E+04
       9318.48903125        7.826569E+04
       9321.35426562        7.877590E+04
       9324.21950000        7.815552E+04
       9327.08473437        7.743213E+04
       9329.95192187        7.717958E+04
       9332.81813281        7.509423E+04
       9335.68434375        7.240447E+04
       9338.55348437        7.203983E+04
       9341.41969531        7.296242E+04
       9344.28785937        7.228782E+04
       9347.15504687        7.097051E+04
       9350.02418750        7.109562E+04
       9352.89235156        7.115160E+04
       9355.76246875        7.214458E+04
       9358.63160937        7.266182E+04
       9361.50075000        7.304021E+04
       9364.36989062        7.353241E+04
       9367.24098437        7.323101E+04
       9370.11110156        7.249033E+04
       9372.98121875        7.205441E+04
       9375.85328906        7.311221E+04
       9378.72438281        7.435299E+04
       9381.59547656        7.671905E+04
       9384.46559375        7.961277E+04
       9387.33766406        8.168828E+04
       9390.20973437        8.265552E+04
       9393.08278125        8.301947E+04
       9395.95485156        8.226008E+04
       9398.82789844        8.058820E+04
       9401.70094531        7.859410E+04
       9404.57496875        7.718613E+04
       9407.44703906        7.652533E+04
       9410.32106250        7.656220E+04
       9413.19508594        7.707482E+04
       9416.06910937        7.668234E+04
       9418.94313281        7.485532E+04
       9421.81715625        7.321856E+04
       9424.69215625        7.217374E+04
       9427.56813281        7.124199E+04
       9430.44215625        6.912954E+04
       9433.31715625        6.799902E+04
       9436.19410937        6.800914E+04
       9439.07008594        6.902024E+04
       9441.94606250        7.070584E+04
       9444.82203906        7.162707E+04
       9447.69899219        7.180128E+04
       9450.57496875        7.110650E+04
       9453.45192187        6.932784E+04
       9456.32985156        6.938288E+04
       9459.20680469        7.042860E+04
       9462.08278125        7.169435E+04
       9464.96071094        7.308735E+04
       9467.84059375        7.362478E+04
       9470.71754687        7.270650E+04
       9473.59645312        7.133642E+04
       9476.47535937        7.082344E+04
       9479.35426562        7.153084E+04
       9482.23317187        7.189954E+04
       9485.11305469        7.112871E+04
       9487.99196094        7.045280E+04
       9490.87282031        6.913259E+04
       9493.75367969        6.814494E+04
       9496.63258594        6.957836E+04
       9499.51344531        7.173404E+04
       9502.39430469        7.306330E+04
       9505.27516406        7.325730E+04
       9508.15602344        7.197565E+04
       9511.03785937        6.963230E+04
       9513.91871875        6.802834E+04
       9516.80153125        6.777310E+04
       9519.68336719        6.846487E+04
       9522.56617969        7.019412E+04
       9525.44801562        7.155077E+04
       9528.33082812        7.209054E+04
       9531.21461719        7.221751E+04
       9534.09645312        7.107813E+04
       9536.98024219        6.905199E+04
       9539.86403125        6.796681E+04
       9542.74782031        6.762002E+04
       9545.63160937        6.716135E+04
       9548.51637500        6.758363E+04
       9551.40114062        6.828368E+04
       9554.28688281        6.811105E+04
       9557.17067187        6.751304E+04
       9560.05543750        6.703103E+04
       9562.94117969        6.645952E+04
       9565.82692187        6.623100E+04
       9568.71364062        6.625247E+04
       9571.59840625        6.598625E+04
       9574.48512500        6.638252E+04
       9577.37184375        6.674952E+04
       9580.25856250        6.664906E+04
       9583.14528125        6.683389E+04
       9586.03297656        6.663244E+04
       9588.92067187        6.569231E+04
       9591.80836719        6.494650E+04
       9594.69606250        6.475120E+04
       9597.58375781        6.454596E+04
       9600.47242969        6.492961E+04
       9603.36110156        6.575112E+04
       9606.24879687        6.629034E+04
       9609.13844531        6.658698E+04
       9612.02711719        6.630187E+04
       9614.91774219        6.537608E+04
       9617.80836719        6.421740E+04
       9620.69703906        6.393520E+04
       9623.58766406        6.383108E+04
       9626.47731250        6.321975E+04
       9629.36891406        6.264804E+04
       9632.25953906        6.276204E+04
       9635.15114062        6.215741E+04
       9638.04176562        6.162617E+04
       9640.93336719        6.179031E+04
       9643.82399219        6.172451E+04
       9646.71657031        6.117649E+04
       9649.60914844        6.046967E+04
       9652.50075000        5.988879E+04
       9655.39332812        5.963282E+04
       9658.28590625        5.979555E+04
       9661.17946094        6.000752E+04
       9664.07203906        6.017393E+04
       9666.96559375        6.032624E+04
       9669.85914844        6.029190E+04
       9672.75367969        6.004098E+04
       9675.64723437        5.954103E+04
       9678.54176562        5.893562E+04
       9681.43629687        5.869086E+04
       9684.33082812        5.871636E+04
       9687.22633594        5.891508E+04
       9690.12184375        5.904973E+04
       9693.01735156        5.909667E+04
       9695.91285937        5.894659E+04
       9698.80836719        5.880049E+04
       9701.70485156        5.865167E+04
       9704.60133594        5.826582E+04
       9707.49782031        5.754060E+04
       9710.39430469        5.703742E+04
       9713.29176562        5.658363E+04
       9716.18922656        5.606313E+04
       9719.08668750        5.556732E+04
       9721.98512500        5.541733E+04
       9724.88258594        5.495909E+04
       9727.78004687        5.424430E+04
       9730.67848437        5.387302E+04
       9733.57789844        5.351382E+04
       9736.47731250        5.287919E+04
       9739.37575000        5.249846E+04
       9742.27418750        5.244276E+04
       9745.17360156        5.236935E+04
       9748.07399219        5.238414E+04
       9750.97340625        5.255651E+04
       9753.87379687        5.270321E+04
       9756.77418750        5.262586E+04
       9759.67457812        5.264703E+04
       9762.57594531        5.254410E+04
       9765.47731250        5.243114E+04
       9768.37867969        5.198784E+04
       9771.28004687        5.101324E+04
       9774.18141406        4.972698E+04
       9777.08375781        4.887461E+04
       9779.98512500        4.855360E+04
       9782.88844531        4.868319E+04
       9785.78981250        4.918490E+04
       9788.69215625        4.957944E+04
       9791.59742969        4.958999E+04
       9794.50075000        4.940574E+04
       9797.40309375        4.925399E+04
       9800.30739062        4.892206E+04
       9803.21168750        4.867715E+04
       9806.11598437        4.852709E+04
       9809.01930469        4.841114E+04
       9811.92457812        4.820159E+04
       9814.82887500        4.800160E+04
       9817.73512500        4.784464E+04
       9820.63942187        4.766611E+04
       9823.54469531        4.720468E+04
       9826.45094531        4.686469E+04
       9829.35719531        4.658476E+04
       9832.26246875        4.635423E+04
       9835.16871875        4.614332E+04
       9838.07692187        4.616159E+04
       9840.98317187        4.628041E+04
       9843.89039844        4.640081E+04
       9846.79762500        4.627393E+04
       9849.70582812        4.579863E+04
       9852.61305469        4.494153E+04
       9855.52028125        4.420237E+04
       9858.42848437        4.369892E+04
       9861.33668750        4.326164E+04
       9864.24684375        4.299193E+04
       9867.15504687        4.294885E+04
       9870.06325000        4.297313E+04
       9872.97340625        4.297420E+04
       9875.88356250        4.274995E+04
       9878.79274219        4.226226E+04
       9881.70192187        4.169181E+04
       9884.61403125        4.128355E+04
       9887.52418750        4.093274E+04
       9890.43434375        4.068750E+04
       9893.34450000        4.059618E+04
       9896.25660937        4.057132E+04
       9899.16774219        4.036807E+04
       9902.07887500        4.001000E+04
       9904.99098437        3.949477E+04
       9907.90309375        3.888901E+04
       9910.81520312        3.816620E+04
       9913.72731250        3.752441E+04
       9916.63942187        3.718965E+04
       9919.55348437        3.716982E+04
       9922.46559375        3.740666E+04
       9925.37965625        3.772361E+04
       9928.29371875        3.792431E+04
       9931.20582812        3.767878E+04
       9934.12086719        3.704506E+04
       9937.03492969        3.638538E+04
       9939.94996875        3.589072E+04
       9942.86403125        3.566891E+04
       9945.77907031        3.565115E+04
       9948.69410937        3.571992E+04
       9951.61012500        3.562513E+04
       9954.52418750        3.530082E+04
       9957.44117969        3.485669E+04
       9960.35621875        3.429131E+04
       9963.27223437        3.375948E+04
       9966.18922656        3.336465E+04
       9969.10621875        3.325129E+04
       9972.02321094        3.336783E+04
       9974.93922656        3.354933E+04
       9977.85719531        3.367900E+04
       9980.77614062        3.363522E+04
       9983.69410937        3.337563E+04
       9986.61012500        3.270210E+04
       9989.52907031        3.187382E+04
       9992.44801562        3.089828E+04
       9995.36696094        3.005923E+04
       9998.28395312        2.950311E+04
      10001.20387500        2.932159E+04
      10004.12477344        2.925422E+04
      10007.04371875        2.910890E+04
      10009.96266406        2.882418E+04
      10012.88356250        2.864667E+04
      10015.80446094        2.843965E+04
      10018.72340625        2.823171E+04
      10021.64528125        2.797360E+04
      10024.56617969        2.773886E+04
      10027.48707812        2.757261E+04
      10030.40797656        2.735674E+04
      10033.32985156        2.723326E+04
      10036.25172656        2.723984E+04
      10039.17457812        2.720153E+04
      10042.09645312        2.716773E+04
      10045.01832812        2.694995E+04
      10047.94117969        2.651002E+04
      10050.86403125        2.609104E+04
      10053.78785937        2.597589E+04
      10056.71071094        2.606443E+04
      10059.63453906        2.627037E+04
      10062.55934375        2.645822E+04
      10065.48317187        2.643307E+04
      10068.40700000        2.623368E+04
      10071.33082812        2.571951E+04
      10074.25660937        2.495954E+04
      10077.18141406        2.421370E+04
      10080.10621875        2.353923E+04
      10083.03200000        2.313987E+04
      10085.95778125        2.310298E+04
      10088.88356250        2.335532E+04
      10091.80934375        2.384029E+04
      10094.73512500        2.425439E+04
      10097.66188281        2.445055E+04
      10100.58864062        2.440795E+04
      10103.51539844        2.422113E+04
      10106.44313281        2.392042E+04
      10109.37184375        2.367199E+04
      10112.29762500        2.342521E+04
      10115.22633594        2.311844E+04
      10118.15407031        2.282933E+04
      10121.08180469        2.263692E+04
      10124.01149219        2.250688E+04
      10126.93922656        2.239460E+04
      10129.86793750        2.237495E+04
      10132.79860156        2.218037E+04
      10135.72731250        2.196148E+04
      10138.65700000        2.166370E+04
      10141.58571094        2.147406E+04
      10144.51735156        2.132133E+04
      10147.44606250        2.125787E+04
      10150.37770312        2.119648E+04
      10153.30739062        2.115396E+04
      10156.23903125        2.115046E+04
      10159.16969531        2.108445E+04
      10162.10133594        2.083261E+04
      10165.03395312        2.037333E+04
      10167.96657031        1.984742E+04
      10170.89723437        1.930116E+04
      10173.82887500        1.894642E+04
      10176.76246875        1.869540E+04
      10179.69606250        1.855608E+04
      10182.62770312        1.848745E+04
      10185.56129687        1.853857E+04
      10188.49489062        1.862563E+04
      10191.42946094        1.870878E+04
      10194.36110156        1.855312E+04
      10197.29762500        1.823649E+04
      10200.23024219        1.769402E+04
      10203.16578906        1.700828E+04
      10206.09840625        1.637846E+04
      10209.03492969        1.594469E+04
      10211.97145312        1.561289E+04
      10214.90700000        1.550664E+04
      10217.84254687        1.564358E+04
      10220.77809375        1.587175E+04
      10223.71364062        1.608725E+04
      10226.64918750        1.632124E+04
      10229.58571094        1.639710E+04
      10232.52223437        1.636697E+04
      10235.46071094        1.619787E+04
      10238.39821094        1.599092E+04
      10241.33571094        1.595915E+04
      10244.27223437        1.595131E+04
      10247.20973437        1.599380E+04
      10250.14918750        1.598398E+04
      10253.08571094        1.593374E+04
      10256.02516406        1.581834E+04
      10258.96559375        1.559632E+04
      10261.90504687        1.541150E+04
      10264.84254687        1.524730E+04
      10267.78200000        1.492880E+04
      10270.72145312        1.465743E+04
      10273.66188281        1.442489E+04
      10276.60231250        1.417096E+04
      10279.54176562        1.399283E+04
