# Aperture radius =  9.0 pixels (Full_aperture_diameter = 2 * Aperture_radius)
#          Lambda(A)                Flux
       5123.19280078        2.226551E+04
       5125.22893359        2.225212E+04
       5127.26897266        2.228125E+04
       5129.30657031        2.255919E+04
       5131.34660938        2.301182E+04
       5133.38567188        2.343197E+04
       5135.42766406        2.372057E+04
       5137.46916797        2.380830E+04
       5139.51067188        2.370720E+04
       5141.55412891        2.342939E+04
       5143.59953906        2.312221E+04
       5145.64348438        2.293679E+04
       5147.68694141        2.299129E+04
       5149.73430469        2.325904E+04
       5151.77922656        2.353504E+04
       5153.82756641        2.382027E+04
       5155.87590625        2.399338E+04
       5157.92473438        2.390543E+04
       5159.97307422        2.357316E+04
       5162.02336719        2.296071E+04
       5164.07317188        2.187414E+04
       5166.12444141        2.067439E+04
       5168.17717578        1.975225E+04
       5170.22991016        1.911054E+04
       5172.28362109        1.882055E+04
       5174.33684375        1.902341E+04
       5176.39201953        1.959188E+04
       5178.44719531        2.049985E+04
       5180.50432422        2.148098E+04
       5182.56145313        2.189539E+04
       5184.61907031        2.237927E+04
       5186.67619922        2.325531E+04
       5188.73528125        2.434101E+04
       5190.79533984        2.549955E+04
       5192.85637500        2.602270E+04
       5194.91741016        2.606568E+04
       5196.97893359        2.571819E+04
       5199.04094531        2.540095E+04
       5201.10442188        2.517751E+04
       5203.16789844        2.504949E+04
       5205.23235156        2.488948E+04
       5207.29875781        2.482652E+04
       5209.36467578        2.530360E+04
       5211.43059375        2.641703E+04
       5213.49748828        2.788789E+04
       5215.56584766        2.921178E+04
       5217.63469531        3.013134E+04
       5219.70403125        3.062004E+04
       5221.77483203        3.088897E+04
       5223.84563281        3.095368E+04
       5225.91594531        3.084029E+04
       5227.98869922        3.110520E+04
       5230.06047656        3.170045E+04
       5232.13469531        3.254053E+04
       5234.20989063        3.348947E+04
       5236.28508594        3.402639E+04
       5238.36028125        3.413015E+04
       5240.43596484        3.407342E+04
       5242.51360156        3.392809E+04
       5244.59075000        3.357641E+04
       5246.67033984        3.322073E+04
       5248.74846484        3.301532E+04
       5250.82854297        3.285287E+04
       5252.90862109        3.286473E+04
       5254.98967578        3.289498E+04
       5257.07170703        3.287509E+04
       5259.15520313        3.264059E+04
       5261.23918750        3.207325E+04
       5263.32219531        3.141019E+04
       5265.40715625        3.083720E+04
       5267.49162891        3.060092E+04
       5269.57805469        3.096193E+04
       5271.66496875        3.201955E+04
       5273.75334766        3.328797E+04
       5275.84075000        3.481842E+04
       5277.92961719        3.649416E+04
       5280.01897266        3.769958E+04
       5282.10930469        3.845215E+04
       5284.19963672        3.899085E+04
       5286.29143359        3.923339E+04
       5288.38420703        3.935045E+04
       5290.47746875        3.935603E+04
       5292.57073047        3.927847E+04
       5294.66448047        3.918697E+04
       5296.75969531        3.913058E+04
       5298.85588672        3.916425E+04
       5300.95207813        3.956524E+04
       5303.04875781        4.041393E+04
       5305.14787891        4.153243E+04
       5307.24602344        4.253335E+04
       5309.34514453        4.314402E+04
       5311.44475391        4.328369E+04
       5313.54631641        4.312304E+04
       5315.64739063        4.263564E+04
       5317.74895313        4.185423E+04
       5319.85198047        4.085478E+04
       5321.95549609        4.004367E+04
       5324.05950000        3.952130E+04
       5326.16448047        3.920650E+04
       5328.26994922        3.896020E+04
       5330.37639453        3.905698E+04
       5332.48332813        3.950518E+04
       5334.59026172        4.036817E+04
       5336.69817188        4.139968E+04
       5338.80754688        4.192930E+04
       5340.91789844        4.202041E+04
       5343.02776172        4.220235E+04
       5345.13908984        4.270702E+04
       5347.25090625        4.353966E+04
       5349.36272266        4.457618E+04
       5351.47600391        4.556624E+04
       5353.59075000        4.651350E+04
       5355.70451953        4.731266E+04
       5357.81975391        4.784495E+04
       5359.93547656        4.775074E+04
       5362.05217578        4.712071E+04
       5364.16936328        4.632200E+04
       5366.28752734        4.572393E+04
       5368.40617969        4.558639E+04
       5370.52580859        4.557377E+04
       5372.64592578        4.584458E+04
       5374.76604297        4.626574E+04
       5376.88713672        4.692082E+04
       5379.00969531        4.767234E+04
       5381.13323047        4.780730E+04
       5383.25627734        4.748164E+04
       5385.38127734        4.685221E+04
       5387.50578906        4.606956E+04
       5389.63127734        4.534554E+04
       5391.75725391        4.481957E+04
       5393.88420703        4.432613E+04
       5396.01262500        4.380436E+04
       5398.14055469        4.344213E+04
       5400.26946094        4.337802E+04
       5402.39934375        4.355282E+04
       5404.52971484        4.403951E+04
       5406.66057422        4.456233E+04
       5408.79338672        4.520039E+04
       5410.92571094        4.623584E+04
       5413.05901172        4.763925E+04
       5415.19280078        4.907905E+04
       5417.32707813        5.016581E+04
       5419.46233203        5.057705E+04
       5421.59856250        5.039272E+04
       5423.73528125        4.989378E+04
       5425.87346484        4.924725E+04
       5428.01116016        4.872974E+04
       5430.14983203        4.839742E+04
       5432.28948047        4.835666E+04
       5434.42912891        4.851111E+04
       5436.57073047        4.876812E+04
       5438.71233203        4.914431E+04
       5440.85442188        4.967592E+04
       5442.99700000        4.995231E+04
       5445.14104297        4.971908E+04
       5447.28508594        4.890254E+04
       5449.43108203        4.807609E+04
       5451.57658984        4.764150E+04
       5453.72307422        4.769889E+04
       5455.86955859        4.794463E+04
       5458.01701953        4.831896E+04
       5460.16594531        4.872013E+04
       5462.31535938        4.912863E+04
       5464.46526172        4.947993E+04
       5466.61662891        4.946786E+04
       5468.76750781        4.925357E+04
       5470.91936328        4.911634E+04
       5473.07219531        4.893057E+04
       5475.22502734        4.877237E+04
       5477.37932422        4.881787E+04
       5479.53410938        4.909462E+04
       5481.68938281        4.958627E+04
       5483.84563281        5.027735E+04
       5486.00237109        5.085545E+04
       5488.16008594        5.132076E+04
       5490.31877734        5.176631E+04
       5492.47746875        5.203865E+04
       5494.63762500        5.215937E+04
       5496.79729297        5.223321E+04
       5498.95793750        5.222655E+04
       5501.12053516        5.214018E+04
       5503.28215625        5.193748E+04
       5505.44524219        5.155752E+04
       5507.60979297        5.120625E+04
       5509.77434375        5.131780E+04
       5511.93889453        5.178520E+04
       5514.10491016        5.224956E+04
       5516.27141406        5.279632E+04
       5518.43840625        5.362629E+04
       5520.60637500        5.459959E+04
       5522.77532031        5.545220E+04
       5524.94475391        5.588100E+04
       5527.11467578        5.579792E+04
       5529.28557422        5.574774E+04
       5531.45696094        5.588359E+04
       5533.62834766        5.626409E+04
       5535.80217578        5.680133E+04
       5537.97502734        5.732086E+04
       5540.14885547        5.793591E+04
       5542.32414844        5.857717E+04
       5544.49944141        5.903730E+04
       5546.67619922        5.937384E+04
       5548.85393359        5.953997E+04
       5551.03117969        5.960300E+04
       5553.20940234        5.967431E+04
       5555.38811328        5.942193E+04
       5557.56780078        5.892387E+04
       5559.74797656        5.846880E+04
       5561.92961719        5.825957E+04
       5564.11223438        5.824405E+04
       5566.29387500        5.832648E+04
       5568.47746875        5.859745E+04
       5570.66155078        5.892825E+04
       5572.84612109        5.935041E+04
       5575.03117969        5.969470E+04
       5577.21770313        5.955049E+04
       5579.40373828        5.913109E+04
       5581.59123828        5.841408E+04
       5583.77971484        5.774025E+04
       5585.96819141        5.704453E+04
       5588.15764453        5.652989E+04
       5590.34758594        5.620693E+04
       5592.53899219        5.614179E+04
       5594.72991016        5.660237E+04
       5596.92278125        5.737171E+04
       5599.11516406        5.818717E+04
       5601.30901172        5.880630E+04
       5603.50334766        5.937186E+04
       5605.69817188        6.005822E+04
       5607.89397266        6.063038E+04
       5610.09026172        6.094492E+04
       5612.28801563        6.090021E+04
       5614.48528125        6.032012E+04
       5616.68352344        5.961250E+04
       5618.88274219        5.905203E+04
       5621.08244922        5.899907E+04
       5623.28362109        5.937403E+04
       5625.48430469        5.980337E+04
       5627.68645313        6.016458E+04
       5629.88957813        6.058317E+04
       5632.09270313        6.101388E+04
       5634.29680469        6.124273E+04
       5636.50237109        6.117037E+04
       5638.70647266        6.095142E+04
       5640.91301563        6.092209E+04
       5643.12004688        6.113170E+04
       5645.32756641        6.154156E+04
       5647.53557422        6.194170E+04
       5649.74455859        6.217469E+04
       5651.95403125        6.227598E+04
       5654.16448047        6.226367E+04
       5656.37590625        6.209598E+04
       5658.58733203        6.181042E+04
       5660.79973438        6.158192E+04
       5663.01262500        6.171207E+04
       5665.22600391        6.245194E+04
       5667.44035938        6.336833E+04
       5669.65617969        6.411248E+04
       5671.87200000        6.480113E+04
       5674.08879688        6.537584E+04
       5676.30559375        6.586793E+04
       5678.52385547        6.618802E+04
       5680.74211719        6.609982E+04
       5682.96135547        6.599798E+04
       5685.18157031        6.606031E+04
       5687.40227344        6.614353E+04
       5689.62395313        6.621152E+04
       5691.84660938        6.613338E+04
       5694.06828906        6.587850E+04
       5696.29192188        6.545048E+04
       5698.51653125        6.458906E+04
       5700.74114063        6.344136E+04
       5702.96672656        6.266618E+04
       5705.19231250        6.248787E+04
       5707.41985156        6.277379E+04
       5709.64739063        6.341232E+04
       5711.87590625        6.434410E+04
       5714.10491016        6.583840E+04
       5716.33489063        6.738088E+04
       5718.56535938        6.862084E+04
       5720.79582813        6.931086E+04
       5723.02776172        6.971663E+04
       5725.26067188        6.982140E+04
       5727.49407031        6.971752E+04
       5729.72746875        6.955687E+04
       5731.96233203        6.953504E+04
       5734.19768359        6.986848E+04
       5736.43303516        7.030147E+04
       5738.66985156        7.059857E+04
       5740.90764453        7.076598E+04
       5743.14543750        7.089203E+04
       5745.38469531        7.097039E+04
       5747.62395313        7.118447E+04
       5749.86369922        7.136405E+04
       5752.10442188        7.131533E+04
       5754.34612109        7.129515E+04
       5756.58782031        7.151114E+04
       5758.83098438        7.189992E+04
       5761.07512500        7.227352E+04
       5763.31926563        7.249054E+04
       5765.56438281        7.267538E+04
       5767.80998828        7.301381E+04
       5770.05657031        7.297618E+04
       5772.30266406        7.215547E+04
       5774.55119922        7.085685E+04
       5776.79973438        6.965484E+04
       5779.04875781        6.872963E+04
       5781.29826953        6.805710E+04
       5783.54973438        6.790458E+04
       5785.79973438        6.852029E+04
       5788.05168750        6.980523E+04
       5790.30461719        7.150032E+04
       5792.55852344        7.326419E+04
       5794.81242969        7.464453E+04
       5797.06731250        7.551596E+04
       5799.32219531        7.622001E+04
       5801.57903125        7.672492E+04
       5803.83537891        7.702450E+04
       5806.09270313        7.713021E+04
       5808.35100391        7.700492E+04
       5810.61028125        7.713112E+04
       5812.86955859        7.741359E+04
       5815.12981250        7.764261E+04
       5817.39055469        7.793863E+04
       5819.65276172        7.846050E+04
       5821.91496875        7.902540E+04
       5824.17766406        7.936297E+04
       5826.44133594        7.952193E+04
       5828.70598438        7.949642E+04
       5830.97160938        7.955138E+04
       5833.23723438        7.963603E+04
       5835.50334766        7.967577E+04
       5837.77043750        7.950687E+04
       5840.03899219        7.929438E+04
       5842.30657031        7.904714E+04
       5844.57658984        7.859897E+04
       5846.84660938        7.781955E+04
       5849.11711719        7.681494E+04
       5851.38762500        7.603309E+04
       5853.66057422        7.553519E+04
       5855.93352344        7.519445E+04
       5858.20696094        7.518195E+04
       5860.48088672        7.549185E+04
       5862.75578906        7.602492E+04
       5865.03117969        7.650070E+04
       5867.30754688        7.678513E+04
       5869.58440234        7.679112E+04
       5871.86223438        7.666865E+04
       5874.14006641        7.630420E+04
       5876.41887500        7.520842E+04
       5878.69914844        7.317078E+04
       5880.97942188        7.039524E+04
       5883.26067188        6.739869E+04
       5885.54241016        6.463283E+04
       5887.82463672        6.186264E+04
       5890.10783984        5.982297E+04
       5892.39201953        5.938943E+04
       5894.67619922        6.078144E+04
       5896.96086719        6.368381E+04
       5899.24602344        6.680525E+04
       5901.53264453        6.994083E+04
       5903.81975391        7.247270E+04
       5906.10735156        7.384620E+04
       5908.39494922        7.436090E+04
       5910.68401172        7.454979E+04
       5912.97307422        7.461699E+04
       5915.26408984        7.460825E+04
       5917.55412891        7.471307E+04
       5919.84563281        7.519241E+04
       5922.13713672        7.588105E+04
       5924.43010547        7.644781E+04
       5926.72307422        7.689190E+04
       5929.01701953        7.718890E+04
       5931.31096484        7.740051E+04
       5933.60686328        7.739166E+04
       5935.90276172        7.739581E+04
       5938.19817188        7.757131E+04
       5940.49553516        7.771805E+04
       5942.79289844        7.793309E+04
       5945.09123828        7.810902E+04
       5947.38957813        7.823961E+04
       5949.68987109        7.840417E+04
       5951.98869922        7.849628E+04
       5954.28996875        7.879674E+04
       5956.59172656        7.918934E+04
       5958.89348438        7.979710E+04
       5961.19621875        8.065072E+04
       5963.49944141        8.154108E+04
       5965.80266406        8.203916E+04
       5968.10783984        8.211858E+04
       5970.41252734        8.210337E+04
       5972.71819141        8.192246E+04
       5975.02483203        8.145300E+04
       5977.33196094        8.089515E+04
       5979.63908984        8.061457E+04
       5981.94817188        8.074157E+04
       5984.25676563        8.126931E+04
       5986.56584766        8.197652E+04
       5988.87590625        8.263568E+04
       5991.18694141        8.320617E+04
       5993.49846484        8.353077E+04
       5995.81047656        8.354888E+04
       5998.12248828        8.335101E+04
       6000.43596484        8.300547E+04
       6002.74992969        8.281668E+04
       6005.06438281        8.279634E+04
       6007.37981250        8.280705E+04
       6009.69573047        8.286062E+04
       6012.01262500        8.298106E+04
       6014.32951953        8.321391E+04
       6016.64690234        8.373094E+04
       6018.96477344        8.446692E+04
       6021.28410938        8.547902E+04
       6023.60393359        8.662937E+04
       6025.92375781        8.793249E+04
       6028.24553516        8.899970E+04
       6030.56633594        8.980371E+04
       6032.88860156        9.044472E+04
       6035.21135547        9.110293E+04
       6037.53459766        9.170694E+04
       6039.85832813        9.225213E+04
       6042.18254688        9.275372E+04
       6044.50823047        9.306113E+04
       6046.83440234        9.314419E+04
       6049.16057422        9.295718E+04
       6051.48772266        9.255637E+04
       6053.81584766        9.192604E+04
       6056.14348438        9.131370E+04
       6058.47258594        9.110451E+04
       6060.80266406        9.150798E+04
       6063.13323047        9.231028E+04
       6065.46330859        9.329023E+04
       6067.79533984        9.423956E+04
       6070.12688281        9.505939E+04
       6072.46037891        9.536031E+04
       6074.79289844        9.485437E+04
       6077.12737109        9.402405E+04
       6079.46282031        9.293482E+04
       6081.79680469        9.203667E+04
       6084.13323047        9.164140E+04
       6086.47014453        9.175639E+04
       6088.80754688        9.190696E+04
       6091.14494922        9.202161E+04
       6093.48332813        9.207898E+04
       6095.82219531        9.223454E+04
       6098.16155078        9.254128E+04
       6100.50237109        9.266179E+04
       6102.84367969        9.274834E+04
       6105.18547656        9.302883E+04
       6107.52678516        9.367696E+04
       6109.86955859        9.416197E+04
       6112.21379688        9.409226E+04
       6114.55705859        9.380300E+04
       6116.90227344        9.334120E+04
       6119.24700000        9.270661E+04
       6121.59367969        9.231057E+04
       6123.94035938        9.236977E+04
       6126.28752734        9.238753E+04
       6128.63518359        9.218637E+04
       6130.98381641        9.203213E+04
       6133.33293750        9.216554E+04
       6135.68254688        9.203474E+04
       6138.03264453        9.215239E+04
       6140.38371875        9.299012E+04
       6142.73528125        9.436159E+04
       6145.08733203        9.511337E+04
       6147.44084766        9.503111E+04
       6149.79387500        9.398951E+04
       6152.14836719        9.207352E+04
       6154.50383594        8.998606E+04
       6156.85832813        8.812640E+04
       6159.21477344        8.604114E+04
       6161.57121875        8.432529E+04
       6163.92815234        8.380301E+04
       6166.28606250        8.443332E+04
       6168.64543750        8.579750E+04
       6171.00432422        8.713657E+04
       6173.36418750        8.836194E+04
       6175.72453906        8.939189E+04
       6178.08537891        8.967333E+04
       6180.44719531        8.910367E+04
       6182.80950000        8.788890E+04
       6185.17278125        8.672332E+04
       6187.53606250        8.575891E+04
       6189.90032031        8.514128E+04
       6192.26555469        8.538202E+04
       6194.63078906        8.656480E+04
       6196.99700000        8.801894E+04
       6199.36321094        8.908506E+04
       6201.73039844        8.932586E+04
       6204.09856250        8.899537E+04
       6206.46770313        8.809300E+04
       6208.83684375        8.670405E+04
       6211.20647266        8.478225E+04
       6213.57707813        8.277778E+04
       6215.94768359        8.147150E+04
       6218.32024219        8.099051E+04
       6220.69182422        8.094776E+04
       6223.06438281        8.090784E+04
       6225.43889453        8.117067E+04
       6227.81340625        8.159201E+04
       6230.18791797        8.173923E+04
       6232.56340625        8.163897E+04
       6234.93987109        8.174294E+04
       6237.31682422        8.205869E+04
       6239.69426563        8.225493E+04
       6242.07170703        8.212791E+04
       6244.45012500        8.225247E+04
       6246.82903125        8.277077E+04
       6249.20989063        8.261124E+04
       6251.59026172        8.226488E+04
       6253.97160938        8.195823E+04
       6256.35344531        8.190139E+04
       6258.73625781        8.251199E+04
       6261.11907031        8.407125E+04
       6263.50237109        8.592366E+04
       6265.88664844        8.722272E+04
       6268.27141406        8.756974E+04
       6270.65715625        8.764484E+04
       6273.04338672        8.767901E+04
       6275.43059375        8.786513E+04
       6277.81828906        8.842433E+04
       6280.20598438        8.935105E+04
       6282.59514453        9.060828E+04
       6284.98430469        9.190144E+04
       6287.37395313        9.275383E+04
       6289.76457813        9.288174E+04
       6292.15569141        9.252239E+04
       6294.54778125        9.192764E+04
       6296.94035938        9.183039E+04
       6299.33391406        9.252091E+04
       6301.72746875        9.373991E+04
       6304.12151172        9.480397E+04
       6306.51701953        9.544754E+04
       6308.91203906        9.579935E+04
       6311.30852344        9.604181E+04
       6313.70549609        9.609786E+04
       6316.10295703        9.639212E+04
       6318.50139453        9.730364E+04
       6320.89983203        9.860601E+04
       6323.29924609        1.001984E+05
       6325.69963672        1.014170E+05
       6328.10002734        1.019707E+05
       6330.50139453        1.023103E+05
       6332.90325000        1.024733E+05
       6335.30559375        1.021459E+05
       6337.70891406        1.018750E+05
       6340.11174609        1.021915E+05
       6342.51653125        1.028525E+05
       6344.92131641        1.031731E+05
       6347.32610156        1.032762E+05
       6349.73186328        1.029299E+05
       6352.13811328        1.017250E+05
       6354.54533984        1.000040E+05
       6356.95256641        9.866126E+04
       6359.36125781        9.844634E+04
       6361.76897266        9.953296E+04
       6364.17864063        1.018315E+05
       6366.58830859        1.048768E+05
       6368.99846484        1.075477E+05
       6371.40862109        1.090566E+05
       6373.82024219        1.095034E+05
       6376.23235156        1.095188E+05
       6378.64494922        1.094177E+05
       6381.05705859        1.094673E+05
       6383.47160938        1.095816E+05
       6385.88469531        1.094489E+05
       6388.29973438        1.093171E+05
       6390.71477344        1.090824E+05
       6393.13030078        1.088315E+05
       6395.54631641        1.092246E+05
       6397.96330859        1.100060E+05
       6400.38078906        1.105884E+05
       6402.79973438        1.110108E+05
       6405.21672656        1.112248E+05
       6407.63664844        1.111095E+05
       6410.05608203        1.107230E+05
       6412.47600391        1.103080E+05
       6414.89690234        1.105032E+05
       6417.31731250        1.111374E+05
       6419.73967578        1.115690E+05
       6422.16203906        1.117616E+05
       6424.58440234        1.120491E+05
       6427.00823047        1.123265E+05
       6429.43205859        1.122831E+05
       6431.85686328        1.123595E+05
       6434.28166797        1.132083E+05
       6436.70696094        1.144061E+05
       6439.13323047        1.148517E+05
       6441.55950000        1.144936E+05
       6443.98723438        1.137850E+05
       6446.41448047        1.131093E+05
       6448.84319141        1.123809E+05
       6451.27239063        1.123857E+05
       6453.70110156        1.133675E+05
       6456.13127734        1.148487E+05
       6458.56194141        1.156968E+05
       6460.99358203        1.159277E+05
       6463.42473438        1.157950E+05
       6465.85686328        1.157231E+05
       6468.28996875        1.161522E+05
       6470.72258594        1.163370E+05
       6473.15666797        1.160438E+05
       6475.59123828        1.157340E+05
       6478.02629688        1.154466E+05
       6480.46184375        1.150524E+05
       6482.89787891        1.140506E+05
       6485.33440234        1.124048E+05
       6487.77141406        1.104476E+05
       6490.20989063        1.085211E+05
       6492.64690234        1.068361E+05
       6495.08635547        1.064455E+05
       6497.52629688        1.078491E+05
       6499.96575000        1.105986E+05
       6502.40569141        1.138072E+05
       6504.84709766        1.161662E+05
       6507.28899219        1.173336E+05
       6509.73039844        1.177354E+05
       6512.17326953        1.181138E+05
       6514.61614063        1.185882E+05
       6517.05998828        1.191515E+05
       6519.50481250        1.197665E+05
       6521.94963672        1.204809E+05
       6524.39494922        1.210310E+05
       6526.84075000        1.212232E+05
       6529.28752734        1.214257E+05
       6531.73430469        1.218403E+05
       6534.18157031        1.221570E+05
       6536.62981250        1.222553E+05
       6539.07854297        1.219168E+05
       6541.52776172        1.211210E+05
       6543.97795703        1.199453E+05
       6546.42766406        1.185817E+05
       6548.87883594        1.176375E+05
       6551.33049609        1.164823E+05
       6553.78166797        1.143292E+05
       6556.23479297        1.123942E+05
       6558.68840625        1.118968E+05
       6561.14104297        1.116468E+05
       6563.59563281        1.121486E+05
       6566.05022266        1.141765E+05
       6568.50578906        1.169112E+05
       6570.96184375        1.185818E+05
       6573.41838672        1.191988E+05
       6575.87444141        1.203248E+05
       6578.33244922        1.218347E+05
       6580.78996875        1.230872E+05
       6583.24895313        1.234029E+05
       6585.70842578        1.230887E+05
       6588.16789844        1.226337E+05
       6590.62785938        1.221353E+05
       6593.08879688        1.218727E+05
       6595.55022266        1.220681E+05
       6598.01164844        1.224600E+05
       6600.47453906        1.227559E+05
       6602.93742969        1.227422E+05
       6605.40080859        1.226548E+05
       6607.86467578        1.229852E+05
       6610.32903125        1.241498E+05
       6612.79436328        1.256212E+05
       6615.26018359        1.263468E+05
       6617.72600391        1.263312E+05
       6620.19328906        1.257674E+05
       6622.66106250        1.247867E+05
       6625.12932422        1.237768E+05
       6627.59709766        1.235001E+05
       6630.06633594        1.237474E+05
       6632.53655078        1.241708E+05
       6635.00627734        1.247036E+05
       6637.47698047        1.252468E+05
       6639.94866016        1.256294E+05
       6642.42033984        1.254673E+05
       6644.89201953        1.252722E+05
       6647.36467578        1.252849E+05
       6649.83830859        1.252279E+05
       6652.31242969        1.248659E+05
       6654.78703906        1.243782E+05
       6657.26164844        1.236031E+05
       6659.73772266        1.230179E+05
       6662.21379688        1.230333E+05
       6664.69035938        1.235421E+05
       6667.16741016        1.242574E+05
       6669.64592578        1.247922E+05
       6672.12444141        1.248623E+05
       6674.60295703        1.245296E+05
       6677.08244922        1.239044E+05
       6679.56242969        1.237843E+05
       6682.04289844        1.243710E+05
       6684.52434375        1.251937E+05
       6687.00578906        1.254068E+05
       6689.48821094        1.252524E+05
       6691.97063281        1.252223E+05
       6694.45403125        1.251302E+05
       6696.93742969        1.250820E+05
       6699.42180469        1.255264E+05
       6701.90715625        1.258757E+05
       6704.39348438        1.256348E+05
       6706.87883594        1.247212E+05
       6709.36614063        1.233194E+05
       6711.85295703        1.221074E+05
       6714.34075000        1.213767E+05
       6716.82854297        1.212490E+05
       6719.31731250        1.220893E+05
       6721.80705859        1.234362E+05
       6724.29680469        1.244641E+05
       6726.78703906        1.249469E+05
       6729.27776172        1.250297E+05
       6731.76946094        1.248822E+05
       6734.26213672        1.244009E+05
       6736.75481250        1.237230E+05
       6739.24748828        1.229192E+05
       6741.74162891        1.221748E+05
       6744.23576953        1.216512E+05
       6746.73039844        1.217235E+05
       6749.22649219        1.224388E+05
       6751.72209766        1.236770E+05
       6754.21867969        1.252473E+05
       6756.71575000        1.266388E+05
       6759.21282031        1.272517E+05
       6761.71135547        1.270739E+05
       6764.20989063        1.267008E+05
       6766.70940234        1.269114E+05
       6769.20891406        1.277475E+05
       6771.70989063        1.289846E+05
       6774.21086719        1.297128E+05
       6776.71184375        1.293877E+05
       6779.21477344        1.282588E+05
       6781.71721484        1.268530E+05
       6784.21965625        1.260118E+05
       6786.72356250        1.260630E+05
       6789.22795703        1.269605E+05
       6791.73283984        1.280782E+05
       6794.23723438        1.288354E+05
       6796.74309375        1.296469E+05
       6799.24992969        1.304891E+05
       6801.75774219        1.310520E+05
       6804.26457813        1.311755E+05
       6806.77287891        1.312243E+05
       6809.28069141        1.312367E+05
       6811.78996875        1.314397E+05
       6814.29875781        1.318343E+05
       6816.80852344        1.325732E+05
       6819.31975391        1.332029E+05
       6821.83000781        1.334725E+05
       6824.34172656        1.336121E+05
       6826.85295703        1.335494E+05
       6829.36516406        1.333307E+05
       6831.87834766        1.329536E+05
       6834.39104297        1.326182E+05
       6836.90471484        1.323251E+05
       6839.41887500        1.320195E+05
       6841.93450000        1.319766E+05
       6844.44963672        1.323632E+05
       6846.96526172        1.325029E+05
       6849.48137500        1.320030E+05
       6851.99748828        1.310238E+05
       6854.51408984        1.297856E+05
       6857.03117969        1.279288E+05
       6859.55022266        1.241462E+05
       6862.06926563        1.189046E+05
       6864.58830859        1.134511E+05
       6867.10783984        1.084560E+05
       6869.62688281        1.065365E+05
       6872.14787891        1.089580E+05
       6874.66838672        1.137758E+05
       6877.19035938        1.184460E+05
       6879.71184375        1.215400E+05
       6882.23430469        1.228487E+05
       6884.75774219        1.232433E+05
       6887.28166797        1.235367E+05
       6889.80510547        1.241924E+05
       6892.32854297        1.250629E+05
       6894.85442188        1.259316E+05
       6897.37932422        1.271391E+05
       6899.90471484        1.286032E+05
       6902.43157031        1.299891E+05
       6904.95842578        1.308438E+05
       6907.48576953        1.314678E+05
       6910.01262500        1.320684E+05
       6912.54192188        1.326869E+05
       6915.07024219        1.331300E+05
       6917.59905078        1.335470E+05
       6920.12932422        1.336970E+05
       6922.65959766        1.335286E+05
       6925.18987109        1.333659E+05
       6927.72112109        1.335815E+05
       6930.25285938        1.339224E+05
       6932.78459766        1.341731E+05
       6935.31731250        1.342131E+05
       6937.85051563        1.341745E+05
       6940.38469531        1.342576E+05
       6942.91741016        1.346357E+05
       6945.45256641        1.349558E+05
       6947.98772266        1.353729E+05
       6950.52287891        1.360803E+05
       6953.05901172        1.370142E+05
       6955.59563281        1.384562E+05
       6958.13225391        1.402376E+05
       6960.66985156        1.419268E+05
       6963.20793750        1.431120E+05
       6965.74602344        1.434275E+05
       6968.28459766        1.425532E+05
       6970.82414844        1.407585E+05
       6973.36418750        1.391175E+05
       6975.90471484        1.383591E+05
       6978.44475391        1.383436E+05
       6980.98674609        1.392367E+05
       6983.52825000        1.403397E+05
       6986.07121875        1.407352E+05
       6988.61321094        1.404857E+05
       6991.15666797        1.402605E+05
       6993.70061328        1.401756E+05
       6996.24455859        1.399694E+05
       6998.78996875        1.396975E+05
       7001.33489063        1.397167E+05
       7003.88030078        1.399724E+05
       7006.42619922        1.400660E+05
       7008.97258594        1.399833E+05
       7011.52043750        1.398617E+05
       7014.06731250        1.396999E+05
       7016.61516406        1.395516E+05
       7019.16399219        1.399432E+05
       7021.71282031        1.407306E+05
       7024.26360156        1.413284E+05
       7026.81242969        1.422064E+05
       7029.36321094        1.432928E+05
       7031.91399219        1.442163E+05
       7034.46575000        1.450672E+05
       7037.01799609        1.460969E+05
       7039.57024219        1.475809E+05
       7042.12297656        1.487911E+05
       7044.67668750        1.480085E+05
       7047.23039844        1.454945E+05
       7049.78459766        1.424107E+05
       7052.33879688        1.393123E+05
       7054.89494922        1.373645E+05
       7057.45110156        1.362313E+05
       7060.00627734        1.354662E+05
       7062.56340625        1.352543E+05
       7065.12053516        1.359736E+05
       7067.67815234        1.376669E+05
       7070.23723438        1.401509E+05
       7072.79533984        1.418153E+05
       7075.35442188        1.419187E+05
       7077.91448047        1.401462E+05
       7080.47502734        1.372954E+05
       7083.03508594        1.341688E+05
       7085.59660938        1.316556E+05
       7088.15764453        1.308139E+05
       7090.72014453        1.310285E+05
       7093.28313281        1.315918E+05
       7095.84612109        1.320215E+05
       7098.40910938        1.323742E+05
       7100.97356250        1.325417E+05
       7103.53801563        1.325648E+05
       7106.10344531        1.327839E+05
       7108.66887500        1.331990E+05
       7111.23479297        1.338172E+05
       7113.80022266        1.344521E+05
       7116.36809375        1.342453E+05
       7118.93547656        1.324285E+05
       7121.50334766        1.297544E+05
       7124.07170703        1.267576E+05
       7126.64104297        1.247390E+05
       7129.20989063        1.243153E+05
       7131.77971484        1.248414E+05
       7134.35051563        1.261178E+05
       7136.92082813        1.272135E+05
       7139.49162891        1.277428E+05
       7142.06389453        1.279847E+05
       7144.63567188        1.284595E+05
       7147.20891406        1.289511E+05
       7149.78215625        1.295785E+05
       7152.35637500        1.303947E+05
       7154.92961719        1.305437E+05
       7157.50481250        1.293733E+05
       7160.08000781        1.275284E+05
       7162.65617969        1.255190E+05
       7165.23137500        1.235243E+05
       7167.80852344        1.220954E+05
       7170.38616016        1.211360E+05
       7172.96282031        1.202672E+05
       7175.54094531        1.192150E+05
       7178.11955859        1.173885E+05
       7180.69914844        1.155777E+05
       7183.27825000        1.136448E+05
       7185.85783984        1.128105E+05
       7188.43938281        1.138339E+05
       7191.02043750        1.154620E+05
       7193.60149219        1.166537E+05
       7196.18352344        1.176629E+05
       7198.76555469        1.184758E+05
       7201.34807422        1.202095E+05
       7203.93205859        1.233579E+05
       7206.51604297        1.268886E+05
       7209.10051563        1.306842E+05
       7211.68547656        1.340654E+05
       7214.27043750        1.359542E+05
       7216.85637500        1.369357E+05
       7219.44280078        1.373740E+05
       7222.02873828        1.369392E+05
       7224.61614063        1.355853E+05
       7227.20403125        1.337405E+05
       7229.79192188        1.317230E+05
       7232.38078906        1.298396E+05
       7234.97063281        1.290347E+05
       7237.56047656        1.293507E+05
       7240.15032031        1.302452E+05
       7242.74114063        1.308948E+05
       7245.33244922        1.313187E+05
       7247.92326953        1.320116E+05
       7250.51555469        1.323825E+05
       7253.10881641        1.325389E+05
       7255.70110156        1.332972E+05
       7258.29582813        1.339634E+05
       7260.88957813        1.345371E+05
       7263.48332813        1.350999E+05
       7266.07854297        1.356677E+05
       7268.67375781        1.351999E+05
       7271.27043750        1.342668E+05
       7273.86614063        1.338251E+05
       7276.46330859        1.351282E+05
       7279.06145313        1.363727E+05
       7281.65862109        1.362435E+05
       7284.25774219        1.350093E+05
       7286.85588672        1.342563E+05
       7289.45500781        1.352364E+05
       7292.05461719        1.375179E+05
       7294.65569141        1.401541E+05
       7297.25578906        1.410712E+05
       7299.85783984        1.408420E+05
       7302.45891406        1.403362E+05
       7305.06096484        1.405741E+05
       7307.66350391        1.410326E+05
       7310.26555469        1.413573E+05
       7312.86955859        1.422999E+05
       7315.47405078        1.435710E+05
       7318.07805469        1.447451E+05
       7320.68254688        1.462299E+05
       7323.28850391        1.469687E+05
       7325.89397266        1.475637E+05
       7328.50041797        1.490182E+05
       7331.10686328        1.507132E+05
       7333.71428516        1.525938E+05
       7336.32121875        1.537714E+05
       7338.92961719        1.538519E+05
       7341.53752734        1.528122E+05
       7344.14641406        1.515647E+05
       7346.75578906        1.502714E+05
       7349.36662891        1.489730E+05
       7351.97649219        1.478262E+05
       7354.58782031        1.469112E+05
       7357.19817188        1.469485E+05
       7359.80998828        1.481833E+05
       7362.42229297        1.502704E+05
       7365.03508594        1.530379E+05
       7367.64739063        1.562242E+05
       7370.26164844        1.587331E+05
       7372.87492969        1.597433E+05
       7375.49016406        1.591994E+05
       7378.10442188        1.575033E+05
       7380.72014453        1.553498E+05
       7383.33586719        1.535995E+05
       7385.95158984        1.534595E+05
       7388.56828906        1.543169E+05
       7391.18498828        1.557800E+05
       7393.80315234        1.571050E+05
       7396.42131641        1.580824E+05
       7399.03996875        1.586878E+05
       7401.65959766        1.590443E+05
       7404.27922656        1.588917E+05
       7406.89836719        1.573894E+05
       7409.51848438        1.557023E+05
       7412.13908984        1.546473E+05
       7414.76067188        1.543051E+05
       7417.38274219        1.550358E+05
       7420.00432422        1.566170E+05
       7422.62688281        1.579928E+05
       7425.25041797        1.593831E+05
       7427.87395313        1.604398E+05
       7430.49748828        1.604630E+05
       7433.12248828        1.600806E+05
       7435.74748828        1.595716E+05
       7438.37200000        1.591544E+05
       7440.99748828        1.592928E+05
       7443.62444141        1.604078E+05
       7446.25188281        1.617288E+05
       7448.87785938        1.625938E+05
       7451.50578906        1.625629E+05
       7454.13371875        1.616593E+05
       7456.76262500        1.608108E+05
       7459.39153125        1.608146E+05
       7462.02141406        1.609444E+05
       7464.65129688        1.613296E+05
       7467.28166797        1.612524E+05
       7469.91252734        1.609890E+05
       7472.54387500        1.608744E+05
       7475.17473438        1.612928E+05
       7477.80754688        1.618237E+05
       7480.44035938        1.619761E+05
       7483.07317188        1.615297E+05
       7485.70744922        1.606167E+05
       7488.34123828        1.595649E+05
       7490.97551563        1.592436E+05
       7493.61076953        1.601162E+05
       7496.24602344        1.618708E+05
       7498.88176563        1.634626E+05
       7501.51848438        1.637479E+05
       7504.15520313        1.633909E+05
       7506.79192188        1.633781E+05
       7509.43059375        1.640140E+05
       7512.06828906        1.652101E+05
       7514.70647266        1.658943E+05
       7517.34612109        1.656886E+05
       7519.98576953        1.650111E+05
       7522.62492969        1.646787E+05
       7525.26604297        1.650967E+05
       7527.90666797        1.661098E+05
       7530.54729297        1.667334E+05
       7533.18987109        1.670453E+05
       7535.83244922        1.670418E+05
       7538.47405078        1.666530E+05
       7541.11809375        1.661980E+05
       7543.76116016        1.659767E+05
       7546.40569141        1.658200E+05
       7549.05022266        1.657689E+05
       7551.69524219        1.655669E+05
       7554.34075000        1.653654E+05
       7556.98674609        1.655295E+05
       7559.63323047        1.658143E+05
       7562.27971484        1.658467E+05
       7564.92668750        1.657290E+05
       7567.57463672        1.657459E+05
       7570.22307422        1.658024E+05
       7572.87151172        1.654976E+05
       7575.52043750        1.645049E+05
       7578.16985156        1.625078E+05
       7580.82024219        1.595677E+05
       7583.47063281        1.540940E+05
       7586.12200000        1.441065E+05
       7588.77287891        1.268356E+05
       7591.42522266        1.040164E+05
       7594.07756641        7.992994E+04
       7596.73039844        6.170846E+04
       7599.38323047        5.213845E+04
       7602.03703906        5.007332E+04
       7604.69084766        5.471840E+04
       7607.34563281        6.438240E+04
       7610.00139453        7.965381E+04
       7612.65617969        9.480215E+04
       7615.31242969        1.021256E+05
       7617.96867969        1.019431E+05
       7620.62541797        9.661664E+04
       7623.28264453        9.029181E+04
       7625.94035938        8.768649E+04
       7628.59905078        8.789284E+04
       7631.25774219        9.034910E+04
       7633.91643359        9.420926E+04
       7636.57610156        9.890670E+04
       7639.23674609        1.040841E+05
       7641.89739063        1.088578E+05
       7644.55754688        1.136428E+05
       7647.21965625        1.177152E+05
       7649.88225391        1.213827E+05
       7652.54289844        1.243109E+05
       7655.20647266        1.265737E+05
       7657.86955859        1.285607E+05
       7660.53362109        1.317222E+05
       7663.19768359        1.358684E+05
       7665.86223438        1.415135E+05
       7668.52825000        1.464694E+05
       7671.19280078        1.502255E+05
       7673.85930469        1.526776E+05
       7676.52629688        1.545296E+05
       7679.19280078        1.560243E+05
       7681.85930469        1.568497E+05
       7684.52727344        1.573913E+05
       7687.19573047        1.573618E+05
       7689.86418750        1.567246E+05
       7692.53410938        1.562780E+05
       7695.20354297        1.563684E+05
       7697.87346484        1.570988E+05
       7700.54485156        1.583650E+05
       7703.21526172        1.584983E+05
       7705.88713672        1.568508E+05
       7708.55852344        1.551339E+05
       7711.23039844        1.548445E+05
       7713.90325000        1.556633E+05
       7716.57756641        1.570236E+05
       7719.25090625        1.582315E+05
       7721.92522266        1.589896E+05
       7724.60051563        1.600140E+05
       7727.27532031        1.613620E+05
       7729.95061328        1.623377E+05
       7732.62688281        1.628815E+05
       7735.30364063        1.626901E+05
       7737.97942188        1.614188E+05
       7740.65813281        1.590257E+05
       7743.33586719        1.570506E+05
       7746.01408984        1.566144E+05
       7748.69280078        1.578724E+05
       7751.37248828        1.600447E+05
       7754.05168750        1.618553E+05
       7756.73186328        1.625202E+05
       7759.41203906        1.625407E+05
       7762.09367969        1.622458E+05
       7764.77483203        1.622862E+05
       7767.45696094        1.624601E+05
       7770.13908984        1.626829E+05
       7772.82219531        1.625349E+05
       7775.50578906        1.622199E+05
       7778.18938281        1.616144E+05
       7780.87395313        1.607825E+05
       7783.55852344        1.603386E+05
       7786.24358203        1.602421E+05
       7788.92961719        1.605562E+05
       7791.61565234        1.610101E+05
       7794.30168750        1.613168E+05
       7796.98869922        1.613660E+05
       7799.67619922        1.616800E+05
       7802.36321094        1.619750E+05
       7805.05119922        1.622730E+05
       7807.73918750        1.625569E+05
       7810.42668750        1.633483E+05
       7813.11662891        1.640244E+05
       7815.80510547        1.642634E+05
       7818.49504688        1.641187E+05
       7821.18498828        1.635109E+05
       7823.87590625        1.622796E+05
       7826.56633594        1.602731E+05
       7829.25578906        1.582132E+05
       7831.94768359        1.573187E+05
       7834.63957813        1.577553E+05
       7837.33098438        1.592723E+05
       7840.02336719        1.603267E+05
       7842.71672656        1.605127E+05
       7845.40862109        1.599336E+05
       7848.10246875        1.592664E+05
       7850.79631641        1.591454E+05
       7853.49065234        1.598683E+05
       7856.18450000        1.608714E+05
       7858.87883594        1.614002E+05
       7861.57414844        1.610620E+05
       7864.26946094        1.600970E+05
       7866.96623828        1.587544E+05
       7869.66252734        1.575305E+05
       7872.35881641        1.566877E+05
       7875.05510547        1.563479E+05
       7877.75139453        1.559744E+05
       7880.44963672        1.559580E+05
       7883.14787891        1.558788E+05
       7885.84514453        1.551164E+05
       7888.54436328        1.537391E+05
       7891.24358203        1.525193E+05
       7893.94280078        1.519212E+05
       7896.64299609        1.522404E+05
       7899.34270313        1.525056E+05
       7902.04192188        1.520647E+05
       7904.74309375        1.508336E+05
       7907.44377734        1.493218E+05
       7910.14446094        1.484673E+05
       7912.84660938        1.485319E+05
       7915.54875781        1.491992E+05
       7918.25139453        1.500061E+05
       7920.95403125        1.505453E+05
       7923.65666797        1.508011E+05
       7926.36028125        1.509137E+05
       7929.06438281        1.508343E+05
       7931.76848438        1.501114E+05
       7934.47307422        1.489934E+05
       7937.17766406        1.475261E+05
       7939.88274219        1.464424E+05
       7942.58879688        1.464115E+05
       7945.29485156        1.476845E+05
       7948.00041797        1.492494E+05
       7950.70696094        1.503658E+05
       7953.41399219        1.501633E+05
       7956.12102344        1.496079E+05
       7958.82854297        1.497587E+05
       7961.53655078        1.507013E+05
       7964.24553516        1.522940E+05
       7966.95403125        1.535914E+05
       7969.66301563        1.540360E+05
       7972.37200000        1.535858E+05
       7975.08196094        1.529507E+05
       7977.79143359        1.526116E+05
       7980.50188281        1.524643E+05
       7983.21282031        1.527098E+05
       7985.92424609        1.525591E+05
       7988.63469531        1.517627E+05
       7991.34758594        1.505903E+05
       7994.05950000        1.496142E+05
       7996.77141406        1.497448E+05
       7999.48479297        1.509204E+05
       8002.19768359        1.520473E+05
       8004.91106250        1.529834E+05
       8007.62541797        1.537849E+05
       8010.33977344        1.545886E+05
       8013.05412891        1.549521E+05
       8015.76848438        1.539550E+05
       8018.48430469        1.509928E+05
       8021.19963672        1.477938E+05
       8023.91545703        1.469000E+05
       8026.63176563        1.482132E+05
       8029.34905078        1.518193E+05
       8032.06584766        1.542551E+05
       8034.78264453        1.545272E+05
       8037.50139453        1.527918E+05
       8040.21819141        1.503748E+05
       8042.93742969        1.491592E+05
       8045.65617969        1.494391E+05
       8048.37492969        1.508053E+05
       8051.09416797        1.525779E+05
       8053.81438281        1.533923E+05
       8056.53410938        1.531644E+05
       8059.25432422        1.520009E+05
       8061.97600391        1.500078E+05
       8064.69621875        1.479460E+05
       8067.41887500        1.468692E+05
       8070.14104297        1.469292E+05
       8072.86321094        1.476589E+05
       8075.58489063        1.482420E+05
       8078.30754688        1.483812E+05
       8081.03166797        1.481085E+05
       8083.75383594        1.471271E+05
       8086.47844531        1.453378E+05
       8089.20354297        1.434894E+05
       8091.92766406        1.427327E+05
       8094.65227344        1.433503E+05
       8097.37834766        1.447035E+05
       8100.10344531        1.450121E+05
       8102.83000781        1.445742E+05
       8105.55608203        1.434587E+05
       8108.28264453        1.417243E+05
       8111.00969531        1.400865E+05
       8113.73674609        1.395214E+05
       8116.46575000        1.401801E+05
       8119.19328906        1.411837E+05
       8121.92180469        1.412633E+05
       8124.65080859        1.394832E+05
       8127.37981250        1.371892E+05
       8130.10930469        1.355910E+05
       8132.83879688        1.349655E+05
       8135.56975391        1.345289E+05
       8138.30022266        1.332634E+05
       8141.03069141        1.310561E+05
       8143.76262500        1.294339E+05
       8146.49358203        1.288524E+05
       8149.22551563        1.294782E+05
       8151.95793750        1.293073E+05
       8154.69035938        1.272196E+05
       8157.42375781        1.249680E+05
       8160.15715625        1.234266E+05
       8162.89153125        1.245335E+05
       8165.62492969        1.281334E+05
       8168.35930469        1.297527E+05
       8171.09416797        1.288963E+05
       8173.82951953        1.270117E+05
       8176.56535938        1.253055E+05
       8179.30022266        1.254304E+05
       8182.03606250        1.269499E+05
       8184.77336719        1.283234E+05
       8187.50969531        1.286548E+05
       8190.24700000        1.278153E+05
       8192.98479297        1.268812E+05
       8195.72258594        1.276181E+05
       8198.46086719        1.303464E+05
       8201.19914844        1.342682E+05
       8203.93840625        1.367127E+05
       8206.67766406        1.373875E+05
       8209.41692187        1.371900E+05
       8212.15617969        1.362040E+05
       8214.89641406        1.343450E+05
       8217.63762500        1.303519E+05
       8220.37883594        1.236613E+05
       8223.12102344        1.176282E+05
       8225.86125781        1.149707E+05
       8228.60344531        1.181882E+05
       8231.34758594        1.253418E+05
       8234.08977344        1.310617E+05
       8236.83293750        1.339706E+05
       8239.57610156        1.362924E+05
       8242.31926562        1.384911E+05
       8245.06340625        1.395610E+05
       8247.80852344        1.380886E+05
       8250.55266406        1.350281E+05
       8253.29875781        1.340986E+05
       8256.04485156        1.354178E+05
       8258.79094531        1.384464E+05
       8261.53606250        1.402549E+05
       8264.28313281        1.396475E+05
       8267.02922656        1.368429E+05
       8269.77727344        1.330660E+05
       8272.52434375        1.307010E+05
       8275.27239062        1.307215E+05
       8278.02141406        1.319038E+05
       8280.76946094        1.322270E+05
       8283.51848437        1.322348E+05
       8286.26848437        1.316752E+05
       8289.01750781        1.314472E+05
       8291.76750781        1.318173E+05
       8294.51750781        1.317540E+05
       8297.26946094        1.306633E+05
       8300.02043750        1.293912E+05
       8302.77043750        1.286045E+05
       8305.52336719        1.292099E+05
       8308.27532031        1.306923E+05
       8311.02727344        1.313198E+05
       8313.78117969        1.306837E+05
       8316.53410937        1.300434E+05
       8319.28703906        1.296904E+05
       8322.04094531        1.296866E+05
       8324.79485156        1.295611E+05
       8327.54973437        1.293794E+05
       8330.30461719        1.294862E+05
       8333.05950000        1.301564E+05
       8335.81535937        1.313190E+05
       8338.57219531        1.324549E+05
       8341.32707812        1.332680E+05
       8344.08489062        1.339748E+05
       8346.84172656        1.343297E+05
       8349.59856250        1.347178E+05
       8352.35637500        1.347018E+05
       8355.11418750        1.337888E+05
       8357.87200000        1.328283E+05
       8360.63078906        1.330948E+05
       8363.38957812        1.344813E+05
       8366.15032031        1.362514E+05
       8368.90910937        1.365489E+05
       8371.66887500        1.354032E+05
       8374.42961719        1.330803E+05
       8377.18938281        1.306228E+05
       8379.95110156        1.288390E+05
       8382.71282031        1.291558E+05
       8385.47356250        1.314943E+05
       8388.23625781        1.343734E+05
       8390.99895312        1.362852E+05
       8393.76262500        1.369028E+05
       8396.52532031        1.373711E+05
       8399.28899219        1.382295E+05
       8402.05266406        1.388551E+05
       8404.81535937        1.382881E+05
       8407.58000781        1.367299E+05
       8410.34563281        1.354177E+05
       8413.11028125        1.350600E+05
       8415.87492969        1.346296E+05
       8418.64250781        1.338739E+05
       8421.40813281        1.340237E+05
       8424.17473437        1.345676E+05
       8426.94133594        1.340336E+05
       8429.70793750        1.322082E+05
       8432.47551562        1.304098E+05
       8435.24309375        1.307829E+05
       8438.01164844        1.330147E+05
       8440.78020312        1.352547E+05
       8443.54875781        1.363381E+05
       8446.31828906        1.368541E+05
       8449.08782031        1.367649E+05
       8451.85832812        1.368074E+05
       8454.62785937        1.369627E+05
       8457.39836719        1.364545E+05
       8460.16985156        1.353389E+05
       8462.94133594        1.341465E+05
       8465.71282031        1.343500E+05
       8468.48430469        1.359201E+05
       8471.25676562        1.376712E+05
       8474.02922656        1.378234E+05
       8476.80266406        1.369295E+05
       8479.57610156        1.365249E+05
       8482.34856250        1.368371E+05
       8485.12395312        1.362946E+05
       8487.89836719        1.317771E+05
       8490.67278125        1.238014E+05
       8493.44719531        1.176348E+05
       8496.22356250        1.177519E+05
       8498.99895312        1.227818E+05
       8501.77532031        1.301874E+05
       8504.55168750        1.332926E+05
       8507.32805469        1.326635E+05
       8510.10442187        1.303201E+05
       8512.88176562        1.291942E+05
       8515.66008594        1.296350E+05
       8518.43742969        1.306911E+05
       8521.21575000        1.313596E+05
       8523.99602344        1.311352E+05
       8526.77532031        1.300323E+05
       8529.55461719        1.257336E+05
       8532.33391406        1.166395E+05
       8535.11418750        1.033254E+05
       8537.89543750        9.545739E+04
       8540.67571094        9.608032E+04
       8543.45696094        1.056955E+05
       8546.23821094        1.176413E+05
       8549.01946094        1.258025E+05
       8551.80168750        1.300343E+05
       8554.58489062        1.323825E+05
       8557.36711719        1.335788E+05
       8560.15032031        1.337515E+05
       8562.93450000        1.331712E+05
       8565.71770312        1.324389E+05
       8568.50188281        1.319486E+05
       8571.28703906        1.318746E+05
       8574.07219531        1.321145E+05
       8576.85735156        1.325863E+05
       8579.64348437        1.331986E+05
       8582.42961719        1.336977E+05
       8585.21575000        1.337261E+05
       8588.00188281        1.331489E+05
       8590.78899219        1.324480E+05
       8593.57610156        1.321712E+05
       8596.36418750        1.325508E+05
       8599.15227344        1.331436E+05
       8601.93938281        1.332528E+05
       8604.72942187        1.324445E+05
       8607.51848437        1.313992E+05
       8610.30754687        1.307490E+05
       8613.09758594        1.303514E+05
       8615.88762500        1.303756E+05
       8618.67766406        1.311255E+05
       8621.46770312        1.323878E+05
       8624.25969531        1.336654E+05
       8627.05071094        1.340208E+05
       8629.84172656        1.336250E+05
       8632.63469531        1.330294E+05
       8635.42766406        1.322793E+05
       8638.21965625        1.313043E+05
       8641.01262500        1.303413E+05
       8643.80657031        1.296166E+05
       8646.60051562        1.286344E+05
       8649.39446094        1.258069E+05
       8652.18840625        1.186571E+05
       8654.98430469        1.068746E+05
       8657.77825000        9.962422E+04
       8660.57414844        1.004172E+05
       8663.37004687        1.084905E+05
       8666.16692187        1.177659E+05
       8668.96379687        1.220725E+05
       8671.75969531        1.234428E+05
       8674.55754687        1.236874E+05
       8677.35539844        1.235208E+05
       8680.15227344        1.221164E+05
       8682.95110156        1.208764E+05
       8685.74992969        1.213632E+05
       8688.54875781        1.236942E+05
       8691.34758594        1.261001E+05
       8694.14739062        1.270701E+05
       8696.94719531        1.268477E+05
       8699.74797656        1.263927E+05
       8702.54875781        1.258362E+05
       8705.34953906        1.253163E+05
       8708.15032031        1.253553E+05
       8710.95207812        1.262030E+05
       8713.75481250        1.277652E+05
       8716.55657031        1.285543E+05
       8719.35930469        1.281306E+05
       8722.16301562        1.270048E+05
       8724.96575000        1.258034E+05
       8727.76946094        1.250179E+05
       8730.57414844        1.249290E+05
       8733.37785937        1.252911E+05
       8736.18157031        1.263749E+05
       8738.98821094        1.269223E+05
       8741.79289844        1.265297E+05
       8744.59856250        1.255552E+05
       8747.40520312        1.248676E+05
       8750.21282031        1.246487E+05
       8753.01848437        1.249312E+05
       8755.82512500        1.252457E+05
       8758.63274219        1.250578E+05
       8761.44035937        1.245955E+05
       8764.24797656        1.231978E+05
       8767.05754687        1.220588E+05
       8769.86614062        1.218620E+05
       8772.67668750        1.224574E+05
       8775.48528125        1.240793E+05
       8778.29582812        1.256583E+05
       8781.10539844        1.263451E+05
       8783.91496875        1.256899E+05
       8786.72649219        1.241430E+05
       8789.53801562        1.229116E+05
       8792.34953906        1.221115E+05
       8795.16203906        1.210120E+05
       8797.97356250        1.185034E+05
       8800.78703906        1.156800E+05
       8803.59953906        1.158079E+05
       8806.41203906        1.181627E+05
       8809.22649219        1.216067E+05
       8812.04094531        1.227393E+05
       8814.85442187        1.209900E+05
       8817.66887500        1.187576E+05
       8820.48430469        1.184961E+05
       8823.29875781        1.198887E+05
       8826.11516406        1.217192E+05
       8828.93157031        1.224850E+05
       8831.74700000        1.218247E+05
       8834.56438281        1.211018E+05
       8837.38078906        1.209237E+05
       8840.19817187        1.211117E+05
       8843.01653125        1.213881E+05
       8845.83391406        1.217439E+05
       8848.65227344        1.219508E+05
       8851.47063281        1.219234E+05
       8854.28899219        1.212507E+05
       8857.10832812        1.204109E+05
       8859.92766406        1.190271E+05
       8862.74700000        1.184015E+05
       8865.56731250        1.180976E+05
       8868.38762500        1.176760E+05
       8871.20696094        1.172088E+05
       8874.02825000        1.170791E+05
       8876.84758594        1.176879E+05
       8879.66985156        1.188822E+05
       8882.49211719        1.198339E+05
       8885.31340625        1.203227E+05
       8888.13664844        1.201454E+05
       8890.95793750        1.193898E+05
       8893.78020312        1.185827E+05
       8896.60344531        1.176370E+05
       8899.42668750        1.169233E+05
       8902.24895312        1.168971E+05
       8905.07317187        1.170471E+05
       8907.89739062        1.170264E+05
       8910.72258594        1.165322E+05
       8913.54582812        1.153671E+05
       8916.37200000        1.139831E+05
       8919.19719531        1.122317E+05
       8922.02239062        1.102691E+05
       8924.84758594        1.088274E+05
       8927.67375781        1.087181E+05
       8930.49992969        1.096184E+05
       8933.32610156        1.102925E+05
       8936.15325000        1.098612E+05
       8938.98039844        1.079292E+05
       8941.80754687        1.057182E+05
       8944.63664844        1.038933E+05
       8947.46379687        1.024969E+05
       8950.29094531        1.020725E+05
       8953.12004687        1.011797E+05
       8955.94914844        9.909514E+04
       8958.77825000        9.704851E+04
       8961.60637500        9.575756E+04
       8964.43645312        9.494466E+04
       8967.26653125        9.469397E+04
       8970.09660937        9.544666E+04
       8972.92766406        9.669236E+04
       8975.75774219        9.723851E+04
       8978.58879687        9.426909E+04
       8981.41985156        8.771001E+04
       8984.25090625        8.231805E+04
       8987.08293750        8.274489E+04
       8989.91594531        8.800677E+04
       8992.74797656        9.156975E+04
       8995.58000781        9.181727E+04
       8998.41301562        9.027436E+04
       9001.24700000        8.949392E+04
       9004.08098437        8.922178E+04
       9006.91399219        8.813981E+04
       9009.74797656        8.708101E+04
       9012.58293750        8.696206E+04
       9015.41692187        8.649492E+04
       9018.25188281        8.660974E+04
       9021.08684375        8.824742E+04
       9023.92278125        9.154930E+04
       9026.75774219        9.673995E+04
       9029.59465625        1.009058E+05
       9032.43059375        1.017929E+05
       9035.26750781        1.009022E+05
       9038.10442187        9.986247E+04
       9040.94035937        9.941376E+04
       9043.77922656        9.920329E+04
       9046.61614062        9.926275E+04
       9049.45500781        9.970725E+04
       9052.29192187        9.914975E+04
       9055.13078906        9.793001E+04
       9057.96965625        9.627745E+04
       9060.80852344        9.389634E+04
       9063.64934375        9.074612E+04
       9066.48821094        8.807006E+04
       9069.32805469        8.675230E+04
       9072.16789844        8.581317E+04
       9075.00871875        8.556828E+04
       9077.84953906        8.430575E+04
       9080.69035937        8.305798E+04
       9083.53117969        8.278517E+04
       9086.37297656        8.368653E+04
       9089.21477344        8.475631E+04
       9092.05754687        8.452824E+04
       9094.89934375        8.374748E+04
       9097.74211719        8.264831E+04
       9100.58586719        8.252532E+04
       9103.42864062        8.447253E+04
       9106.27239062        8.724194E+04
       9109.11711719        8.761545E+04
       9111.96086719        8.642354E+04
       9114.80461719        8.600073E+04
       9117.64934375        8.686003E+04
       9120.49407031        8.631652E+04
       9123.33879687        8.330924E+04
       9126.18547656        7.887146E+04
       9129.03020312        7.579241E+04
       9131.87688281        7.638166E+04
       9134.72258594        7.898704E+04
       9137.56926562        8.228102E+04
       9140.41594531        8.344268E+04
       9143.26360156        8.163816E+04
       9146.11125781        7.661888E+04
       9148.95891406        7.205644E+04
       9151.80754687        7.199904E+04
       9154.65520312        7.525455E+04
       9157.50383594        7.902408E+04
       9160.35246875        7.994844E+04
       9163.20207812        7.870839E+04
       9166.05168750        7.500293E+04
       9168.90032031        7.209298E+04
       9171.75090625        7.269265E+04
       9174.60149219        7.536405E+04
       9177.45207812        7.763950E+04
       9180.30266406        7.872108E+04
       9183.15422656        7.888852E+04
       9186.00481250        7.858291E+04
       9188.85735156        7.866907E+04
       9191.70891406        7.973315E+04
       9194.56047656        8.194933E+04
       9197.41301562        8.345168E+04
       9200.26555469        8.297813E+04
       9203.11907031        8.092172E+04
       9205.97258594        7.810007E+04
       9208.82610156        7.588653E+04
       9211.68059375        7.562679E+04
       9214.53410937        7.693454E+04
       9217.38860156        7.926792E+04
       9220.24407031        8.117603E+04
       9223.09758594        8.129204E+04
       9225.95305469        8.041689E+04
       9228.80950000        7.897182E+04
       9231.66496875        7.701791E+04
       9234.52141406        7.526891E+04
       9237.37785937        7.386943E+04
       9240.23430469        7.349469E+04
       9243.09075000        7.428200E+04
       9245.94914844        7.590204E+04
       9248.80559375        7.697748E+04
       9251.66399219        7.688899E+04
       9254.52239062        7.634421E+04
       9257.37981250        7.640137E+04
       9260.23821094        7.688636E+04
       9263.09758594        7.655997E+04
       9265.95696094        7.530481E+04
       9268.81633594        7.285260E+04
       9271.67571094        7.017061E+04
       9274.53703906        6.857260E+04
       9277.39739062        6.691104E+04
       9280.25676562        6.519245E+04
       9283.11711719        6.332860E+04
       9285.97942187        6.113907E+04
       9288.83977344        5.913521E+04
       9291.70207812        5.709911E+04
       9294.56438281        5.596266E+04
       9297.42571094        5.601335E+04
       9300.28899219        5.545423E+04
       9303.15227344        5.409267E+04
       9306.01457812        5.168663E+04
       9308.87785937        4.740807E+04
       9311.74211719        4.385836E+04
       9314.60637500        4.095267E+04
       9317.46965625        3.911731E+04
       9320.33391406        3.968680E+04
       9323.19914844        4.057941E+04
       9326.06438281        3.998367E+04
       9328.92961719        3.817391E+04
       9331.79485156        3.471564E+04
       9334.66203906        3.117690E+04
       9337.52727344        2.911136E+04
       9340.39446094        3.076828E+04
       9343.26067187        3.584247E+04
       9346.12688281        3.757401E+04
       9348.99407031        3.674711E+04
       9351.86223437        3.478328E+04
       9354.72942187        3.634905E+04
       9357.59856250        3.829438E+04
       9360.46672656        3.757625E+04
       9363.33586719        3.459560E+04
       9366.20403125        3.309553E+04
       9369.07414844        3.345121E+04
       9371.94328906        3.373040E+04
       9374.81242969        3.479266E+04
       9377.68352344        3.710054E+04
       9380.55364062        4.182833E+04
       9383.42375781        4.855697E+04
       9386.29387500        5.370839E+04
       9389.16496875        5.569877E+04
       9392.03703906        5.469405E+04
       9394.90910937        5.162416E+04
       9397.78020312        4.903885E+04
       9400.65227344        4.768603E+04
       9403.52434375        4.669228E+04
       9406.39739062        4.645279E+04
       9409.26946094        4.685904E+04
       9412.14250781        4.794067E+04
       9415.01457812        4.828497E+04
       9417.88860156        4.591569E+04
       9420.76164844        4.087587E+04
       9423.63469531        3.819827E+04
       9426.50969531        3.942379E+04
       9429.38371875        4.105612E+04
       9432.25969531        3.977211E+04
       9435.13274219        3.611307E+04
       9438.00774219        3.522496E+04
       9440.88371875        3.838873E+04
       9443.75871875        4.203356E+04
       9446.63469531        4.198454E+04
       9449.51067187        3.964381E+04
       9452.38762500        3.668113E+04
       9455.26360156        3.637879E+04
       9458.13957812        3.854751E+04
       9461.01653125        4.083567E+04
       9463.89348437        4.280634E+04
       9466.77043750        4.321977E+04
       9469.64836719        4.207618E+04
       9472.52629687        3.958659E+04
       9475.40422656        3.764828E+04
       9478.28215625        3.880822E+04
       9481.16106250        4.290659E+04
       9484.03996875        4.573165E+04
       9486.91887500        4.474905E+04
       9489.79875781        4.084199E+04
       9492.67668750        3.588581E+04
       9495.55754687        3.570422E+04
       9498.43742969        3.978598E+04
       9501.31731250        4.518183E+04
       9504.19621875        4.775669E+04
       9507.07707812        4.694982E+04
       9509.95793750        4.294682E+04
       9512.83977344        3.880674E+04
       9515.72063281        3.685047E+04
       9518.60149219        3.766562E+04
       9521.48332812        3.988925E+04
       9524.36516406        4.254930E+04
       9527.24797656        4.389877E+04
       9530.13078906        4.430330E+04
       9533.01360156        4.423744E+04
       9535.89641406        4.274292E+04
       9538.77922656        4.147773E+04
       9541.66301562        4.178066E+04
       9544.54582812        4.223977E+04
       9547.42961719        4.156531E+04
       9550.31438281        4.022690E+04
       9553.19914844        4.004630E+04
       9556.08293750        3.984024E+04
       9558.96770312        3.914965E+04
       9561.85246875        3.870623E+04
       9564.73821094        3.987213E+04
       9567.62297656        4.314307E+04
       9570.50871875        4.500015E+04
       9573.39446094        4.477161E+04
       9576.28117969        4.410328E+04
       9579.16789844        4.318193E+04
       9582.05461719        4.079903E+04
       9584.94035937        3.808476E+04
       9587.82805469        3.706253E+04
       9590.71575000        3.809381E+04
       9593.60344531        4.018978E+04
       9596.49114062        4.142243E+04
       9599.37981250        4.211366E+04
       9602.26750781        4.333571E+04
       9605.15617969        4.477136E+04
       9608.04485156        4.501385E+04
       9610.93352344        4.400668E+04
       9613.82219531        4.178153E+04
       9616.71184375        3.999316E+04
       9619.60344531        3.996284E+04
       9622.49211719        4.218421E+04
       9625.38274219        4.497800E+04
       9628.27239062        4.510499E+04
       9631.16203906        4.324305E+04
       9634.05266406        4.135767E+04
       9636.94524219        4.054331E+04
       9639.83684375        3.987105E+04
       9642.72844531        4.000509E+04
       9645.61907031        4.051370E+04
       9648.51067187        4.175986E+04
       9651.40325000        4.232071E+04
       9654.29582812        4.201499E+04
       9657.18840625        4.114993E+04
       9660.08196094        4.102245E+04
       9662.97453906        4.210855E+04
       9665.86809375        4.380516E+04
       9668.76164844        4.451343E+04
       9671.65617969        4.388957E+04
       9674.54973437        4.322388E+04
       9677.44328906        4.373612E+04
       9680.33782031        4.515317E+04
       9683.23332812        4.629054E+04
       9686.12883594        4.667497E+04
       9689.02336719        4.679882E+04
       9691.91887500        4.650863E+04
       9694.81535937        4.544167E+04
       9697.71086719        4.423810E+04
       9700.60735156        4.354586E+04
       9703.50383594        4.360043E+04
       9706.40032031        4.366666E+04
       9709.29778125        4.378070E+04
       9712.19426562        4.417057E+04
       9715.09172656        4.424969E+04
       9717.98821094        4.395402E+04
       9720.88664844        4.327248E+04
       9723.78508594        4.241510E+04
       9726.68352344        4.111899E+04
       9729.58196094        3.879082E+04
       9732.48039844        3.744005E+04
       9735.37981250        3.706430E+04
       9738.27922656        3.766959E+04
       9741.17766406        3.869500E+04
       9744.07805469        3.935927E+04
       9746.97746875        3.951002E+04
       9749.87785937        3.935432E+04
       9752.77825000        3.924277E+04
       9755.67961719        3.846556E+04
       9758.58000781        3.837388E+04
       9761.48039844        3.874240E+04
       9764.38274219        3.891973E+04
       9767.28410937        3.896760E+04
       9770.18547656        3.886049E+04
       9773.08782031        3.860805E+04
       9775.99016406        3.796955E+04
       9778.89250781        3.736668E+04
       9781.79485156        3.712119E+04
       9784.69817187        3.705727E+04
       9787.60149219        3.690644E+04
       9790.50481250        3.662575E+04
       9793.40813281        3.616690E+04
       9796.31242969        3.614360E+04
       9799.21575000        3.675682E+04
       9802.12004687        3.788308E+04
       9805.02532031        3.885834E+04
       9807.92961719        3.915044E+04
       9810.83391406        3.911992E+04
       9813.74016406        3.872071E+04
       9816.64641406        3.785663E+04
       9819.55071094        3.663983E+04
       9822.45793750        3.579810E+04
       9825.36321094        3.529980E+04
       9828.27043750        3.553752E+04
       9831.17668750        3.603688E+04
       9834.08391406        3.670540E+04
       9836.99211719        3.701685E+04
       9839.89836719        3.726454E+04
       9842.80559375        3.723564E+04
       9845.71477344        3.672049E+04
       9848.62200000        3.612136E+04
       9851.52922656        3.542904E+04
       9854.43840625        3.498994E+04
       9857.34758594        3.491687E+04
       9860.25578906        3.504543E+04
       9863.16594531        3.519661E+04
       9866.07512500        3.528589E+04
       9868.98528125        3.528525E+04
       9871.89446094        3.513603E+04
       9874.80461719        3.447503E+04
       9877.71575000        3.356581E+04
       9880.62590625        3.281921E+04
       9883.53703906        3.259745E+04
       9886.44914844        3.287871E+04
       9889.35930469        3.328026E+04
       9892.27043750        3.357355E+04
       9895.18352344        3.358503E+04
       9898.09465625        3.329127E+04
       9901.00578906        3.264308E+04
       9903.91985156        3.169581E+04
       9906.83196094        3.071031E+04
       9909.74407031        3.025505E+04
       9912.65813281        3.028412E+04
       9915.57219531        3.045831E+04
       9918.48625781        3.044205E+04
       9921.40032031        3.051153E+04
       9924.31438281        3.066071E+04
       9927.22844531        3.064149E+04
       9930.14250781        3.024096E+04
       9933.05657031        2.971108E+04
       9935.97258594        2.929670E+04
       9938.88860156        2.904615E+04
       9941.80266406        2.914737E+04
       9944.71867969        2.939789E+04
       9947.63469531        2.946331E+04
       9950.55168750        2.907957E+04
       9953.46770312        2.825383E+04
       9956.38469531        2.751368E+04
       9959.30168750        2.720110E+04
       9962.21965625        2.713864E+04
       9965.13567187        2.714637E+04
       9968.05364062        2.719497E+04
       9970.97258594        2.727615E+04
       9973.88957812        2.733814E+04
       9976.80852344        2.735133E+04
       9979.72746875        2.718948E+04
       9982.64641406        2.665503E+04
       9985.56340625        2.614898E+04
       9988.48332812        2.571892E+04
       9991.40325000        2.539976E+04
       9994.32317187        2.501374E+04
       9997.24309375        2.446984E+04
      10000.16399219        2.400438E+04
      10003.08391406        2.380132E+04
      10006.00285937        2.350565E+04
      10008.92473437        2.271161E+04
      10011.84563281        2.206611E+04
      10014.76750781        2.211345E+04
      10017.69035937        2.259269E+04
      10020.61125781        2.307178E+04
      10023.53410937        2.330056E+04
      10026.45500781        2.304840E+04
      10029.37688281        2.234068E+04
      10032.30071094        2.141978E+04
      10035.22356250        2.092274E+04
      10038.14739062        2.100898E+04
      10041.07121875        2.136355E+04
      10043.99407031        2.159852E+04
      10046.91789844        2.172280E+04
      10049.84270312        2.153624E+04
      10052.76555469        2.122038E+04
      10055.69133594        2.106472E+04
      10058.61711719        2.107170E+04
      10061.54192187        2.116016E+04
      10064.46672656        2.110567E+04
      10067.39153125        2.095003E+04
      10070.31828906        2.058471E+04
      10073.24407031        2.008587E+04
      10076.17082812        1.964957E+04
      10079.09660937        1.920646E+04
      10082.02434375        1.887870E+04
      10084.95110156        1.863062E+04
      10087.87688281        1.854685E+04
      10090.80559375        1.874511E+04
      10093.73235156        1.910928E+04
      10096.66008594        1.936288E+04
      10099.58879687        1.930158E+04
      10102.51750781        1.910652E+04
      10105.44621875        1.899136E+04
      10108.37395312        1.908679E+04
      10111.30266406        1.925346E+04
      10114.23235156        1.929498E+04
      10117.16301562        1.909344E+04
      10120.09270312        1.860598E+04
      10123.02239062        1.787456E+04
      10125.95305469        1.723740E+04
      10128.88274219        1.710518E+04
      10131.81340625        1.735699E+04
      10134.74407031        1.752237E+04
      10137.67571094        1.733157E+04
      10140.60832812        1.707811E+04
      10143.53899219        1.709333E+04
      10146.47063281        1.729731E+04
      10149.40325000        1.739940E+04
      10152.33391406        1.735642E+04
      10155.26653125        1.726012E+04
      10158.20110156        1.711673E+04
      10161.13371875        1.687417E+04
      10164.06633594        1.642714E+04
      10167.00090625        1.580224E+04
      10169.93254687        1.521168E+04
      10172.86711719        1.499835E+04
      10175.80168750        1.499732E+04
      10178.73723437        1.497824E+04
      10181.67180469        1.507457E+04
      10184.60735156        1.503364E+04
      10187.54094531        1.490927E+04
      10190.47649219        1.498965E+04
      10193.41203906        1.512770E+04
      10196.34758594        1.492298E+04
      10199.28410937        1.442724E+04
      10202.22063281        1.379756E+04
      10205.15715625        1.313914E+04
      10208.09367969        1.270894E+04
      10211.03020312        1.261977E+04
      10213.96770312        1.251203E+04
      10216.90520312        1.218439E+04
      10219.84270312        1.213732E+04
      10222.78117969        1.247717E+04
      10225.71965625        1.274745E+04
      10228.65813281        1.274650E+04
      10231.59563281        1.275524E+04
      10234.53410937        1.298716E+04
      10237.47356250        1.312838E+04
      10240.41203906        1.300296E+04
      10243.35344531        1.270633E+04
      10246.29289844        1.240222E+04
      10249.23235156        1.235767E+04
      10252.17278125        1.252398E+04
      10255.11321094        1.259662E+04
      10258.05364062        1.243275E+04
      10260.99407031        1.237076E+04
      10263.93645312        1.235364E+04
      10266.87785937        1.229815E+04
      10269.81828906        1.209474E+04
      10272.75969531        1.162637E+04
      10275.70403125        1.095314E+04
      10278.64446094        1.058020E+04
      10281.58782031        1.059549E+04
      10284.53117969        1.075532E+04
