# Aperture radius =  9.0 pixels (Full_aperture_diameter = 2 * Aperture_radius)
#          Lambda(A)                Flux
       5163.42967578        1.367927E+04
       5165.44383594        1.262134E+04
       5167.45750781        1.136524E+04
       5169.47264453        1.042685E+04
       5171.48778125        1.012004E+04
       5173.50340625        1.015902E+04
       5175.52098437        1.044944E+04
       5177.53856250        1.085926E+04
       5179.55760547        1.091888E+04
       5181.57616016        1.076070E+04
       5183.59569141        1.094349E+04
       5185.61717578        1.169360E+04
       5187.63817187        1.280833E+04
       5189.66014453        1.373910E+04
       5191.68260547        1.414439E+04
       5193.70506641        1.437534E+04
       5195.72899219        1.475479E+04
       5197.75389453        1.519581E+04
       5199.77928516        1.514148E+04
       5201.80614062        1.431019E+04
       5203.83201953        1.301252E+04
       5205.86033984        1.177584E+04
       5207.88866016        1.145471E+04
       5209.91795703        1.234446E+04
       5211.94627734        1.410555E+04
       5213.97850391        1.621277E+04
       5216.00828906        1.778784E+04
       5218.03905078        1.864844E+04
       5220.07176562        1.915262E+04
       5222.10545703        1.924168E+04
       5224.13866016        1.882029E+04
       5226.17381641        1.820232E+04
       5228.20946094        1.810709E+04
       5230.24412891        1.862659E+04
       5232.28172656        1.939837E+04
       5234.31785937        1.998525E+04
       5236.35643359        2.058747E+04
       5238.39500781        2.117250E+04
       5240.43504687        2.136472E+04
       5242.47362109        2.124740E+04
       5244.51463672        2.102056E+04
       5246.55614062        2.067095E+04
       5248.59862109        2.021463E+04
       5250.64207812        2.008218E+04
       5252.68553516        2.026368E+04
       5254.72996875        2.058361E+04
       5256.77489062        2.074707E+04
       5258.82030078        2.059657E+04
       5260.86619922        1.985844E+04
       5262.91453906        1.849727E+04
       5264.96190234        1.706431E+04
       5267.00975391        1.621414E+04
       5269.05907031        1.620638E+04
       5271.10887500        1.680290E+04
       5273.15916797        1.808080E+04
       5275.21092578        1.974730E+04
       5277.26366016        2.102468E+04
       5279.31639453        2.163969E+04
       5281.36912891        2.185201E+04
       5283.42332812        2.188944E+04
       5285.47801562        2.225688E+04
       5287.53367969        2.299160E+04
       5289.58934375        2.351748E+04
       5291.64598437        2.351075E+04
       5293.70408984        2.305152E+04
       5295.76268359        2.231506E+04
       5297.82078906        2.150947E+04
       5299.88133594        2.122732E+04
       5301.94139453        2.195875E+04
       5304.00194141        2.309546E+04
       5306.06444141        2.405836E+04
       5308.12694141        2.461245E+04
       5310.19041797        2.483655E+04
       5312.25389453        2.503019E+04
       5314.31883594        2.512857E+04
       5316.38280078        2.504785E+04
       5318.44920703        2.486644E+04
       5320.51610156        2.439737E+04
       5322.58348437        2.356468E+04
       5324.65184375        2.248663E+04
       5326.72069141        2.144579E+04
       5328.79051562        2.089220E+04
       5330.86033984        2.119465E+04
       5332.93114062        2.233884E+04
       5335.00340625        2.358711E+04
       5337.07518359        2.405252E+04
       5339.14793750        2.392710E+04
       5341.22166797        2.357787E+04
       5343.29588672        2.335839E+04
       5345.37010547        2.351582E+04
       5347.44627734        2.383216E+04
       5349.52244922        2.435713E+04
       5351.60008594        2.526696E+04
       5353.67821094        2.646851E+04
       5355.75682422        2.740519E+04
       5357.83592578        2.796196E+04
       5359.91600391        2.821147E+04
       5361.99705859        2.797613E+04
       5364.07860156        2.743374E+04
       5366.16014453        2.669708E+04
       5368.24266406        2.597087E+04
       5370.32616016        2.536793E+04
       5372.41063281        2.516494E+04
       5374.49559375        2.590668E+04
       5376.58104297        2.740154E+04
       5378.66698047        2.864321E+04
       5380.75438281        2.917233E+04
       5382.84178516        2.921619E+04
       5384.93065234        2.903119E+04
       5387.01951953        2.894035E+04
       5389.10936328        2.878983E+04
       5391.20018359        2.821139E+04
       5393.29051562        2.732531E+04
       5395.38182422        2.658238E+04
       5397.47508594        2.618961E+04
       5399.56834766        2.618093E+04
       5401.66209766        2.643229E+04
       5403.75731250        2.633256E+04
       5405.85301562        2.571932E+04
       5407.94871875        2.526011E+04
       5410.04588672        2.583190E+04
       5412.14256641        2.698722E+04
       5414.24119922        2.846902E+04
       5416.33983203        2.990969E+04
       5418.43895312        3.065782E+04
       5420.53953906        3.092765E+04
       5422.64061328        3.078873E+04
       5424.74266406        3.038468E+04
       5426.84471484        2.976997E+04
       5428.94774219        2.895717E+04
       5431.05125781        2.794786E+04
       5433.15575000        2.741483E+04
       5435.26073047        2.785578E+04
       5437.36717578        2.881493E+04
       5439.47362109        3.001535E+04
       5441.58055469        3.072091E+04
       5443.68846484        3.052487E+04
       5445.79735156        2.956125E+04
       5447.90623828        2.827979E+04
       5450.01658984        2.773866E+04
       5452.12742969        2.799875E+04
       5454.23924609        2.824070E+04
       5456.35106250        2.829413E+04
       5458.46385547        2.851455E+04
       5460.57762500        2.916602E+04
       5462.69139453        2.968778E+04
       5464.80711719        2.993645E+04
       5466.92235156        3.028097E+04
       5469.03807422        3.066513E+04
       5471.15575000        3.071910E+04
       5473.27391406        3.038282E+04
       5475.39207812        3.005695E+04
       5477.51121875        2.984697E+04
       5479.63084766        2.997340E+04
       5481.75145312        3.048425E+04
       5483.87254687        3.100963E+04
       5485.99461719        3.149449E+04
       5488.11766406        3.191743E+04
       5490.24071094        3.220422E+04
       5492.36473437        3.241642E+04
       5494.48924609        3.244844E+04
       5496.61522266        3.208161E+04
       5498.74168750        3.155151E+04
       5500.86766406        3.120892E+04
       5502.99608203        3.110105E+04
       5505.12401172        3.105114E+04
       5507.25242969        3.094014E+04
       5509.38231250        3.079358E+04
       5511.51268359        3.065270E+04
       5513.64403125        3.042525E+04
       5515.77537891        3.056270E+04
       5517.90770312        3.164000E+04
       5520.04100391        3.305241E+04
       5522.17528125        3.395159E+04
       5524.30955859        3.421195E+04
       5526.44530078        3.410894E+04
       5528.58104297        3.380693E+04
       5530.71776172        3.368094E+04
       5532.85496875        3.401988E+04
       5534.99315234        3.441674E+04
       5537.13182422        3.457884E+04
       5539.27147266        3.473643E+04
       5541.41112109        3.499096E+04
       5543.55223437        3.520811E+04
       5545.69383594        3.532696E+04
       5547.83494922        3.555093E+04
       5549.97850391        3.589592E+04
       5552.12205859        3.612238E+04
       5554.26707812        3.618840E+04
       5556.41160937        3.598502E+04
       5558.55711719        3.569751E+04
       5560.70408984        3.541464E+04
       5562.85057422        3.497802E+04
       5564.99901172        3.441181E+04
       5567.14744922        3.391383E+04
       5569.29637500        3.375925E+04
       5571.44627734        3.401618E+04
       5573.59764453        3.447547E+04
       5575.74901172        3.495415E+04
       5577.90037891        3.537800E+04
       5580.05321094        3.548502E+04
       5582.20653125        3.494231E+04
       5584.36082812        3.385223E+04
       5586.51561328        3.270237E+04
       5588.67186328        3.170545E+04
       5590.82811328        3.119358E+04
       5592.98485156        3.151427E+04
       5595.14256641        3.202996E+04
       5597.30076953        3.212268E+04
       5599.45994922        3.214277E+04
       5601.61912891        3.258212E+04
       5603.77977344        3.351783E+04
       5605.94041797        3.484726E+04
       5608.10301562        3.610285E+04
       5610.26512500        3.658672E+04
       5612.42869922        3.631648E+04
       5614.59276172        3.560618E+04
       5616.75731250        3.492342E+04
       5618.92283984        3.469236E+04
       5621.08836719        3.508908E+04
       5623.25487109        3.560851E+04
       5625.42283984        3.599049E+04
       5627.59032031        3.634365E+04
       5629.75975391        3.685219E+04
       5631.92918750        3.746085E+04
       5634.09959766        3.790474E+04
       5636.27049609        3.818603E+04
       5638.44188281        3.811984E+04
       5640.61473437        3.798444E+04
       5642.78758594        3.798743E+04
       5644.96092578        3.804233E+04
       5647.13524219        3.825846E+04
       5649.31102344        3.864180E+04
       5651.48631641        3.900046E+04
       5653.66356250        3.916452E+04
       5655.84080859        3.891969E+04
       5658.01854297        3.839629E+04
       5660.19676562        3.793488E+04
       5662.37645312        3.787563E+04
       5664.55662891        3.831358E+04
       5666.73680469        3.878218E+04
       5668.91844531        3.912505E+04
       5671.10057422        3.922760E+04
       5673.28319141        3.939511E+04
       5675.46776172        3.973092E+04
       5677.65135547        3.995070E+04
       5679.83592578        3.991199E+04
       5682.02244922        3.950465E+04
       5684.20799609        3.903646E+04
       5686.39451953        3.892711E+04
       5688.58299609        3.914197E+04
       5690.77196094        3.946444E+04
       5692.96092578        4.012080E+04
       5695.14989062        4.057497E+04
       5697.34080859        4.039842E+04
       5699.53172656        3.991586E+04
       5701.72410937        3.960425E+04
       5703.91600391        3.941756E+04
       5706.10985156        3.934607E+04
       5708.30418750        3.931811E+04
       5710.49803516        3.934090E+04
       5712.69432422        3.970011E+04
       5714.89061328        4.052793E+04
       5717.08739062        4.144043E+04
       5719.28465625        4.205880E+04
       5721.48289844        4.241213E+04
       5723.68114062        4.251612E+04
       5725.88084766        4.229274E+04
       5728.08153125        4.203245E+04
       5730.28221484        4.203568E+04
       5732.48436328        4.241410E+04
       5734.68700000        4.284783E+04
       5736.88963672        4.320533E+04
       5739.09325000        4.342819E+04
       5741.29783984        4.361084E+04
       5743.50389453        4.384991E+04
       5745.70897266        4.408393E+04
       5747.91600391        4.430179E+04
       5750.12303516        4.443860E+04
       5752.33153125        4.450341E+04
       5754.53953906        4.459009E+04
       5756.74901172        4.464776E+04
       5758.95946094        4.466973E+04
       5761.17088672        4.445310E+04
       5763.38182422        4.423057E+04
       5765.59422656        4.429044E+04
       5767.80711719        4.471856E+04
       5770.02098437        4.506519E+04
       5772.23533984        4.500002E+04
       5774.45018359        4.473188E+04
       5776.66551562        4.431737E+04
       5778.88231250        4.386413E+04
       5781.09910937        4.338360E+04
       5783.31737109        4.300372E+04
       5785.53563281        4.293827E+04
       5787.75487109        4.340452E+04
       5789.97459766        4.424647E+04
       5792.19578906        4.510833E+04
       5794.41698047        4.594524E+04
       5796.63866016        4.667624E+04
       5798.86180469        4.715296E+04
       5801.08494922        4.734867E+04
       5803.30907031        4.755752E+04
       5805.53416797        4.762806E+04
       5807.75926562        4.756056E+04
       5809.98582812        4.747516E+04
       5812.21287891        4.739953E+04
       5814.44041797        4.730087E+04
       5816.66795703        4.726578E+04
       5818.89744922        4.735293E+04
       5821.12694141        4.760636E+04
       5823.35789844        4.772540E+04
       5825.58885547        4.784975E+04
       5827.82030078        4.801931E+04
       5830.05272266        4.818256E+04
       5832.28612109        4.828610E+04
       5834.51951953        4.833128E+04
       5836.75487109        4.835834E+04
       5838.99022266        4.840371E+04
       5841.22606250        4.851118E+04
       5843.46287891        4.847048E+04
       5845.70018359        4.824195E+04
       5847.93846484        4.774912E+04
       5850.17674609        4.705184E+04
       5852.41698047        4.609905E+04
       5854.65721484        4.519098E+04
       5856.89793750        4.444615E+04
       5859.13963672        4.412917E+04
       5861.38182422        4.438791E+04
       5863.62450000        4.490918E+04
       5865.86864062        4.499743E+04
       5868.11278125        4.498519E+04
       5870.35789844        4.492445E+04
       5872.60350391        4.468945E+04
       5874.85008594        4.385484E+04
       5877.09715625        4.230762E+04
       5879.34569141        4.015406E+04
       5881.59373828        3.711883E+04
       5883.84325000        3.317042E+04
       5886.09276172        2.860984E+04
       5888.34373828        2.426952E+04
       5890.59471484        2.098902E+04
       5892.84666797        1.997176E+04
       5895.09910937        2.139710E+04
       5897.35155078        2.427039E+04
       5899.60545703        2.830726E+04
       5901.85985156        3.325563E+04
       5904.11473437        3.759836E+04
       5906.37059375        4.054622E+04
       5908.62596484        4.229331E+04
       5910.88231250        4.333856E+04
       5913.14012500        4.394549E+04
       5915.39793750        4.427479E+04
       5917.65672656        4.456937E+04
       5919.91600391        4.503642E+04
       5922.17576953        4.552526E+04
       5924.43553516        4.600772E+04
       5926.69676562        4.649880E+04
       5928.95848437        4.692370E+04
       5931.22020312        4.720418E+04
       5933.48289844        4.739921E+04
       5935.74608203        4.769590E+04
       5938.01024219        4.786858E+04
       5940.27489062        4.796020E+04
       5942.53953906        4.804367E+04
       5944.80516406        4.820496E+04
       5947.07176562        4.835746E+04
       5949.33885547        4.831145E+04
       5951.60643359        4.811651E+04
       5953.87450000        4.810644E+04
       5956.14354297        4.826977E+04
       5958.41258594        4.858042E+04
       5960.68260547        4.903612E+04
       5962.95360156        4.938514E+04
       5965.22410937        4.960943E+04
       5967.49657031        4.965573E+04
       5969.76805469        4.982387E+04
       5972.04198047        4.986577E+04
       5974.31541797        4.964408E+04
       5976.58983203        4.946748E+04
       5978.86375781        4.934814E+04
       5981.13914844        4.952113E+04
       5983.41600391        4.986669E+04
       5985.69285937        5.016179E+04
       5987.96922656        5.059079E+04
       5990.24705859        5.118805E+04
       5992.52537891        5.170637E+04
       5994.80467578        5.199207E+04
       5997.08494922        5.186919E+04
       5999.36473437        5.153970E+04
       6001.64647266        5.118980E+04
       6003.92723437        5.105338E+04
       6006.20994922        5.111210E+04
       6008.49266406        5.121429E+04
       6010.77440234        5.126159E+04
       6013.05907031        5.131418E+04
       6015.34373828        5.130996E+04
       6017.62889453        5.127742E+04
       6019.91405078        5.146752E+04
       6022.20018359        5.185581E+04
       6024.48778125        5.255378E+04
       6026.77537891        5.351780E+04
       6029.06346484        5.434818E+04
       6031.35252734        5.482962E+04
       6033.64158984        5.502350E+04
       6035.93162891        5.502452E+04
       6038.22215625        5.501566E+04
       6040.51268359        5.517778E+04
       6042.80467578        5.562385E+04
       6045.09764453        5.615912E+04
       6047.39012500        5.652230E+04
       6049.68358203        5.656490E+04
       6051.97801562        5.630417E+04
       6054.27293750        5.601207E+04
       6056.56834766        5.574778E+04
       6058.86424609        5.557033E+04
       6061.16063281        5.541577E+04
       6063.45848437        5.539634E+04
       6065.75535937        5.563514E+04
       6068.05418750        5.610888E+04
       6070.35350391        5.697403E+04
       6072.65330859        5.751653E+04
       6074.95408984        5.741035E+04
       6077.25438281        5.705894E+04
       6079.55614062        5.664639E+04
       6081.85789844        5.635509E+04
       6084.15965625        5.628943E+04
       6086.46385547        5.630699E+04
       6088.76805469        5.641005E+04
       6091.07225391        5.649758E+04
       6093.37742969        5.647388E+04
       6095.68309375        5.620952E+04
       6097.98875781        5.541507E+04
       6100.29637500        5.433175E+04
       6102.60350391        5.366501E+04
       6104.91160937        5.385418E+04
       6107.22020312        5.530840E+04
       6109.52977344        5.678446E+04
       6111.83983203        5.718681E+04
       6114.15037891        5.658955E+04
       6116.46141406        5.507797E+04
       6118.77293750        5.298365E+04
       6121.08592578        5.131635E+04
       6123.39842578        5.085582E+04
       6125.71190234        5.265250E+04
       6128.02635547        5.542982E+04
       6130.34080859        5.686568E+04
       6132.65623828        5.680782E+04
       6134.97215625        5.617050E+04
       6137.28953906        5.561107E+04
       6139.60643359        5.593013E+04
       6141.92430469        5.705991E+04
       6144.24266406        5.799619E+04
       6146.56053516        5.814775E+04
       6148.88133594        5.779306E+04
       6151.20164844        5.687349E+04
       6153.52244922        5.538981E+04
       6155.84325000        5.297492E+04
       6158.16600391        4.961088E+04
       6160.48826953        4.639059E+04
       6162.81102344        4.385080E+04
       6165.13524219        4.379560E+04
       6167.45994922        4.588629E+04
       6169.78514453        4.830448E+04
       6172.11033984        5.049122E+04
       6174.43700000        5.279167E+04
       6176.76366016        5.445192E+04
       6179.09129687        5.528969E+04
       6181.41893359        5.535092E+04
       6183.74852344        5.479010E+04
       6186.07713672        5.374877E+04
       6188.40721484        5.277455E+04
       6190.73778125        5.212797E+04
       6193.06834766        5.217111E+04
       6195.40037891        5.283043E+04
       6197.73289844        5.370162E+04
       6200.06639453        5.431814E+04
       6202.39989062        5.478710E+04
       6204.73387500        5.513218E+04
       6207.06883594        5.492068E+04
       6209.40428516        5.398140E+04
       6211.73924609        5.252424E+04
       6214.07664844        5.112345E+04
       6216.41405078        5.014328E+04
       6218.75194141        4.984155E+04
       6221.08934375        4.986233E+04
       6223.42869922        4.970790E+04
       6225.76805469        4.949586E+04
       6228.10887500        4.938689E+04
       6230.44920703        4.945026E+04
       6232.79051562        4.969400E+04
       6235.13280078        5.019847E+04
       6237.47557422        5.050781E+04
       6239.81932422        5.025319E+04
       6242.16307422        5.010465E+04
       6244.50682422        5.037515E+04
       6246.85252734        5.091939E+04
       6249.19823047        5.118137E+04
       6251.54393359        5.081793E+04
       6253.89061328        5.008527E+04
       6256.23826953        4.961433E+04
       6258.58592578        4.985877E+04
       6260.93504687        5.069788E+04
       6263.28416797        5.212257E+04
       6265.63475391        5.340842E+04
       6267.98436328        5.390874E+04
       6270.33592578        5.408059E+04
       6272.68748828        5.404753E+04
       6275.04002734        5.392722E+04
       6277.39305469        5.382721E+04
       6279.74608203        5.418000E+04
       6282.10057422        5.501097E+04
       6284.45604297        5.592903E+04
       6286.81053516        5.665104E+04
       6289.16698047        5.679195E+04
       6291.52293750        5.651677E+04
       6293.88084766        5.596854E+04
       6296.23826953        5.571947E+04
       6298.59666797        5.584914E+04
       6300.95506641        5.623578E+04
       6303.31444141        5.693585E+04
       6305.67479297        5.767030E+04
       6308.03563281        5.845302E+04
       6310.39744922        5.896930E+04
       6312.75975391        5.911115E+04
       6315.12205859        5.906521E+04
       6317.48533984        5.924100E+04
       6319.84862109        5.972689E+04
       6322.21287891        6.044594E+04
       6324.57860156        6.106913E+04
       6326.94432422        6.148891E+04
       6329.31053516        6.177987E+04
       6331.67723437        6.189616E+04
       6334.04491016        6.197597E+04
       6336.41258594        6.187451E+04
       6338.78172656        6.196559E+04
       6341.15037891        6.240428E+04
       6343.51951953        6.293202E+04
       6345.89012500        6.340307E+04
       6348.26121875        6.395121E+04
       6350.63280078        6.403356E+04
       6353.00487109        6.345542E+04
       6355.37742969        6.236701E+04
       6357.74998828        6.120644E+04
       6360.12401172        6.044133E+04
       6362.49803516        6.029450E+04
       6364.87352344        6.087921E+04
       6367.24852344        6.179155E+04
       6369.62450000        6.243662E+04
       6372.00096484        6.253466E+04
       6374.37840625        6.190994E+04
       6376.75487109        6.084236E+04
       6379.13377734        5.981619E+04
       6381.51268359        5.910770E+04
       6383.89207812        5.902518E+04
       6386.27147266        5.939720E+04
       6388.65184375        5.975811E+04
       6391.03319141        6.018314E+04
       6393.41551562        6.081870E+04
       6395.79686328        6.154070E+04
       6398.18065234        6.241737E+04
       6400.56297656        6.331247E+04
       6402.94627734        6.407864E+04
       6405.33153125        6.485603E+04
       6407.71678516        6.531565E+04
       6410.10252734        6.546404E+04
       6412.48826953        6.566828E+04
       6414.87547656        6.592639E+04
       6417.26219531        6.623129E+04
       6419.64989062        6.653023E+04
       6422.03953906        6.686726E+04
       6424.42723437        6.728119E+04
       6426.81737109        6.758288E+04
       6429.20799609        6.738536E+04
       6431.59862109        6.670877E+04
       6433.98973437        6.590833E+04
       6436.38133594        6.549310E+04
       6438.77342578        6.556072E+04
       6441.16746875        6.621481E+04
       6443.56053516        6.731456E+04
       6445.95457812        6.804169E+04
       6448.34910937        6.789378E+04
       6450.74412891        6.772093E+04
       6453.14061328        6.805140E+04
       6455.53709766        6.864297E+04
       6457.93407031        6.823472E+04
       6460.33104297        6.743364E+04
       6462.72899219        6.692257E+04
       6465.12742969        6.737155E+04
       6467.52733203        6.879679E+04
       6469.92723437        6.986291E+04
       6472.32762500        7.037213E+04
       6474.72850391        7.073696E+04
       6477.12987109        7.118974E+04
       6479.53172656        7.142308E+04
       6481.93504687        7.147715E+04
       6484.33787891        7.119628E+04
       6486.74168750        7.047148E+04
       6489.14598437        6.896734E+04
       6491.55076953        6.704566E+04
       6493.95653125        6.530795E+04
       6496.36229297        6.498223E+04
       6498.76903125        6.679524E+04
       6501.17625781        6.934259E+04
       6503.58397266        7.154069E+04
       6505.99217578        7.303768E+04
       6508.40135547        7.353366E+04
       6510.81102344        7.360464E+04
       6513.22117969        7.367220E+04
       6515.63182422        7.380337E+04
       6518.04246875        7.417800E+04
       6520.45457812        7.488447E+04
       6522.86619922        7.561503E+04
       6525.27977344        7.604322E+04
       6527.69285937        7.624585E+04
       6530.10741016        7.638242E+04
       6532.52147266        7.654215E+04
       6534.93748828        7.681747E+04
       6537.35252734        7.703883E+04
       6539.76951953        7.685624E+04
       6542.18602344        7.621469E+04
       6544.60301562        7.551392E+04
       6547.02147266        7.488733E+04
       6549.44041797        7.466999E+04
       6551.85887500        7.462817E+04
       6554.27879687        7.430033E+04
       6556.69871875        7.356299E+04
       6559.12010547        7.298345E+04
       6561.54149219        7.275904E+04
       6563.96336719        7.275273E+04
       6566.38621875        7.304649E+04
       6568.80907031        7.375210E+04
       6571.23241016        7.403023E+04
       6573.65672656        7.418344E+04
       6576.08104297        7.480761E+04
       6578.50682422        7.583037E+04
       6580.93260547        7.663142E+04
       6583.35936328        7.703879E+04
       6585.78709766        7.698600E+04
       6588.21385547        7.658482E+04
       6590.64256641        7.594350E+04
       6593.07078906        7.562967E+04
       6595.50096484        7.577320E+04
       6597.93114062        7.651948E+04
       6600.36131641        7.718821E+04
       6602.79198047        7.729421E+04
       6605.22410937        7.722760E+04
       6607.65575000        7.712463E+04
       6610.08885547        7.721995E+04
       6612.52244922        7.770713E+04
       6614.95701953        7.801484E+04
       6617.39061328        7.807512E+04
       6619.82567187        7.788873E+04
       6622.26170703        7.750932E+04
       6624.69774219        7.708130E+04
       6627.13475391        7.676744E+04
       6629.57225391        7.662319E+04
       6632.00926562        7.678294E+04
       6634.44823047        7.697016E+04
       6636.88719531        7.720899E+04
       6639.32664844        7.741498E+04
       6641.76658984        7.748989E+04
       6644.20750781        7.737929E+04
       6646.64891406        7.723716E+04
       6649.09080859        7.704566E+04
       6651.53319141        7.682603E+04
       6653.97703906        7.655514E+04
       6656.41991016        7.609955E+04
       6658.86424609        7.576604E+04
       6661.30907031        7.552733E+04
       6663.75389453        7.555731E+04
       6666.19969531        7.589610E+04
       6668.64647266        7.640021E+04
       6671.09373828        7.648511E+04
       6673.54100391        7.590121E+04
       6675.98924609        7.504398E+04
       6678.43748828        7.428844E+04
       6680.88621875        7.408404E+04
       6683.33592578        7.431978E+04
       6685.78709766        7.465821E+04
       6688.23826953        7.475712E+04
       6690.68944141        7.463627E+04
       6693.14158984        7.447639E+04
       6695.59471484        7.445870E+04
       6698.04783984        7.465342E+04
       6700.50145312        7.489771E+04
       6702.95604297        7.517741E+04
       6705.41112109        7.509797E+04
       6707.86717578        7.459976E+04
       6710.32274219        7.355718E+04
       6712.77928516        7.215265E+04
       6715.23631641        7.095942E+04
       6717.69481250        7.033716E+04
       6720.15233203        7.056649E+04
       6722.61131641        7.143233E+04
       6725.07030078        7.225497E+04
       6727.53075000        7.256051E+04
       6729.99217578        7.274752E+04
       6732.45262500        7.282681E+04
       6734.91405078        7.283530E+04
       6737.37694141        7.268710E+04
       6739.83983203        7.239118E+04
       6742.30369922        7.185149E+04
       6744.76756641        7.125482E+04
       6747.23192187        7.086179E+04
       6749.69774219        7.072345E+04
       6752.16307422        7.100557E+04
       6754.62938281        7.147506E+04
       6757.09666797        7.203745E+04
       6759.56444141        7.222939E+04
       6762.03221484        7.208937E+04
       6764.50096484        7.177296E+04
       6766.96971484        7.151941E+04
       6769.43944141        7.152950E+04
       6771.90965625        7.178449E+04
       6774.38084766        7.195510E+04
       6776.85203906        7.170893E+04
       6779.32371875        7.108874E+04
       6781.79637500        7.035388E+04
       6784.26951953        6.976792E+04
       6786.74315234        6.956530E+04
       6789.21776172        6.959761E+04
       6791.69237109        6.972534E+04
       6794.16698047        6.978861E+04
       6796.64305469        6.994791E+04
       6799.12059375        7.005664E+04
       6801.59715625        7.009632E+04
       6804.07420703        7.009281E+04
       6806.55321094        6.988463E+04
       6809.03075000        6.973875E+04
       6811.50926562        6.964336E+04
       6813.98875781        6.956500E+04
       6816.46922656        6.942899E+04
       6818.94920703        6.932042E+04
       6821.42821094        6.930845E+04
       6823.90965625        6.938038E+04
       6826.39110156        6.947893E+04
       6828.87303516        6.948660E+04
       6831.35594531        6.936830E+04
       6833.83836719        6.926322E+04
       6836.32225391        6.923293E+04
       6838.80565234        6.902002E+04
       6841.29051562        6.882410E+04
       6843.77391406        6.852487E+04
       6846.25975391        6.816508E+04
       6848.74510547        6.771184E+04
       6851.23143359        6.712194E+04
       6853.71776172        6.658737E+04
       6856.20506641        6.598725E+04
       6858.69139453        6.502882E+04
       6861.17869922        6.291118E+04
       6863.66795703        5.963709E+04
       6866.15672656        5.631016E+04
       6868.64549609        5.321023E+04
       6871.13524219        5.224212E+04
       6873.62498828        5.429769E+04
       6876.11473437        5.726229E+04
       6878.60643359        5.973744E+04
       6881.09715625        6.094210E+04
       6883.58983203        6.113941E+04
       6886.08250781        6.100148E+04
       6888.57469531        6.114513E+04
       6891.06834766        6.162192E+04
       6893.56102344        6.207900E+04
       6896.05614062        6.252141E+04
       6898.55125781        6.315756E+04
       6901.04539844        6.417193E+04
       6903.54100391        6.559641E+04
       6906.03660937        6.701521E+04
       6908.53367969        6.815284E+04
       6911.02977344        6.852767E+04
       6913.52782031        6.844709E+04
       6916.02440234        6.845818E+04
       6918.52342578        6.897512E+04
       6921.02147266        6.993959E+04
       6923.52049609        7.135301E+04
       6926.02000781        7.280373E+04
       6928.52049609        7.389473E+04
       6931.02049609        7.457086E+04
       6933.52196094        7.483806E+04
       6936.02293750        7.494130E+04
       6938.52391406        7.521766E+04
       6941.02635547        7.577111E+04
       6943.52928516        7.660009E+04
       6946.03270312        7.750083E+04
       6948.53612109        7.801896E+04
       6951.03953906        7.813485E+04
       6953.54442187        7.816504E+04
       6956.04979297        7.840540E+04
       6958.55467578        7.890634E+04
       6961.06053516        7.976539E+04
       6963.56737109        8.036449E+04
       6966.07323047        8.073411E+04
       6968.58104297        8.060735E+04
       6971.08836719        8.004565E+04
       6973.59666797        7.928470E+04
       6976.10545703        7.869899E+04
       6978.61326953        7.860525E+04
       6981.12303516        7.875684E+04
       6983.63328906        7.929859E+04
       6986.14354297        7.959965E+04
       6988.65477344        7.955390E+04
       6991.16600391        7.956404E+04
       6993.67772266        7.985359E+04
       6996.18895312        8.017793E+04
       6998.70116016        8.051618E+04
       7001.21483203        8.065355E+04
       7003.72899219        8.084284E+04
       7006.24217578        8.115546E+04
       7008.75682422        8.131197E+04
       7011.27147266        8.138949E+04
       7013.78709766        8.153814E+04
       7016.30272266        8.172279E+04
       7018.81883594        8.187043E+04
       7021.33592578        8.228237E+04
       7023.85252734        8.290693E+04
       7026.37010547        8.378623E+04
       7028.88768359        8.476906E+04
       7031.40623828        8.571991E+04
       7033.92576953        8.632997E+04
       7036.44481250        8.697259E+04
       7038.96434375        8.796181E+04
       7041.48485156        8.886629E+04
       7044.00535937        8.969883E+04
       7046.52635547        8.962001E+04
       7049.04832812        8.844403E+04
       7051.57127734        8.680246E+04
       7054.09276172        8.515896E+04
       7056.61522266        8.406206E+04
       7059.13866016        8.360306E+04
       7061.66356250        8.351088E+04
       7064.18700000        8.375047E+04
       7066.71190234        8.441973E+04
       7069.23680469        8.520751E+04
       7071.76219531        8.587380E+04
       7074.28905078        8.640099E+04
       7076.81541797        8.623004E+04
       7079.34227344        8.553228E+04
       7081.87059375        8.424323E+04
       7084.39744922        8.274925E+04
       7086.92576953        8.157121E+04
       7089.45457812        8.099839E+04
       7091.98485156        8.099918E+04
       7094.51414844        8.135093E+04
       7097.04491016        8.170835E+04
       7099.57469531        8.197164E+04
       7102.10594531        8.235357E+04
       7104.63768359        8.266099E+04
       7107.16991016        8.288649E+04
       7109.70213672        8.311826E+04
       7112.23436328        8.343344E+04
       7114.76854297        8.369931E+04
       7117.30174609        8.371261E+04
       7119.83641406        8.301608E+04
       7122.37157031        8.159106E+04
       7124.90623828        7.979174E+04
       7127.44139453        7.787056E+04
       7129.97752734        7.655265E+04
       7132.51414844        7.604069E+04
       7135.05076953        7.650828E+04
       7137.58885547        7.725719E+04
       7140.12596484        7.713340E+04
       7142.66453906        7.657727E+04
       7145.20311328        7.627888E+04
       7147.74217578        7.666136E+04
       7150.28172656        7.763157E+04
       7152.82225391        7.899425E+04
       7155.36278125        8.001552E+04
       7157.90379687        7.999178E+04
       7160.44481250        7.909282E+04
       7162.98729297        7.780191E+04
       7165.52879687        7.638624E+04
       7168.07225391        7.496168E+04
       7170.61522266        7.385365E+04
       7173.15916797        7.332641E+04
       7175.70311328        7.306280E+04
       7178.24705859        7.251657E+04
       7180.79198047        7.157978E+04
       7183.33836719        7.077807E+04
       7185.88475391        7.009431E+04
       7188.43065234        7.028415E+04
       7190.97752734        7.119962E+04
       7193.52537891        7.163575E+04
       7196.07274219        7.127424E+04
       7198.62108203        7.092625E+04
       7201.16991016        7.087909E+04
       7203.71873828        7.182783E+04
       7206.26854297        7.407819E+04
       7208.81834766        7.678018E+04
       7211.36815234        7.932013E+04
       7213.91942187        8.167718E+04
       7216.47117969        8.300096E+04
       7219.02293750        8.357753E+04
       7221.57518359        8.361262E+04
       7224.12791797        8.305709E+04
       7226.68114062        8.175837E+04
       7229.23436328        8.046263E+04
       7231.78905078        7.928290E+04
       7234.34276172        7.843232E+04
       7236.89793750        7.799665E+04
       7239.45311328        7.829105E+04
       7242.00877734        7.877807E+04
       7244.56492969        7.909828E+04
       7247.12303516        7.953460E+04
       7249.67918750        8.003363E+04
       7252.23729297        8.061517E+04
       7254.79539844        8.102153E+04
       7257.35350391        8.150056E+04
       7259.91307422        8.205295E+04
       7262.47215625        8.254537E+04
       7265.03319141        8.290479E+04
       7267.59325000        8.295225E+04
       7270.15379687        8.266825E+04
       7272.71483203        8.244177E+04
       7275.27635547        8.282421E+04
       7277.83885547        8.394960E+04
       7280.40233203        8.516750E+04
       7282.96483203        8.552016E+04
       7285.52830859        8.480937E+04
       7288.09227344        8.410626E+04
       7290.65672656        8.419538E+04
       7293.22166797        8.500574E+04
       7295.78709766        8.581633E+04
       7298.35252734        8.618675E+04
       7300.91942187        8.609588E+04
       7303.48533984        8.586327E+04
       7306.05272266        8.602918E+04
       7308.62059375        8.660465E+04
       7311.18895312        8.717322E+04
       7313.75780078        8.781556E+04
       7316.32664844        8.854639E+04
       7318.89598437        8.885266E+04
       7321.46580859        8.894952E+04
       7324.03612109        8.934979E+04
       7326.60692187        8.978577E+04
       7329.17918750        9.054254E+04
       7331.75096484        9.200928E+04
       7334.32274219        9.326722E+04
       7336.89500781        9.379789E+04
       7339.46825000        9.389976E+04
       7342.04246875        9.350931E+04
       7344.61668750        9.305710E+04
       7347.19041797        9.257303E+04
       7349.76561328        9.198178E+04
       7352.34129687        9.130611E+04
       7354.91698047        9.074433E+04
       7357.49315234        9.050597E+04
       7360.07030078        9.082752E+04
       7362.64744922        9.186982E+04
       7365.22508594        9.308537E+04
       7367.80369922        9.434691E+04
       7370.38231250        9.548294E+04
       7372.96092578        9.618144E+04
       7375.54051562        9.632808E+04
       7378.12010547        9.614903E+04
       7380.70116016        9.570933E+04
       7383.28221484        9.504153E+04
       7385.86375781        9.443269E+04
       7388.44627734        9.431309E+04
       7391.02830859        9.438214E+04
       7393.61033984        9.439677E+04
       7396.19334766        9.469189E+04
       7398.77782031        9.511283E+04
       7401.36180469        9.530529E+04
       7403.94627734        9.561617E+04
       7406.53123828        9.580639E+04
       7409.11668750        9.580808E+04
       7411.70262500        9.575818E+04
       7414.28905078        9.579071E+04
       7416.87645312        9.593013E+04
       7419.46336719        9.621423E+04
       7422.05174609        9.658444E+04
       7424.63963672        9.706315E+04
       7427.22850391        9.767414E+04
       7429.81688281        9.818487E+04
       7432.40770312        9.839275E+04
       7434.99754687        9.817117E+04
       7437.58787891        9.769692E+04
       7440.17869922        9.717531E+04
       7442.77049609        9.688732E+04
       7445.36278125        9.707671E+04
       7447.95408984        9.756672E+04
       7450.54735156        9.813871E+04
       7453.14061328        9.835244E+04
       7455.73387500        9.789744E+04
       7458.32860156        9.735699E+04
       7460.92430469        9.719364E+04
       7463.51854297        9.740470E+04
       7466.11424609        9.801193E+04
       7468.70994922        9.873837E+04
       7471.30662891        9.919544E+04
       7473.90330859        9.939806E+04
       7476.50047656        9.946848E+04
       7479.09910937        9.958636E+04
       7481.69725391        9.937983E+04
       7484.29539844        9.887926E+04
       7486.89549609        9.803295E+04
       7489.49559375        9.739881E+04
       7492.09520312        9.711902E+04
       7494.69627734        9.743949E+04
       7497.29686328        9.794986E+04
       7499.89842578        9.850160E+04
       7502.50096484        9.858916E+04
       7505.10301562        9.821924E+04
       7507.70506641        9.798885E+04
       7510.30907031        9.834390E+04
       7512.91356250        9.891232E+04
       7515.51805469        9.950547E+04
       7518.12303516        9.977122E+04
       7520.72752734        9.964570E+04
       7523.33250781        9.925970E+04
       7525.93992969        9.909554E+04
       7528.54539844        9.933546E+04
       7531.15233203        9.969467E+04
       7533.76024219        1.001723E+05
       7536.36815234        1.005478E+05
       7538.97606250        1.007260E+05
       7541.58543750        1.007440E+05
       7544.19481250        1.005862E+05
       7546.80467578        1.004155E+05
       7549.41502734        1.001744E+05
       7552.02586719        1.002030E+05
       7554.63670703        1.003129E+05
       7557.24852344        1.003687E+05
       7559.86033984        1.003535E+05
       7562.47264453        1.001773E+05
       7565.08592578        9.992890E+04
       7567.70018359        9.973350E+04
       7570.31395312        9.964724E+04
       7572.92821094        9.951396E+04
       7575.54295703        9.928791E+04
       7578.15819141        9.843586E+04
       7580.77391406        9.717058E+04
       7583.38963672        9.493235E+04
       7586.00682422        8.993413E+04
       7588.62450000        8.155936E+04
       7591.24168750        7.095773E+04
       7593.85936328        5.824358E+04
       7596.47801562        4.582932E+04
       7599.09764453        3.651160E+04
       7601.71580859        3.181398E+04
       7604.33592578        3.149664E+04
       7606.95701953        3.564382E+04
       7609.57762500        4.344774E+04
       7612.19871875        5.185609E+04
       7614.81981250        5.867282E+04
       7617.44188281        6.124994E+04
       7620.06444141        6.068442E+04
       7622.68797656        5.809525E+04
       7625.31151172        5.461621E+04
       7627.93602344        5.268851E+04
       7630.55955859        5.294887E+04
       7633.18455859        5.446116E+04
       7635.81053516        5.663560E+04
       7638.43602344        5.944100E+04
       7641.06248828        6.220690E+04
       7643.68944141        6.532855E+04
       7646.31639453        6.819320E+04
       7648.94334766        7.086101E+04
       7651.57225391        7.314341E+04
       7654.20067187        7.455648E+04
       7656.82957812        7.513961E+04
       7659.45897266        7.538149E+04
       7662.08885547        7.677928E+04
       7664.71971484        7.885287E+04
       7667.35057422        8.164794E+04
       7669.98143359        8.470666E+04
       7672.61326953        8.793677E+04
       7675.24510547        8.989679E+04
       7677.87791797        9.115240E+04
       7680.51170703        9.210177E+04
       7683.14549609        9.267318E+04
       7685.77977344        9.298518E+04
       7688.41405078        9.260250E+04
       7691.04832812        9.139890E+04
       7693.68358203        8.992178E+04
       7696.31981250        8.955135E+04
       7698.95701953        8.997893E+04
       7701.59325000        9.079122E+04
       7704.23045703        9.214945E+04
       7706.86815234        9.344301E+04
       7709.50584766        9.388857E+04
       7712.14451953        9.411407E+04
       7714.78416797        9.425149E+04
       7717.42381641        9.448794E+04
       7720.06346484        9.482853E+04
       7722.70360156        9.515697E+04
       7725.34569141        9.549430E+04
       7727.98631641        9.590023E+04
       7730.62889453        9.623780E+04
       7733.27049609        9.636336E+04
       7735.91307422        9.630456E+04
       7738.55662891        9.577814E+04
       7741.20018359        9.491145E+04
       7743.84471484        9.414872E+04
       7746.48826953        9.372161E+04
       7749.13328906        9.372922E+04
       7751.77928516        9.405323E+04
       7754.42576953        9.457079E+04
       7757.07225391        9.514255E+04
       7759.71971484        9.537596E+04
       7762.36619922        9.534185E+04
       7765.01366016        9.537772E+04
       7767.66209766        9.544391E+04
       7770.31151172        9.535456E+04
       7772.95994922        9.506491E+04
       7775.60985156        9.468580E+04
       7778.25926562        9.429603E+04
       7780.91063281        9.391772E+04
       7783.56151172        9.369298E+04
       7786.21287891        9.378646E+04
       7788.86473437        9.399314E+04
       7791.51658984        9.402013E+04
       7794.16991016        9.404854E+04
       7796.82176562        9.422458E+04
       7799.47508594        9.446328E+04
       7802.12889453        9.452851E+04
       7804.78270312        9.482540E+04
       7807.43700000        9.504791E+04
       7810.09080859        9.524489E+04
       7812.74657031        9.517994E+04
       7815.40184375        9.509557E+04
       7818.05809375        9.496599E+04
       7820.71287891        9.467926E+04
       7823.37010547        9.400132E+04
       7826.02684375        9.318803E+04
       7828.68309375        9.229221E+04
       7831.34080859        9.179143E+04
       7833.99901172        9.186522E+04
       7836.65721484        9.224902E+04
       7839.31590625        9.292065E+04
       7841.97459766        9.354067E+04
       7844.63426562        9.398305E+04
       7847.29295703        9.410657E+04
       7849.95262500        9.414101E+04
       7852.61326953        9.411176E+04
       7855.27391406        9.410533E+04
       7857.93504687        9.423300E+04
       7860.59617969        9.415619E+04
       7863.25682422        9.410106E+04
       7865.91893359        9.384275E+04
       7868.58201953        9.367908E+04
       7871.24412891        9.349938E+04
       7873.90721484        9.357142E+04
       7876.56981250        9.353223E+04
       7879.23436328        9.350808E+04
       7881.89793750        9.328470E+04
       7884.56248828        9.308572E+04
       7887.22606250        9.282684E+04
       7889.89110156        9.268019E+04
       7892.55711719        9.259606E+04
       7895.22264453        9.246437E+04
       7897.88866016        9.235193E+04
       7900.55467578        9.217633E+04
       7903.22215625        9.200352E+04
       7905.88963672        9.173570E+04
       7908.55711719        9.156619E+04
       7911.22410937        9.145674E+04
       7913.89305469        9.141013E+04
       7916.56102344        9.149471E+04
       7919.23045703        9.158294E+04
       7921.89891406        9.162375E+04
       7924.56834766        9.157906E+04
       7927.23826953        9.146128E+04
       7929.90867969        9.114418E+04
       7932.57908984        9.080072E+04
       7935.24998828        9.058252E+04
       7937.92137500        9.004090E+04
       7940.59373828        8.954556E+04
       7943.26463672        8.948499E+04
       7945.93748828        8.982020E+04
       7948.61033984        9.024579E+04
       7951.28367969        9.053808E+04
       7953.95653125        9.071453E+04
       7956.63035937        9.078751E+04
       7959.30369922        9.084319E+04
       7961.97850391        9.091419E+04
       7964.65282031        9.126433E+04
       7967.32811328        9.170038E+04
       7970.00340625        9.196348E+04
       7972.67967578        9.180600E+04
       7975.35594531        9.163163E+04
       7978.03172656        9.153485E+04
       7980.70897266        9.150847E+04
       7983.38573047        9.154046E+04
       7986.06346484        9.148517E+04
       7988.74266406        9.097739E+04
       7991.41942187        9.024684E+04
       7994.09764453        8.965835E+04
       7996.77782031        8.947642E+04
       7999.45653125        8.959003E+04
       8002.13670703        8.991341E+04
       8004.81590625        9.030828E+04
       8007.49608203        9.074476E+04
       8010.17625781        9.097575E+04
       8012.85741016        9.116385E+04
       8015.53905078        9.100039E+04
       8018.22020312        9.047425E+04
       8020.90233203        8.993246E+04
       8023.58543750        8.967595E+04
       8026.26805469        8.966686E+04
       8028.95116016        8.995712E+04
       8031.63475391        9.034527E+04
       8034.31785937        9.052916E+04
       8037.00145312        9.033859E+04
       8039.68700000        8.969221E+04
       8042.37108203        8.933404E+04
       8045.05565234        8.942742E+04
       8047.74168750        8.974295E+04
       8050.42772266        9.027301E+04
       8053.11375781        9.072792E+04
       8055.80028125        9.097794E+04
       8058.48729297        9.093817E+04
       8061.17479297        9.049544E+04
       8063.86229297        9.002010E+04
       8066.55028125        8.968795E+04
       8069.23778125        8.956868E+04
       8071.92674609        8.945448E+04
       8074.61571094        8.945184E+04
       8077.30516406        8.943733E+04
       8079.99510547        8.938054E+04
       8082.68553516        8.926633E+04
       8085.37498828        8.899074E+04
       8088.06541797        8.872817E+04
       8090.75682422        8.843740E+04
       8093.44823047        8.848103E+04
       8096.14012500        8.845251E+04
       8098.83201953        8.847834E+04
       8101.52440234        8.837174E+04
       8104.21678516        8.814671E+04
       8106.91014453        8.762866E+04
       8109.60350391        8.698490E+04
       8112.29783984        8.657427E+04
       8114.99168750        8.625054E+04
       8117.68553516        8.606256E+04
       8120.38084766        8.589994E+04
       8123.07664844        8.541663E+04
       8125.77147266        8.441962E+04
       8128.46776172        8.352008E+04
       8131.16307422        8.274101E+04
       8133.86082812        8.188225E+04
       8136.55711719        8.112779E+04
       8139.25438281        8.043894E+04
       8141.95213672        7.974076E+04
       8144.65037891        7.907763E+04
       8147.34862109        7.824301E+04
       8150.04686328        7.786298E+04
       8152.74608203        7.699724E+04
       8155.44530078        7.579741E+04
       8158.14500781        7.507461E+04
       8160.84520312        7.480495E+04
       8163.54588672        7.519809E+04
       8166.24608203        7.599598E+04
       8168.94676562        7.602967E+04
       8171.64793750        7.547508E+04
       8174.35057422        7.425298E+04
       8177.05272266        7.247260E+04
       8179.75487109        7.158022E+04
       8182.45799609        7.111107E+04
       8185.16112109        7.076506E+04
       8187.86473437        6.987366E+04
       8190.56785937        6.947427E+04
       8193.27244922        7.041259E+04
       8195.97752734        7.234290E+04
       8198.68162891        7.471895E+04
       8201.38670703        7.758080E+04
       8204.09178516        8.019929E+04
       8206.79881641        8.150717E+04
       8209.50487109        8.166718E+04
       8212.21092578        8.076368E+04
       8214.91795703        7.928261E+04
       8217.62596484        7.700234E+04
       8220.33299609        7.376579E+04
       8223.04198047        7.092704E+04
       8225.74998828        6.950827E+04
       8228.45799609        7.048257E+04
       8231.16795703        7.217631E+04
       8233.87694141        7.462466E+04
       8236.58690234        7.744216E+04
       8239.29686328        7.981785E+04
       8242.00780078        8.125024E+04
       8244.71776172        8.192019E+04
       8247.42967578        8.173614E+04
       8250.14061328        8.128350E+04
       8252.85155078        8.102107E+04
       8255.56444141        8.099849E+04
       8258.27733203        8.121634E+04
       8260.99022266        8.159557E+04
       8263.70311328        8.155838E+04
       8266.41698047        8.070986E+04
       8269.13084766        7.959030E+04
       8271.84373828        7.855467E+04
       8274.56053516        7.781992E+04
       8277.27440234        7.759698E+04
       8279.99022266        7.742358E+04
       8282.70604297        7.752999E+04
       8285.42186328        7.767396E+04
       8288.13866016        7.785415E+04
       8290.85545703        7.817330E+04
       8293.57225391        7.819344E+04
       8296.28905078        7.812006E+04
       8299.00682422        7.795188E+04
       8301.72459766        7.803173E+04
       8304.44237109        7.815456E+04
       8307.16209766        7.812453E+04
       8309.88084766        7.793434E+04
       8312.59959766        7.762590E+04
       8315.32030078        7.731140E+04
       8318.04002734        7.688169E+04
       8320.75975391        7.630016E+04
       8323.48045703        7.593546E+04
       8326.20311328        7.587668E+04
       8328.92283984        7.604502E+04
       8331.64549609        7.634452E+04
       8334.36619922        7.698086E+04
       8337.08983203        7.796232E+04
       8339.81151172        7.861985E+04
       8342.53514453        7.918610E+04
       8345.25877734        7.948742E+04
       8347.98241016        7.961936E+04
       8350.70506641        7.957515E+04
       8353.42967578        7.934812E+04
       8356.15526172        7.909610E+04
       8358.88084766        7.895456E+04
       8361.60448047        7.921657E+04
       8364.33104297        7.949653E+04
       8367.05565234        7.947252E+04
       8369.78123828        7.928640E+04
       8372.50877734        7.889870E+04
       8375.23533984        7.822805E+04
       8377.96287891        7.719660E+04
       8380.69041797        7.631180E+04
       8383.41795703        7.614095E+04
       8386.14549609        7.668013E+04
       8388.87498828        7.710842E+04
       8391.60350391        7.796656E+04
       8394.33201953        7.901343E+04
       8397.06248828        7.976018E+04
       8399.79100391        8.022931E+04
       8402.52147266        8.006990E+04
       8405.25194141        7.978337E+04
       8407.98338672        7.950084E+04
       8410.71483203        7.931485E+04
       8413.44530078        7.930682E+04
       8416.17674609        7.906185E+04
       8418.91014453        7.865262E+04
       8421.64061328        7.839768E+04
       8424.37303516        7.793151E+04
       8427.10741016        7.689426E+04
       8429.84080859        7.592010E+04
       8432.57420703        7.585515E+04
       8435.30760547        7.620363E+04
       8438.04198047        7.694933E+04
       8440.77733203        7.767362E+04
       8443.51170703        7.824516E+04
       8446.24803516        7.884160E+04
       8448.98338672        7.911400E+04
       8451.71873828        7.917451E+04
       8454.45604297        7.925421E+04
       8457.19237109        7.906182E+04
       8459.92869922        7.851508E+04
       8462.66600391        7.790650E+04
       8465.40428516        7.778958E+04
       8468.14061328        7.790423E+04
       8470.87987109        7.798298E+04
       8473.61717578        7.818269E+04
       8476.35643359        7.857493E+04
       8479.09666797        7.883415E+04
       8481.83592578        7.881238E+04
       8484.57420703        7.828040E+04
       8487.31541797        7.689871E+04
       8490.05565234        7.499612E+04
       8492.79686328        7.374475E+04
       8495.53807422        7.332265E+04
       8498.27928516        7.376173E+04
       8501.02049609        7.435225E+04
       8503.76268359        7.498435E+04
       8506.50487109        7.525535E+04
       8509.24803516        7.520924E+04
       8511.99119922        7.501600E+04
       8514.73436328        7.508517E+04
       8517.47850391        7.523772E+04
       8520.22166797        7.550022E+04
       8522.96580859        7.579031E+04
       8525.71092578        7.569518E+04
       8528.45604297        7.454357E+04
       8531.20213672        7.198855E+04
       8533.94725391        6.866887E+04
       8536.69334766        6.585133E+04
       8539.43944141        6.449329E+04
       8542.18651172        6.522746E+04
       8544.93358203        6.679290E+04
       8547.68065234        6.913949E+04
       8550.42772266        7.174398E+04
       8553.17576953        7.415903E+04
       8555.92283984        7.549637E+04
       8558.67283984        7.605322E+04
       8561.42186328        7.632918E+04
       8564.17186328        7.653723E+04
       8566.91991016        7.664929E+04
       8569.66991016        7.669360E+04
       8572.42088672        7.649839E+04
       8575.17088672        7.626753E+04
       8577.92186328        7.608633E+04
       8580.67186328        7.611254E+04
       8583.42479297        7.608951E+04
       8586.17576953        7.610609E+04
       8588.92869922        7.611975E+04
       8591.68065234        7.620057E+04
       8594.43358203        7.618804E+04
       8597.18748828        7.614876E+04
       8599.93944141        7.587883E+04
       8602.69334766        7.545668E+04
       8605.44725391        7.507970E+04
       8608.20213672        7.496241E+04
       8610.95701953        7.499358E+04
       8613.71190234        7.489898E+04
       8616.46776172        7.481023E+04
       8619.22264453        7.479789E+04
       8621.97948047        7.481648E+04
       8624.73631641        7.493502E+04
       8627.49217578        7.495717E+04
       8630.24998828        7.507714E+04
       8633.00682422        7.514250E+04
       8635.76366016        7.503739E+04
       8638.52244922        7.479011E+04
       8641.28026172        7.439487E+04
       8644.04002734        7.394377E+04
       8646.79783984        7.329008E+04
       8649.55760547        7.190359E+04
       8652.31639453        6.941616E+04
       8655.07713672        6.667234E+04
       8657.83787891        6.503967E+04
       8660.59764453        6.480567E+04
       8663.35838672        6.527847E+04
       8666.11912891        6.626638E+04
       8668.88182422        6.766736E+04
       8671.64354297        6.941116E+04
       8674.40623828        7.045812E+04
       8677.16795703        7.033831E+04
       8679.93065234        6.939165E+04
       8682.69334766        6.856579E+04
       8685.45701953        6.853853E+04
       8688.22166797        6.881430E+04
       8690.98533984        6.917577E+04
       8693.74998828        6.977720E+04
       8696.51463672        7.038811E+04
       8699.27928516        7.089086E+04
       8702.04491016        7.099636E+04
       8704.81151172        7.096865E+04
       8707.57713672        7.095810E+04
       8710.34373828        7.089499E+04
       8713.10936328        7.089040E+04
       8715.87694141        7.084950E+04
       8718.64451953        7.079026E+04
       8721.41209766        7.074392E+04
       8724.17967578        7.071009E+04
       8726.94823047        7.067414E+04
       8729.71678516        7.053674E+04
       8732.48533984        7.039938E+04
       8735.25487109        7.013421E+04
       8738.02537891        7.010836E+04
       8740.79491016        7.013648E+04
       8743.56541797        7.033149E+04
       8746.33592578        7.048363E+04
       8749.10741016        7.033151E+04
       8751.87889453        6.995306E+04
       8754.65037891        6.957275E+04
       8757.42186328        6.915217E+04
       8760.19432422        6.899975E+04
       8762.96678516        6.886239E+04
       8765.74022266        6.869694E+04
       8768.51268359        6.850632E+04
       8771.28612109        6.838648E+04
       8774.06053516        6.834633E+04
       8776.83397266        6.865756E+04
       8779.60936328        6.898164E+04
       8782.38280078        6.917431E+04
       8785.15819141        6.907792E+04
       8787.93358203        6.868332E+04
       8790.70897266        6.817068E+04
       8793.48631641        6.754681E+04
       8796.26170703        6.658910E+04
       8799.04002734        6.556685E+04
       8801.81639453        6.501667E+04
       8804.59373828        6.509555E+04
       8807.37108203        6.532810E+04
       8810.15037891        6.558805E+04
       8812.92869922        6.591220E+04
       8815.70701953        6.605867E+04
       8818.48631641        6.611414E+04
       8821.26463672        6.617331E+04
       8824.04491016        6.614782E+04
       8826.82518359        6.604239E+04
       8829.60545703        6.617947E+04
       8832.38573047        6.664016E+04
       8835.16600391        6.708620E+04
       8837.94725391        6.713830E+04
       8840.72948047        6.690648E+04
       8843.51170703        6.671382E+04
       8846.29295703        6.667685E+04
       8849.07616016        6.671821E+04
       8851.85838672        6.674521E+04
       8854.64158984        6.663733E+04
       8857.42479297        6.607276E+04
       8860.20897266        6.536775E+04
       8862.99217578        6.476205E+04
       8865.77635547        6.467422E+04
       8868.56053516        6.484592E+04
       8871.34569141        6.515549E+04
       8874.12987109        6.528819E+04
       8876.91502734        6.532643E+04
       8879.70018359        6.524014E+04
       8882.48631641        6.511833E+04
       8885.27147266        6.512010E+04
       8888.05858203        6.510624E+04
       8890.84471484        6.522872E+04
       8893.63182422        6.523954E+04
       8896.41795703        6.494905E+04
       8899.20604297        6.452867E+04
       8901.99315234        6.424823E+04
       8904.78123828        6.407837E+04
       8907.56932422        6.406979E+04
       8910.35741016        6.403156E+04
       8913.14744922        6.379242E+04
       8915.93651172        6.315680E+04
       8918.72459766        6.230254E+04
       8921.51463672        6.165602E+04
       8924.30467578        6.142137E+04
       8927.09569141        6.138138E+04
       8929.88475391        6.135226E+04
       8932.67576953        6.103738E+04
       8935.46580859        6.041070E+04
       8938.25780078        5.944225E+04
       8941.04881641        5.859894E+04
       8943.84080859        5.785713E+04
       8946.63280078        5.737175E+04
       8949.42576953        5.704296E+04
       8952.21776172        5.618840E+04
       8955.00975391        5.502344E+04
       8957.80369922        5.420814E+04
       8960.59666797        5.351684E+04
       8963.39061328        5.278336E+04
       8966.18553516        5.268362E+04
       8968.97850391        5.268493E+04
       8971.77244922        5.276307E+04
       8974.56834766        5.251047E+04
       8977.36424609        5.121296E+04
       8980.15819141        4.929238E+04
       8982.95506641        4.845118E+04
       8985.75194141        4.855844E+04
       8988.54686328        4.906398E+04
       8991.34178516        4.898256E+04
       8994.13963672        4.872138E+04
       8996.93651172        4.856028E+04
       8999.73338672        4.861083E+04
       9002.53221484        4.890529E+04
       9005.32908984        4.882133E+04
       9008.12791797        4.857428E+04
       9010.92576953        4.856905E+04
       9013.72557422        4.838044E+04
       9016.52342578        4.806125E+04
       9019.32323047        4.850391E+04
       9022.12205859        4.949570E+04
       9024.92186328        5.084280E+04
       9027.72166797        5.251445E+04
       9030.52342578        5.371783E+04
       9033.32323047        5.438048E+04
       9036.12303516        5.468567E+04
       9038.92479297        5.482126E+04
       9041.72557422        5.469420E+04
       9044.52830859        5.466183E+04
       9047.33006641        5.474961E+04
       9050.13280078        5.454753E+04
       9052.93553516        5.384717E+04
       9055.73729297        5.292009E+04
       9058.54002734        5.161285E+04
       9061.34373828        5.002260E+04
       9064.14842578        4.910445E+04
       9066.95213672        4.854011E+04
       9069.75584766        4.788129E+04
       9072.56053516        4.751092E+04
       9075.36522266        4.736477E+04
       9078.16893359        4.657552E+04
       9080.97557422        4.606287E+04
       9083.78123828        4.577836E+04
       9086.58690234        4.554085E+04
       9089.39256641        4.575888E+04
       9092.19920703        4.609856E+04
       9095.00584766        4.645080E+04
       9097.81346484        4.636703E+04
       9100.61912891        4.664045E+04
       9103.42772266        4.711029E+04
       9106.23533984        4.702792E+04
       9109.04295703        4.703528E+04
       9111.85155078        4.746652E+04
       9114.66014453        4.795934E+04
       9117.46971484        4.760475E+04
       9120.27830859        4.669654E+04
       9123.08787891        4.533954E+04
       9125.89647266        4.412211E+04
       9128.70799609        4.357015E+04
       9131.51756641        4.446659E+04
       9134.32811328        4.493840E+04
       9137.13866016        4.554380E+04
       9139.95018359        4.540950E+04
       9142.76073047        4.439816E+04
       9145.57323047        4.337383E+04
       9148.38475391        4.306375E+04
       9151.19725391        4.325766E+04
       9154.00975391        4.386027E+04
       9156.82127734        4.463877E+04
       9159.63475391        4.467003E+04
       9162.44823047        4.399608E+04
       9165.26170703        4.314064E+04
       9168.07616016        4.277800E+04
       9170.89061328        4.305860E+04
       9173.70408984        4.350179E+04
       9176.51854297        4.414710E+04
       9179.33397266        4.478242E+04
       9182.14940234        4.494547E+04
       9184.96483203        4.509587E+04
       9187.78026172        4.535130E+04
       9190.59666797        4.590039E+04
       9193.41307422        4.652811E+04
       9196.22948047        4.718113E+04
       9199.04686328        4.731562E+04
       9201.86326953        4.703015E+04
       9204.68065234        4.620410E+04
       9207.49803516        4.533298E+04
       9210.31639453        4.499215E+04
       9213.13475391        4.498408E+04
       9215.95311328        4.530379E+04
       9218.77244922        4.588806E+04
       9221.59080859        4.608075E+04
       9224.41014453        4.584815E+04
       9227.23045703        4.536576E+04
       9230.04979297        4.465476E+04
       9232.87010547        4.391267E+04
       9235.69139453        4.323452E+04
       9238.51170703        4.307223E+04
       9241.33201953        4.326305E+04
       9244.15330859        4.351611E+04
       9246.97557422        4.364228E+04
       9249.79783984        4.343653E+04
       9252.61912891        4.301885E+04
       9255.44139453        4.282731E+04
       9258.26366016        4.268544E+04
       9261.08690234        4.254448E+04
       9263.91014453        4.231333E+04
       9266.73338672        4.192043E+04
       9269.55760547        4.115833E+04
       9272.38280078        4.030927E+04
       9275.20701953        3.933202E+04
       9278.03026172        3.793716E+04
       9280.85545703        3.691257E+04
       9283.68162891        3.580952E+04
       9286.50584766        3.471008E+04
       9289.33201953        3.371984E+04
       9292.15819141        3.304102E+04
       9294.98436328        3.251554E+04
       9297.81053516        3.169752E+04
       9300.63768359        3.051476E+04
       9303.46483203        2.952208E+04
       9306.29198047        2.785118E+04
       9309.11912891        2.632987E+04
       9311.94725391        2.554895E+04
       9314.77537891        2.401917E+04
       9317.60448047        2.321919E+04
       9320.43162891        2.305026E+04
       9323.26170703        2.225158E+04
       9326.09178516        2.103437E+04
       9328.92088672        2.015638E+04
       9331.75096484        1.894211E+04
       9334.58006641        1.775130E+04
       9337.41209766        1.798357E+04
       9340.24217578        1.909338E+04
       9343.07323047        1.918820E+04
       9345.90428516        1.916194E+04
       9348.73436328        1.919163E+04
       9351.56737109        1.954754E+04
       9354.40037891        2.005927E+04
       9357.23241016        2.001583E+04
       9360.06444141        1.947295E+04
       9362.89647266        1.924396E+04
       9365.73045703        1.947326E+04
       9368.56346484        1.935252E+04
       9371.39647266        1.916136E+04
       9374.23045703        1.951447E+04
       9377.06444141        2.046818E+04
       9379.90037891        2.201497E+04
       9382.73436328        2.443119E+04
       9385.56932422        2.634447E+04
       9388.40526172        2.788589E+04
       9391.24022266        2.843811E+04
       9394.07713672        2.853091E+04
       9396.91209766        2.831697E+04
       9399.74705859        2.750916E+04
       9402.58299609        2.678987E+04
       9405.41893359        2.652152E+04
       9408.25584766        2.628552E+04
       9411.09178516        2.638117E+04
       9413.92967578        2.624406E+04
       9416.76561328        2.508044E+04
       9419.60350391        2.375753E+04
       9422.44041797        2.348105E+04
       9425.27830859        2.335246E+04
       9428.11717578        2.251614E+04
       9430.95506641        2.151874E+04
       9433.79295703        2.090323E+04
       9436.63182422        2.100303E+04
       9439.47069141        2.183053E+04
       9442.31053516        2.243312E+04
       9445.14940234        2.211143E+04
       9447.98729297        2.143710E+04
       9450.82713672        2.121913E+04
       9453.66795703        2.123555E+04
       9456.50780078        2.170357E+04
       9459.34862109        2.180405E+04
       9462.18748828        2.221510E+04
       9465.02733203        2.255656E+04
       9467.86912891        2.238002E+04
       9470.70897266        2.205503E+04
       9473.55076953        2.167416E+04
       9476.39256641        2.232315E+04
       9479.23436328        2.295305E+04
       9482.07518359        2.342435E+04
       9484.91698047        2.294025E+04
       9487.75975391        2.221770E+04
       9490.60155078        2.147777E+04
       9493.44432422        2.106819E+04
       9496.28807422        2.194546E+04
       9499.12987109        2.268534E+04
       9501.97362109        2.349407E+04
       9504.81737109        2.354445E+04
       9507.66112109        2.326443E+04
       9510.50487109        2.276654E+04
       9513.34862109        2.235462E+04
       9516.19334766        2.191012E+04
       9519.03709766        2.148785E+04
       9521.88182422        2.164692E+04
       9524.72655078        2.203332E+04
       9527.57127734        2.238661E+04
       9530.41698047        2.295871E+04
       9533.26170703        2.304830E+04
       9536.10741016        2.303552E+04
       9538.95311328        2.327254E+04
       9541.79979297        2.314320E+04
       9544.64647266        2.239656E+04
       9547.49315234        2.173575E+04
       9550.33983203        2.154149E+04
       9553.18553516        2.121144E+04
       9556.03221484        2.092638E+04
       9558.87987109        2.120862E+04
       9561.72752734        2.171541E+04
       9564.57518359        2.252643E+04
       9567.42381641        2.311738E+04
       9570.27049609        2.301519E+04
       9573.11912891        2.275478E+04
       9575.96873828        2.270033E+04
       9578.81639453        2.206521E+04
       9581.66502734        2.152571E+04
       9584.51463672        2.133602E+04
       9587.36424609        2.120812E+04
       9590.21190234        2.139554E+04
       9593.06346484        2.175406E+04
       9595.91307422        2.168524E+04
       9598.76268359        2.167014E+04
       9601.61229297        2.200717E+04
       9604.46385547        2.232947E+04
       9607.31346484        2.251189E+04
       9610.16405078        2.254270E+04
       9613.01658984        2.233371E+04
       9615.86717578        2.232643E+04
       9618.71873828        2.245494E+04
       9621.57030078        2.273207E+04
       9624.42186328        2.253528E+04
       9627.27342578        2.196020E+04
       9630.12791797        2.170725E+04
       9632.97948047        2.170732E+04
       9635.83201953        2.154686E+04
       9638.68455859        2.168292E+04
       9641.53709766        2.197092E+04
       9644.39061328        2.191704E+04
       9647.24510547        2.199558E+04
       9650.09959766        2.181846E+04
       9652.95311328        2.148381E+04
       9655.80662891        2.148944E+04
       9658.66209766        2.171588E+04
       9661.51561328        2.214886E+04
       9664.37108203        2.275150E+04
       9667.22557422        2.300785E+04
       9670.08006641        2.291274E+04
       9672.93553516        2.297508E+04
       9675.79198047        2.314864E+04
       9678.64842578        2.319084E+04
       9681.50389453        2.338178E+04
       9684.35936328        2.369242E+04
       9687.21580859        2.392916E+04
       9690.07225391        2.407439E+04
       9692.92967578        2.408108E+04
       9695.78612109        2.389526E+04
       9698.64354297        2.346527E+04
       9701.49998828        2.321109E+04
       9704.35838672        2.298975E+04
       9707.21580859        2.294923E+04
       9710.07420703        2.303559E+04
       9712.93162891        2.306864E+04
       9715.79002734        2.300423E+04
       9718.64940234        2.285291E+04
       9721.50780078        2.246641E+04
       9724.36619922        2.185104E+04
       9727.22655078        2.092399E+04
       9730.08592578        2.052474E+04
       9732.94530078        2.021216E+04
       9735.80467578        2.011834E+04
       9738.66502734        2.048412E+04
       9741.52440234        2.069187E+04
       9744.38475391        2.067480E+04
       9747.24608203        2.033735E+04
       9750.10741016        2.000570E+04
       9752.96776172        1.970152E+04
       9755.82908984        1.964537E+04
       9758.69139453        1.991909E+04
       9761.55174609        2.012438E+04
       9764.41405078        2.045356E+04
       9767.27733203        2.067788E+04
       9770.13866016        2.063914E+04
       9773.00096484        2.042019E+04
       9775.86326953        2.001732E+04
       9778.72655078        1.953536E+04
       9781.58983203        1.902703E+04
       9784.45311328        1.881554E+04
       9787.31639453        1.884216E+04
       9790.18065234        1.893209E+04
       9793.04393359        1.914943E+04
       9795.90819141        1.944777E+04
       9798.77342578        1.945211E+04
       9801.63670703        1.929649E+04
       9804.50194141        1.915877E+04
       9807.36619922        1.920930E+04
       9810.23045703        1.922001E+04
       9813.09764453        1.922704E+04
       9815.96287891        1.925429E+04
       9818.82811328        1.929629E+04
       9821.69334766        1.921008E+04
       9824.56053516        1.890869E+04
       9827.42576953        1.872994E+04
       9830.29198047        1.853957E+04
       9833.16014453        1.836100E+04
       9836.02635547        1.838776E+04
       9838.89354297        1.851597E+04
       9841.76073047        1.866949E+04
       9844.62791797        1.879037E+04
       9847.49608203        1.875791E+04
       9850.36424609        1.867500E+04
       9853.23143359        1.838192E+04
       9856.10057422        1.804978E+04
       9858.96873828        1.776156E+04
       9861.83787891        1.745862E+04
       9864.70604297        1.732451E+04
       9867.57616016        1.736937E+04
       9870.44530078        1.752983E+04
       9873.31444141        1.759189E+04
       9876.18455859        1.739141E+04
       9879.05467578        1.706976E+04
       9881.92479297        1.677516E+04
       9884.79491016        1.662470E+04
       9887.66600391        1.650526E+04
       9890.53612109        1.645526E+04
       9893.40819141        1.639895E+04
       9896.27830859        1.639925E+04
       9899.14940234        1.631894E+04
       9902.02147266        1.607311E+04
       9904.89354297        1.567394E+04
       9907.76561328        1.533870E+04
       9910.63670703        1.509936E+04
       9913.50975391        1.498952E+04
       9916.38084766        1.496723E+04
       9919.25487109        1.495940E+04
       9922.12889453        1.502991E+04
       9925.00194141        1.503924E+04
       9927.87303516        1.503196E+04
       9930.74803516        1.490866E+04
       9933.62303516        1.471337E+04
       9936.49608203        1.455778E+04
       9939.37010547        1.445568E+04
       9942.24412891        1.452075E+04
       9945.11912891        1.459538E+04
       9947.99412891        1.456982E+04
       9950.86912891        1.439157E+04
       9953.74315234        1.407722E+04
       9956.61912891        1.381949E+04
       9959.49412891        1.362669E+04
       9962.37108203        1.351835E+04
       9965.24803516        1.343121E+04
       9968.12401172        1.340006E+04
       9970.99998828        1.344630E+04
       9973.87694141        1.342959E+04
       9976.75291797        1.333397E+04
       9979.63084766        1.315406E+04
       9982.50780078        1.300920E+04
       9985.38573047        1.290249E+04
       9988.26268359        1.286551E+04
       9991.14061328        1.285364E+04
       9994.01854297        1.276030E+04
       9996.89647266        1.250862E+04
       9999.77537891        1.215075E+04
      10002.65526172        1.183355E+04
      10005.53319141        1.151050E+04
      10008.41307422        1.127134E+04
      10011.29198047        1.121880E+04
      10014.17088672        1.125016E+04
      10017.05076953        1.132825E+04
      10019.92967578        1.132426E+04
      10022.81053516        1.119628E+04
      10025.69041797        1.100379E+04
      10028.57127734        1.077884E+04
      10031.45116016        1.058009E+04
      10034.33397266        1.049568E+04
      10037.21483203        1.055969E+04
      10040.09569141        1.067200E+04
      10042.97752734        1.078313E+04
      10045.85838672        1.072235E+04
      10048.74119922        1.054918E+04
      10051.62205859        1.036413E+04
      10054.50487109        1.031642E+04
      10057.38866016        1.037095E+04
      10060.27049609        1.044886E+04
      10063.15428516        1.055967E+04
      10066.03709766        1.051948E+04
      10068.92088672        1.040127E+04
      10071.80369922        1.012959E+04
      10074.68748828        9.845160E+03
      10077.57127734        9.570396E+03
      10080.45604297        9.347211E+03
      10083.34080859        9.161961E+03
      10086.22362109        9.059259E+03
      10089.10936328        9.048622E+03
      10091.99315234        9.174959E+03
      10094.87889453        9.320457E+03
      10097.76463672        9.400881E+03
      10100.64940234        9.419854E+03
      10103.53514453        9.406446E+03
      10106.42283984        9.496787E+03
      10109.30858203        9.559720E+03
      10112.19432422        9.631726E+03
      10115.08201953        9.650345E+03
      10117.96776172        9.565530E+03
      10120.85448047        9.336412E+03
      10123.74119922        9.079544E+03
      10126.62889453        8.897435E+03
      10129.51658984        8.867766E+03
      10132.40428516        8.822860E+03
      10135.29198047        8.749496E+03
      10138.18065234        8.732546E+03
      10141.06932422        8.815711E+03
      10143.95897266        8.832458E+03
      10146.84764453        8.828092E+03
      10149.73533984        8.760128E+03
      10152.62498828        8.667764E+03
      10155.51463672        8.600920E+03
      10158.40428516        8.583630E+03
      10161.29491016        8.576745E+03
      10164.18455859        8.474905E+03
      10167.07420703        8.337608E+03
      10169.96483203        8.244683E+03
      10172.85448047        8.103774E+03
      10175.74608203        7.954546E+03
      10178.63670703        7.842920E+03
      10181.53026172        7.748657E+03
      10184.41991016        7.634144E+03
      10187.31248828        7.633159E+03
      10190.20408984        7.677660E+03
      10193.09569141        7.664722E+03
      10195.98729297        7.530248E+03
      10198.87987109        7.311153E+03
      10201.77244922        7.071127E+03
      10204.66600391        6.804343E+03
      10207.55955859        6.573998E+03
      10210.45408984        6.390035E+03
      10213.34471484        6.163686E+03
      10216.23924609        6.025562E+03
      10219.13280078        6.069462E+03
      10222.02635547        6.179359E+03
      10224.92283984        6.295123E+03
      10227.81639453        6.370573E+03
      10230.71092578        6.458630E+03
      10233.60545703        6.520168E+03
      10236.50096484        6.548693E+03
      10239.39647266        6.514270E+03
      10242.29100391        6.468801E+03
      10245.18748828        6.415655E+03
      10248.08494922        6.469098E+03
      10250.98045703        6.515432E+03
      10253.87694141        6.502961E+03
      10256.77244922        6.453600E+03
      10259.66991016        6.400337E+03
      10262.56541797        6.361198E+03
