2456855.487648804
2456855.487938161
2456855.488505301
2456855.488783084
2456855.489072441
2456855.489350224
2456855.489639581
2456855.489917364
2456855.490206721
2456855.490484503
2456855.490773860
2456855.491051643
2456855.491341000
2456855.491630357
2456855.491908140
2456855.492197497
2456855.492475280
2456855.492764637
2456855.493042420
2456855.493331776
2456855.493609559
2456855.493898917
2456855.494176699
2456855.494466056
2456855.494743839
2456855.495033196
2456855.495310978
2456855.495588762
2456855.495878119
2456855.496167475
2456855.496445259
2456855.496734615
2456855.497012398
2456855.497301755
2456855.497579538
2456855.497857321
2456855.498146677
2456855.498424460
2456855.498713817
2456855.499003174
2456855.499280957
2456855.499558740
2456855.499848097
2456855.500137453
2456855.500415237
2456855.500704593
2456855.500982376
2456855.501271734
2456855.501549516
2456855.501838873
2456855.502116656
2456855.502406013
2456855.502683796
2456855.502973152
2456855.503262510
2456855.503540292
2456855.503829649
2456855.504107432
2456855.504396789
2456855.504674572
2456855.504963929
2456855.505241711
2456855.505531068
2456855.505808851
2456855.506098208
2456855.506375991
2456855.506665348
2456855.506943130
2456855.507220913
2456855.507510270
2456855.507788053
2456855.508077410
2456855.508366767
2456855.508644549
2456855.508933906
2456855.509211689
2456855.509501046
2456855.509778829
2456855.510068186
2456855.510345968
2456855.510635326
2456855.510913108
2456855.511202465
2456855.511480248
2456855.511769605
2456855.512047388
2456855.512336745
2456855.512614528
2456855.512903885
2456855.513181667
2456855.513471024
2456855.513748807
2456855.514038164
2456855.514315946
2456855.514605303
2456855.514883086
2456855.515172443
2456855.515450226
2456855.515739582
2456855.516017366
2456855.516306723
2456855.516584505
2456855.516873862
2456855.517163219
2456855.517441002
2456855.517730359
2456855.518008141
2456855.518297498
2456855.518575281
2456855.518864638
2456855.519142421
2456855.519431777
2456855.519709561
2456855.519998917
2456855.520276700
2456855.520566057
2456855.520843840
2456855.521133197
2456855.521410979
2456855.521688762
2456855.521978119
2456855.522267476
2456855.522556833
2456855.522834615
2456855.523123972
2456855.523401755
2456855.523679538
2456855.523968895
2456855.524258252
2456855.524489737
2456855.524825391
2456855.525103174
2456855.525392531
2456855.525670314
2456855.525959671
2456855.526237453
2456855.526526810
2456855.526804593
2456855.527093949
2456855.527371733
2456855.527661089
2456855.527938872
2456855.528228229
2456855.528506012
2456855.528795369
2456855.529073151
2456855.529362508
2456855.529640291
2456855.529929648
2456855.530207430
2456855.530496787
2456855.530774570
2456855.531063927
2456855.531353284
2456855.531631066
2456855.531920423
2456855.532198206
2456855.532487563
2456855.532765346
2456855.533054702
2456855.533332485
2456855.533621843
2456855.533899625
2456855.534188982
2456855.534466764
2456855.534756121
2456855.535033904
2456855.535323261
2456855.535612618
2456855.535890400
2456855.536179757
2456855.536457540
2456855.536735323
2456855.537024679
2456855.537314036
2456855.537591819
2456855.537881176
2456855.538158958
2456855.538448316
2456855.538726098
2456855.539015455
2456855.539293238
2456855.539571020
2456855.539860377
2456855.540149734
2456855.540427517
2456855.540716873
2456855.540994656
2456855.541284013
2456855.541561796
2456855.541851152
2456855.542128935
2456855.542418292
2456855.542707649
2456855.542985432
2456855.543274789
2456855.543552571
2456855.543841928
2456855.544119711
2456855.544409067
2456855.544686850
2456855.544976207
2456855.545265564
2456855.545543347
2456855.545832703
2456855.546110486
2456855.546399843
2456855.546677626
2456855.546966983
2456855.547244765
2456855.547534122
2456855.547811904
2456855.548101261
2456855.548379045
2456855.548668401
2456855.548946184
2456855.549235540
2456855.549513323
2456855.549791106
2456855.550080462
2456855.550369820
2456855.550647602
2456855.550936959
2456855.551214741
2456855.551504098
2456855.551781881
2456855.552071237
2456855.552349020
2456855.552638377
2456855.552916160
2456855.553205517
2456855.553483299
2456855.553772656
2456855.554050439
2456855.554339796
2456855.554629152
2456855.554906935
2456855.555196292
2456855.555474075
2456855.555763431
2456855.556041214
2456855.556330571
2456855.556608353
2456855.556897711
2456855.557175493
2456855.557464850
2456855.557742632
2456855.558031989
2456855.558309772
2456855.558599129
2456855.558888485
2456855.559166268
2456855.559455625
2456855.559733408
2456855.560022764
2456855.560300547
2456855.560589904
2456855.560867686
2456855.561157043
2456855.561434825
2456855.561724183
2456855.562001965
2456855.562291322
2456855.562569105
2456855.562858461
2456855.563147818
2456855.563425601
2456855.563714957
2456855.563992740
2456855.564282097
2456855.564559879
2456855.564849236
2456855.565127019
2456855.565416376
2456855.565694158
2456855.565983515
2456855.566272872
2456855.566550654
2456855.566840012
2456855.567117794
2456855.567407151
2456855.567684933
2456855.567974290
2456855.568252073
2456855.568541430
2456855.568819212
2456855.569108569
2456855.569386351
2456855.569675708
2456855.569965065
2456855.570242847
2456855.570532204
2456855.570809987
2456855.571099344
2456855.571377126
2456855.571666483
2456855.571944266
2456855.572233622
2456855.572511405
2456855.572800762
2456855.573078544
2456855.573367901
2456855.573645683
2456855.573935040
2456855.574224398
2456855.574502180
2456855.574791537
2456855.575069319
2456855.575358676
2456855.575636459
2456855.575925815
2456855.576215172
2456855.576492955
2456855.576782311
2456855.577060094
2456855.577349451
2456855.577627233
2456855.577916590
2456855.578194372
2456855.578483729
2456855.578761511
2456855.579050869
2456855.579328651
2456855.579618008
2456855.579895791
2456855.580185147
2456855.580462930
2456855.580752287
2456855.581041643
2456855.581319426
2456855.581608783
2456855.581886565
2456855.582175922
2456855.582453704
2456855.582743061
2456855.583020844
2456855.583310200
2456855.583587983
2456855.583877340
2456855.584155122
2456855.584444479
2456855.584722261
2456855.585011618
2456855.585289401
2456855.585578758
2456855.585868114
2456855.586145896
2456855.586435254
2456855.586713036
2456855.587002393
2456855.587280175
2456855.587569532
2456855.587847314
2456855.588136672
2456855.588414454
2456855.588703811
2456855.588981593
2456855.589270950
2456855.589548732
2456855.589838089
2456855.590115871
2456855.590405229
2456855.590683011
2456855.590972368
2456855.591250150
2456855.591539507
2456855.591817289
2456855.592106646
2456855.592396003
2456855.592673786
2456855.592951568
2456855.593240925
2456855.593530281
2456855.593808064
2456855.594097421
2456855.594375203
2456855.594664560
2456855.594942342
2456855.595231699
2456855.595509481
2456855.595798838
2456855.596076621
2456855.596365977
2456855.596643760
2456855.596933117
2456855.597210899
2456855.597500256
2456855.597778038
2456855.598067395
2456855.598345177
2456855.598634535
2456855.598923891
2456855.599201673
2456855.599479456
2456855.599768813
2456855.600058169
2456855.600335951
2456855.600625309
2456855.600903091
2456855.601192448
2456855.601470230
2456855.601759587
2456855.602037369
2456855.602326726
2456855.602604508
2456855.602893866
2456855.603171648
2456855.603461005
2456855.603750361
2456855.604028144
2456855.604317500
2456855.604595283
2456855.604884640
2456855.605162422
2456855.605451779
2456855.605729561
2456855.606018918
2456855.606308274
2456855.606586057
2456855.606875414
2456855.607153196
2456855.607442553
2456855.607720335
2456855.608009692
2456855.608287474
2456855.608576831
2456855.608866188
2456855.609143970
2456855.609433327
2456855.609711109
2456855.610000466
2456855.610278248
2456855.610567605
2456855.610845387
2456855.611134744
2456855.611412527
2456855.611701883
2456855.611991240
2456855.612269023
2456855.612558379
2456855.612836162
2456855.613125518
2456855.613403301
2456855.613692658
2456855.613970440
2456855.614259797
2456855.614537579
2456855.614826935
2456855.615104718
2456855.615394075
2456855.615671857
2456855.615961214
2456855.616238996
2456855.616528353
2456855.616806136
2456855.617095492
2456855.617373275
2456855.617662631
2456855.617940414
2456855.618229770
2456855.618519127
2456855.618796910
2456855.619086266
2456855.619364048
2456855.619653405
2456855.619931187
2456855.620220544
2456855.620498326
2456855.620787683
2456855.621065466
2456855.621354822
2456855.621632605
2456855.621921961
2456855.622199744
2456855.622489101
2456855.622778457
2456855.623056239
2456855.623345596
2456855.623623379
2456855.623912735
2456855.624190518
2456855.624479875
2456855.624757657
2456855.625047013
2456855.625336370
2456855.625614152
2456855.625903509
2456855.626181291
2456855.626470648
2456855.626748431
2456855.627037787
2456855.627327144
2456855.627604926
2456855.627894283
2456855.628172065
2456855.628461422
2456855.628739204
2456855.629028561
2456855.629306343
2456855.629595700
2456855.629873483
2456855.630162839
2456855.630440621
2456855.630729978
2456855.631019335
2456855.631297117
2456855.631586474
2456855.631864256
2456855.632153613
2456855.632431395
2456855.632720752
2456855.632998534
2456855.633287891
2456855.633565673
2456855.633855029
2456855.634132812
2456855.634422169
2456855.634711525
2456855.634989307
2456855.635278665
2456855.635556447
2456855.635845803
2456855.636123586
2456855.636412942
2456855.636702299
2456855.636980081
2456855.637269438
2456855.637547220
2456855.637836576
2456855.638114359
2456855.638403716
2456855.638681498
2456855.638970855
2456855.639248637
2456855.639537994
2456855.639815776
2456855.640105133
2456855.640382915
2456855.640672272
2456855.640950054
2456855.641239411
2456855.641528767
2456855.641806550
2456855.642095906
2456855.642373689
2456855.642663045
2456855.642940828
2456855.643230184
2456855.643507967
2456855.643797323
2456855.644075105
2456855.644364462
2456855.644642245
2456855.644931601
2456855.645209383
2456855.645498740
2456855.645776522
2456855.646065879
2456855.646343661
2456855.646633018
2456855.646922374
2456855.647200156
2456855.647489513
2456855.647767296
2456855.648056652
2456855.648334435
2456855.648623791
2456855.648901573
2456855.649190930
2456855.649480287
2456855.649758069
2456855.650047426
2456855.650325208
2456855.650614564
2456855.650892347
2456855.651181703
2456855.651459486
2456855.651748843
2456855.652038199
2456855.652315981
2456855.652605338
2456855.652883120
2456855.653172477
2456855.653450259
2456855.653739616
2456855.654017398
2456855.654306754
2456855.654584537
2456855.654873894
2456855.655163250
2456855.655441032
2456855.655730389
2456855.656008171
2456855.656297527
2456855.656575310
2456855.656864666
2456855.657154023
2456855.657431806
2456855.657721162
2456855.657998944
2456855.658288301
2456855.658566083
2456855.658855440
2456855.659133222
2456855.659422579
2456855.659700361
2456855.659989717
2456855.660279074
