2456895.366652668
2456895.367057743
2456895.367393376
2456895.367717436
2456895.368053070
2456895.368388704
2456895.368724337
2456895.369048397
2456895.369384030
2456895.369719664
2456895.370055297
2456895.370379358
2456895.370714991
2456895.371050625
2456895.371386258
2456895.371721892
2456895.372057525
2456895.372381585
2456895.372717218
2456895.373052852
2456895.373388486
2456895.373712546
2456895.374048179
2456895.374568990
2456895.375124521
2456895.375483302
2456895.375807362
2456895.376085128
2456895.376351320
2456895.376629085
2456895.376895278
2456895.377173043
2456895.377439235
2456895.377717001
2456895.377983193
2456895.378260959
2456895.378527151
2456895.378804917
2456895.379071109
2456895.379348875
2456895.379615067
2456895.379892832
2456895.380159024
2456895.380436790
2456895.380702982
2456895.380980748
2456895.381246940
2456895.381524705
2456895.381790897
2456895.382068663
2456895.382334855
2456895.382612621
2456895.382878813
2456895.383156579
2456895.383422771
2456895.383700537
2456895.383978302
2456895.384244495
2456895.384510687
2456895.384788452
2456895.385054644
2456895.385332410
2456895.385598602
2456895.385876368
2456895.386142560
2456895.386420325
2456895.386686517
2456895.386964283
2456895.387230475
2456895.387508241
2456895.387774433
2456895.388052199
2456895.388329964
2456895.388607730
2456895.388873922
2456895.389140114
2456895.389417880
2456895.389684072
2456895.389961837
2456895.390228029
2456895.390505795
2456895.390771987
2456895.391049753
2456895.391315945
2456895.391593711
2456895.391859903
2456895.392137669
2456895.392403861
2456895.392681626
2456895.392947818
2456895.393225584
2456895.393491776
2456895.393769542
2456895.394035734
2456895.394313499
2456895.394579691
2456895.394857457
2456895.395123649
2456895.395401414
2456895.395667606
2456895.395945372
2456895.396223138
2456895.396489330
2456895.396767095
2456895.397033288
2456895.397311053
2456895.397577245
2456895.397855011
2456895.398121203
2456895.398398968
2456895.398665160
2456895.398942926
2456895.399209118
2456895.399486884
2456895.399753076
2456895.400030842
2456895.400297034
2456895.400574799
2456895.400840991
2456895.401118757
2456895.401384949
2456895.401662715
2456895.401928907
2456895.402206672
2456895.402484438
2456895.402750630
2456895.403016822
2456895.403294588
2456895.403560780
2456895.403838546
2456895.404104738
2456895.404382503
2456895.404648695
2456895.404926460
2456895.405192653
2456895.405470418
2456895.405736610
2456895.406014376
2456895.406280568
2456895.406558333
2456895.406824525
2456895.407102291
2456895.407368483
2456895.407646249
2456895.407912441
2456895.408190207
2456895.408456399
2456895.408734164
2456895.409000356
2456895.409278122
2456895.409544314
2456895.409822079
2456895.410088271
2456895.410366037
2456895.410632229
2456895.410909995
2456895.411176187
2456895.411453953
2456895.411720145
2456895.411997911
2456895.412264102
2456895.412541867
2456895.412819633
2456895.413085825
2456895.413352017
2456895.413629783
2456895.413895975
2456895.414173740
2456895.414439932
2456895.414717698
2456895.414995464
2456895.415261656
2456895.415539421
2456895.415805613
2456895.416071805
2456895.416349571
2456895.416615763
2456895.416893528
2456895.417171294
2456895.417449059
2456895.417715251
2456895.417981443
2456895.418259209
2456895.418525401
2456895.418803167
2456895.419069359
2456895.419347124
2456895.419624890
2456895.419891082
2456895.420157274
2456895.420435039
2456895.420701231
2456895.420978997
2456895.421256762
2456895.421522954
2456895.421800720
2456895.422078486
2456895.422344678
2456895.422610870
2456895.422888635
2456895.423154827
2456895.423432593
2456895.423698785
2456895.423976551
2456895.424242742
2456895.424520508
2456895.424786700
2456895.425064465
2456895.425330658
2456895.425608423
2456895.425874615
2456895.426152381
2456895.426418573
2456895.426696338
2456895.426962530
2456895.427240295
2456895.427506487
2456895.427784253
2456895.428050445
2456895.428328210
2456895.428594403
2456895.428872168
2456895.429138361
2456895.429416126
2456895.429682318
2456895.429960083
2456895.430226275
2456895.430504041
2456895.430781806
2456895.431047998
2456895.431314190
2456895.431591956
2456895.431869721
2456895.432135913
2456895.432413679
2456895.432679871
2456895.432957636
2456895.433223828
2456895.433501594
2456895.433767786
2456895.434045551
2456895.434311743
2456895.434589509
2456895.434867274
2456895.435133466
2456895.435411232
2456895.435677424
2456895.435955190
2456895.436221381
2456895.436499147
2456895.436765339
2456895.437043104
2456895.437309296
2456895.437587062
2456895.437853254
2456895.438131019
2456895.438397211
2456895.438674977
2456895.438941169
2456895.439218934
2456895.439485126
2456895.439762892
2456895.440029084
2456895.440306849
2456895.440573041
2456895.440850807
2456895.441116998
2456895.441394764
2456895.441660956
2456895.441938722
2456895.442204914
2456895.442482679
2456895.442748871
2456895.443026636
2456895.443304402
2456895.443570594
2456895.443848359
2456895.444114551
2456895.444392317
2456895.444658509
2456895.444936275
2456895.445202467
2456895.445480232
2456895.445746424
2456895.446024189
2456895.446290381
2456895.446568147
2456895.446834339
2456895.447112104
2456895.447389869
2456895.447656062
2456895.447933828
2456895.448200019
2456895.448477785
2456895.448743977
2456895.449021742
2456895.449287934
2456895.449565699
2456895.449831891
2456895.450109657
2456895.450387422
2456895.450653614
2456895.450919806
2456895.451197572
2456895.451475337
2456895.451741529
2456895.452007721
2456895.452285486
2456895.452563252
2456895.452829444
2456895.453107209
2456895.453373401
2456895.453639593
2456895.453917359
2456895.454195124
2456895.454461316
2456895.454739082
2456895.455005274
2456895.455283039
2456895.457944958
2456895.458222723
2456895.458488915
2456895.458766681
2456895.459032873
2456895.459310638
2456895.459576830
2456895.459854595
2456895.460120787
2456895.460398553
2456895.460664745
2456895.460942510
2456895.461220276
2456895.461486468
2456895.461764233
2456895.462030425
2456895.462308190
2456895.462574382
2456895.462852148
2456895.463118339
2456895.463396105
2456895.463662297
2456895.463940063
2456895.464206255
2456895.464484020
2456895.464750212
2456895.465027977
2456895.465294169
2456895.465571934
2456895.465838126
2456895.466115891
2456895.466382083
2456895.466659850
2456895.466937615
2456895.467203807
2456895.467481572
2456895.467747764
2456895.468025529
2456895.468291721
2456895.468569486
2456895.468835678
2456895.469113444
2456895.469379636
2456895.469657402
2456895.469923593
2456895.470201359
2456895.470467550
2456895.470745316
2456895.471011507
2456895.471289273
2456895.471555465
2456895.471833230
2456895.472110996
2456895.472377188
2456895.472654954
2456895.472921146
2456895.473198911
2456895.473465102
2456895.473742868
2456895.474009059
2456895.474275251
2456895.474553017
2456895.474830783
2456895.475096974
2456895.475374740
2456895.475640932
2456895.475918697
2456895.476184889
2456895.476462654
2456895.476728846
2456895.477006611
2456895.477272803
2456895.477550569
2456895.477828334
2456895.478094526
2456895.478372291
2456895.478638483
2456895.478916248
2456895.479182441
2456895.479460206
2456895.479726398
2456895.479992590
2456895.480270355
2456895.480548120
2456895.480814312
2456895.481092078
2456895.481358270
2456895.481636035
2456895.481902227
2456895.482307301
2456895.482585066
2456895.482851258
2456895.483129024
2456895.483395216
2456895.483672981
2456895.483939173
2456895.484216938
2456895.484494703
2456895.484760896
2456895.485038661
2456895.485304853
2456895.485582618
2456895.485848810
2456895.486126575
2456895.486404341
2456895.486670533
2456895.486948298
2456895.487214490
2456895.487492255
2456895.487758447
2456895.488036213
2456895.488302405
2456895.488580170
2456895.488846362
2456895.489124127
2456895.489390318
2456895.489668084
2456895.489934276
2456895.490212041
2456895.490478233
2456895.490755999
2456895.491022191
2456895.491299956
2456895.491566148
2456895.491843913
2456895.492110105
2456895.492387870
2456895.492665635
2456895.492931827
2456895.493209593
2456895.493475785
2456895.493753550
2456895.494019741
2456895.494297507
2456895.494563699
2456895.494841464
2456895.495107656
2456895.495385421
2456895.495651613
2456895.495929378
2456895.496195571
2456895.496473336
2456895.496739527
2456895.497017293
2456895.497283484
2456895.497561250
2456895.497839015
2456895.498116781
2456895.498382973
2456895.498660738
2456895.498926929
2456895.499204695
2456895.499470887
2456895.499748652
2456895.500014844
2456895.500292609
2456895.500558801
2456895.500836567
2456895.501114332
2456895.501380524
2456895.501658289
2456895.501924480
2456895.502202246
2456895.502468438
2456895.502746203
2456895.503012395
2456895.503290160
2456895.503556352
2456895.503834118
2456895.504100309
2456895.504378074
2456895.504655840
2456895.504933605
2456895.505199797
2456895.505477563
2456895.505743754
2456895.506021520
2456895.506287711
2456895.506565476
2456895.506831668
2456895.507109434
2456895.507375625
2456895.507653391
2456895.507919583
2456895.508197348
2456895.508463540
2456895.508741305
2456895.509007497
2456895.509285262
2456895.509563027
2456895.509829219
2456895.510106985
2456895.510373177
2456895.510650942
2456895.510917133
2456895.511194898
2456895.511461091
2456895.511738856
2456895.512005047
2456895.512282813
2456895.512549005
2456895.512826770
2456895.513104535
2456895.513370727
2456895.513648492
2456895.513914684
2456895.514192449
2456895.514458641
2456895.514736407
2456895.515002599
2456895.515280364
2456895.515546555
2456895.515824320
2456895.516090512
2456895.516368278
2456895.516634469
2456895.516912234
2456895.517178426
2456895.517456192
2456895.517722383
2456895.518000149
2456895.518277914
2456895.518544106
2456895.518821871
2456895.519088063
2456895.519365828
2456895.519632020
2456895.519909785
2456895.520175977
2456895.520453742
2456895.520719934
2456895.520997699
2456895.521263891
2456895.521541656
2456895.521807848
2456895.522085613
2456895.522351805
2456895.522629570
2456895.522895762
2456895.523173527
2456895.523451292
2456895.523717485
2456895.523995250
2456895.524273015
2456895.524539207
2456895.524816972
2456895.525083164
2456895.525360929
2456895.525627120
2456895.525904886
2456895.526171078
2456895.526448843
2456895.526715035
2456895.526992800
2456895.527258992
2456895.527536757
2456895.527802949
2456895.528080714
2456895.528358479
2456895.528624671
2456895.528902437
2456895.529168628
2456895.529446393
2456895.529712585
2456895.529990350
2456895.530256542
2456895.530534307
2456895.530800499
2456895.531078264
2456895.531344456
2456895.531622221
2456895.531888413
2456895.532166178
2456895.532443943
2456895.532710135
2456895.532987901
2456895.533254092
2456895.533531858
2456895.533798049
2456895.534075814
2456895.534342006
2456895.534619771
2456895.534885963
2456895.535163728
2456895.535429920
2456895.535707685
2456895.535973877
2456895.536251642
2456895.536517834
2456895.536795599
2456895.537073364
2456895.537339556
2456895.537617321
2456895.537895087
2456895.538161279
2456895.538439044
2456895.538705235
2456895.538983000
2456895.539249192
2456895.539526958
2456895.539793150
2456895.540070915
2456895.540337106
2456895.540614871
2456895.540881063
2456895.541158828
2456895.541436594
2456895.541702786
2456895.541980551
2456895.542246742
2456895.542524507
2456895.542790699
2456895.543068464
2456895.543334656
2456895.543612421
2456895.543878613
2456895.544156378
2456895.544422570
2456895.544700335
2456895.544966527
2456895.545244292
2456895.545510483
2456895.545788249
2456895.546066014
2456895.546332206
2456895.546609971
2456895.546876163
2456895.547153928
2456895.547420119
2456895.547697884
2456895.547964077
