2.456855481353998184e+06
2.456855481643350329e+06
2.456855482210479677e+06
2.456855482488257345e+06
2.456855482777609490e+06
2.456855483055387158e+06
2.456855483344738837e+06
2.456855483622516505e+06
2.456855483911868650e+06
2.456855484189646319e+06
2.456855484478997998e+06
2.456855484756776132e+06
2.456855485046127811e+06
2.456855485335479490e+06
2.456855485613257624e+06
2.456855485902609304e+06
2.456855486180386972e+06
2.456855486469739117e+06
2.456855486747516785e+06
2.456855487036868464e+06
2.456855487314646132e+06
2.456855487603998277e+06
2.456855487881775945e+06
2.456855488171127625e+06
2.456855488448905759e+06
2.456855488738257438e+06
2.456855489016035106e+06
2.456855489293813240e+06
2.456855489583164919e+06
2.456855489872516599e+06
2.456855490150294732e+06
2.456855490439646412e+06
2.456855490717424080e+06
2.456855491006776225e+06
2.456855491284553893e+06
2.456855491562331561e+06
2.456855491851683240e+06
2.456855492129461374e+06
2.456855492418813054e+06
2.456855492708164733e+06
2.456855492985942401e+06
2.456855493263720535e+06
2.456855493553072214e+06
2.456855493842423894e+06
2.456855494120202027e+06
2.456855494409553707e+06
2.456855494687331375e+06
2.456855494976683520e+06
2.456855495254461188e+06
2.456855495543812867e+06
2.456855495821591001e+06
2.456855496110942680e+06
2.456855496388720348e+06
2.456855496678072028e+06
2.456855496967424173e+06
2.456855497245201841e+06
2.456855497534553986e+06
2.456855497812331654e+06
2.456855498101683334e+06
2.456855498379461002e+06
2.456855498668813147e+06
2.456855498946590815e+06
2.456855499235942494e+06
2.456855499513720628e+06
2.456855499803072307e+06
2.456855500080849975e+06
2.456855500370202120e+06
2.456855500647979788e+06
2.456855500925757457e+06
2.456855501215109136e+06
2.456855501492887270e+06
2.456855501782238949e+06
2.456855502071590628e+06
2.456855502349368297e+06
2.456855502638720442e+06
2.456855502916498110e+06
2.456855503205849789e+06
2.456855503483627923e+06
2.456855503772979602e+06
2.456855504050757270e+06
2.456855504340109415e+06
2.456855504617887083e+06
2.456855504907238763e+06
2.456855505185016897e+06
2.456855505474368576e+06
2.456855505752146244e+06
2.456855506041498389e+06
2.456855506319276057e+06
2.456855506608627737e+06
2.456855506886405405e+06
2.456855507175757550e+06
2.456855507453535218e+06
2.456855507742886897e+06
2.456855508020665031e+06
2.456855508310016710e+06
2.456855508587794378e+06
2.456855508877146523e+06
2.456855509154924192e+06
2.456855509444275871e+06
2.456855509722054005e+06
2.456855510011405684e+06
2.456855510289183352e+06
2.456855510578535032e+06
2.456855510867887177e+06
2.456855511145664845e+06
2.456855511435016524e+06
2.456855511712794658e+06
2.456855512002146337e+06
2.456855512279924005e+06
2.456855512569276150e+06
2.456855512847053818e+06
2.456855513136405498e+06
2.456855513414183632e+06
2.456855513703535311e+06
2.456855513981312979e+06
2.456855514270665124e+06
2.456855514548442792e+06
2.456855514837794472e+06
2.456855515115572140e+06
2.456855515393350273e+06
2.456855515682701953e+06
2.456855515972053632e+06
2.456855516261405777e+06
2.456855516539183445e+06
2.456855516828535125e+06
2.456855517106313258e+06
2.456855517384090926e+06
2.456855517673442606e+06
2.456855517962794751e+06
2.456855518194275908e+06
2.456855518529924098e+06
2.456855518807701766e+06
2.456855519097053912e+06
2.456855519374831580e+06
2.456855519664183259e+06
2.456855519941960927e+06
2.456855520231313072e+06
2.456855520509090740e+06
2.456855520798442420e+06
2.456855521076220553e+06
2.456855521365572233e+06
2.456855521643349901e+06
2.456855521932702046e+06
2.456855522210479714e+06
2.456855522499831393e+06
2.456855522777609527e+06
2.456855523066961206e+06
2.456855523344738875e+06
2.456855523634091020e+06
2.456855523911868688e+06
2.456855524201220367e+06
2.456855524478998035e+06
2.456855524768350180e+06
2.456855525057701860e+06
2.456855525335479528e+06
2.456855525624831673e+06
2.456855525902609341e+06
2.456855526191961020e+06
2.456855526469739154e+06
2.456855526759090833e+06
2.456855527036868501e+06
2.456855527326220647e+06
2.456855527603998315e+06
2.456855527893349994e+06
2.456855528171127662e+06
2.456855528460479807e+06
2.456855528738257475e+06
2.456855529027609620e+06
2.456855529316961300e+06
2.456855529594738968e+06
2.456855529884090647e+06
2.456855530161868781e+06
2.456855530439646449e+06
2.456855530728998128e+06
2.456855531018350273e+06
2.456855531296127941e+06
2.456855531585479621e+06
2.456855531863257289e+06
2.456855532152609434e+06
2.456855532430387102e+06
2.456855532719739247e+06
2.456855532997516915e+06
2.456855533275294583e+06
2.456855533564646263e+06
2.456855533853998408e+06
2.456855534131776076e+06
2.456855534421127755e+06
2.456855534698905423e+06
2.456855534988257568e+06
2.456855535266035236e+06
2.456855535555386916e+06
2.456855535833165050e+06
2.456855536122516729e+06
2.456855536411868408e+06
2.456855536689646542e+06
2.456855536978998221e+06
2.456855537256775890e+06
2.456855537546128035e+06
2.456855537823905703e+06
2.456855538113257382e+06
2.456855538391035050e+06
2.456855538680387195e+06
2.456855538969738875e+06
2.456855539247516543e+06
2.456855539536868688e+06
2.456855539814646356e+06
2.456855540103998035e+06
2.456855540381776169e+06
2.456855540671127848e+06
2.456855540948905516e+06
2.456855541238257661e+06
2.456855541516035330e+06
2.456855541805387009e+06
2.456855542083165143e+06
2.456855542372516822e+06
2.456855542650294490e+06
2.456855542939646635e+06
2.456855543217424303e+06
2.456855543495201971e+06
2.456855543784553651e+06
2.456855544073905796e+06
2.456855544351683464e+06
2.456855544641035143e+06
2.456855544918812811e+06
2.456855545208164956e+06
2.456855545485942625e+06
2.456855545775294304e+06
2.456855546053072438e+06
2.456855546342424117e+06
2.456855546620201785e+06
2.456855546909553930e+06
2.456855547187331598e+06
2.456855547476683278e+06
2.456855547754461411e+06
2.456855548043813091e+06
2.456855548333164770e+06
2.456855548610942438e+06
2.456855548900294583e+06
2.456855549178072251e+06
2.456855549467423931e+06
2.456855549745202065e+06
2.456855550034553744e+06
2.456855550312331412e+06
2.456855550601683557e+06
2.456855550879461225e+06
2.456855551168812905e+06
2.456855551446591038e+06
2.456855551735942718e+06
2.456855552013720386e+06
2.456855552303072531e+06
2.456855552592424210e+06
2.456855552870201878e+06
2.456855553159553558e+06
2.456855553437331691e+06
2.456855553726683371e+06
2.456855554004461039e+06
2.456855554293813184e+06
2.456855554571590852e+06
2.456855554860942531e+06
2.456855555138720199e+06
2.456855555428072345e+06
2.456855555705850013e+06
2.456855555995201692e+06
2.456855556272979826e+06
2.456855556562331505e+06
2.456855556851683650e+06
2.456855557129461318e+06
2.456855557418812998e+06
2.456855557696590666e+06
2.456855557985942811e+06
2.456855558263720479e+06
2.456855558553072158e+06
2.456855558830850292e+06
2.456855559120201971e+06
2.456855559397979639e+06
2.456855559687331319e+06
2.456855559976683464e+06
2.456855560254461132e+06
2.456855560543813277e+06
2.456855560821590945e+06
2.456855561110942625e+06
2.456855561388720293e+06
2.456855561678072438e+06
2.456855561955850106e+06
2.456855562245202251e+06
2.456855562522979919e+06
2.456855562812331598e+06
2.456855563090109266e+06
2.456855563379461411e+06
2.456855563668813091e+06
2.456855563946590759e+06
2.456855564235942438e+06
2.456855564513720572e+06
2.456855564803072251e+06
2.456855565080849919e+06
2.456855565370202065e+06
2.456855565647979733e+06
2.456855565937331412e+06
2.456855566215109546e+06
2.456855566504461225e+06
2.456855566782238893e+06
2.456855567071591038e+06
2.456855567349368706e+06
2.456855567638720386e+06
2.456855567928072531e+06
2.456855568205850199e+06
2.456855568495201878e+06
2.456855568772979546e+06
2.456855569062331691e+06
2.456855569340109359e+06
2.456855569629461039e+06
2.456855569918813184e+06
2.456855570196590852e+06
2.456855570485942531e+06
2.456855570763720199e+06
2.456855571053072345e+06
2.456855571330850013e+06
2.456855571620201692e+06
2.456855571897979826e+06
2.456855572187331505e+06
2.456855572465109173e+06
2.456855572754461318e+06
2.456855573032238986e+06
2.456855573321590666e+06
2.456855573599368799e+06
2.456855573888720479e+06
2.456855574166498147e+06
2.456855574455850292e+06
2.456855574745201971e+06
2.456855575022979639e+06
2.456855575312331319e+06
2.456855575590109453e+06
2.456855575879461132e+06
2.456855576157238800e+06
2.456855576446590945e+06
2.456855576724368613e+06
2.456855577013720293e+06
2.456855577291498426e+06
2.456855577580850106e+06
2.456855577858627774e+06
2.456855578147979453e+06
2.456855578425757587e+06
2.456855578715109266e+06
2.456855578992886934e+06
2.456855579282239079e+06
2.456855579571590759e+06
2.456855579849368427e+06
2.456855580138720572e+06
2.456855580416498240e+06
2.456855580705849919e+06
2.456855580983627588e+06
2.456855581272979733e+06
2.456855581550757401e+06
2.456855581840109546e+06
2.456855582117887214e+06
2.456855582407238893e+06
2.456855582685016561e+06
2.456855582974368706e+06
2.456855583252146374e+06
2.456855583541498054e+06
2.456855583819275722e+06
2.456855584108627867e+06
2.456855584386405535e+06
2.456855584675757680e+06
2.456855584953535348e+06
2.456855585242887028e+06
2.456855585520664696e+06
2.456855585810016841e+06
2.456855586099368520e+06
2.456855586377146654e+06
2.456855586654924322e+06
2.456855586944276001e+06
2.456855587233627681e+06
2.456855587511405814e+06
2.456855587800757494e+06
2.456855588078535162e+06
2.456855588367887307e+06
2.456855588645664975e+06
2.456855588935016654e+06
2.456855589212794323e+06
2.456855589502146468e+06
2.456855589779924136e+06
2.456855590069275815e+06
2.456855590347053949e+06
2.456855590636405628e+06
2.456855590914183296e+06
2.456855591203535441e+06
2.456855591481313109e+06
2.456855591770664789e+06
2.456855592048442457e+06
2.456855592337794602e+06
2.456855592627146281e+06
2.456855592904923949e+06
2.456855593182701617e+06
2.456855593472053763e+06
2.456855593761405442e+06
2.456855594039183110e+06
2.456855594328535255e+06
2.456855594606312923e+06
2.456855594895665068e+06
2.456855595173442736e+06
2.456855595462794416e+06
2.456855595740572084e+06
2.456855596029924229e+06
2.456855596307701897e+06
2.456855596597054042e+06
2.456855596874831710e+06
2.456855597164183855e+06
2.456855597453535069e+06
2.456855597731313203e+06
2.456855598020664882e+06
2.456855598298443016e+06
2.456855598587794695e+06
2.456855598865572363e+06
2.456855599154924043e+06
2.456855599432702176e+06
2.456855599722053856e+06
2.456855600011405535e+06
2.456855600289183203e+06
2.456855600578535348e+06
2.456855600856313016e+06
2.456855601145664696e+06
2.456855601423442829e+06
2.456855601712794509e+06
2.456855601990572177e+06
2.456855602279924322e+06
2.456855602569276001e+06
2.456855602847053669e+06
2.456855603136405814e+06
2.456855603414183483e+06
2.456855603703535162e+06
2.456855603981312830e+06
2.456855604270664975e+06
2.456855604548442643e+06
2.456855604837794323e+06
2.456855605115571991e+06
2.456855605404924136e+06
2.456855605694275815e+06
2.456855605972053949e+06
2.456855606261405628e+06
2.456855606539183296e+06
2.456855606828535441e+06
2.456855607106313109e+06
2.456855607395664789e+06
2.456855607673442457e+06
2.456855607962794602e+06
2.456855608240572270e+06
2.456855608529923949e+06
2.456855608807702083e+06
2.456855609097053763e+06
2.456855609374831431e+06
2.456855609664183576e+06
2.456855609941961244e+06
2.456855610231312923e+06
2.456855610509091057e+06
2.456855610798442736e+06
2.456855611076220404e+06
2.456855611365572549e+06
2.456855611643350217e+06
2.456855611932701897e+06
2.456855612222053576e+06
2.456855612499831710e+06
2.456855612789183389e+06
2.456855613066961057e+06
2.456855613356313203e+06
2.456855613634090871e+06
2.456855613923442550e+06
2.456855614201220218e+06
2.456855614490572363e+06
2.456855614768350031e+06
2.456855615057701711e+06
2.456855615335479844e+06
2.456855615624831524e+06
2.456855615902609192e+06
2.456855616191961337e+06
2.456855616481313016e+06
2.456855616759090684e+06
2.456855617048442829e+06
2.456855617326220497e+06
2.456855617615572177e+06
2.456855617893350311e+06
2.456855618182701990e+06
2.456855618460479658e+06
2.456855618749831337e+06
2.456855619039183483e+06
2.456855619316961151e+06
2.456855619606313296e+06
2.456855619884090964e+06
2.456855620173442643e+06
2.456855620451220311e+06
2.456855620740572456e+06
2.456855621029924136e+06
2.456855621307701804e+06
2.456855621597053949e+06
2.456855621874831617e+06
2.456855622164183296e+06
2.456855622441961430e+06
2.456855622731313109e+06
2.456855623009090777e+06
2.456855623298442457e+06
2.456855623576220591e+06
2.456855623865572270e+06
2.456855624143349938e+06
2.456855624432702083e+06
2.456855624722053763e+06
2.456855624999831431e+06
2.456855625289183576e+06
2.456855625566961244e+06
2.456855625856312923e+06
2.456855626134091057e+06
2.456855626423442736e+06
2.456855626701220404e+06
2.456855626990572549e+06
2.456855627268350217e+06
2.456855627557701897e+06
2.456855627835479565e+06
2.456855628124831710e+06
2.456855628414183389e+06
2.456855628691961057e+06
2.456855628981313203e+06
2.456855629259090871e+06
2.456855629548442550e+06
2.456855629826220218e+06
2.456855630115572363e+06
2.456855630404924043e+06
2.456855630682701711e+06
2.456855630972053856e+06
2.456855631249831524e+06
2.456855631539183203e+06
2.456855631816961337e+06
2.456855632106313016e+06
2.456855632384090684e+06
2.456855632673442829e+06
2.456855632951220497e+06
2.456855633240572177e+06
2.456855633518350311e+06
2.456855633807701990e+06
2.456855634085479658e+06
2.456855634374831337e+06
2.456855634652609471e+06
2.456855634941961151e+06
2.456855635231312830e+06
2.456855635509090964e+06
2.456855635798442643e+06
2.456855636076220311e+06
2.456855636365572456e+06
2.456855636643350124e+06
2.456855636932701804e+06
2.456855637210479937e+06
2.456855637499831617e+06
2.456855637777609285e+06
2.456855638066961430e+06
2.456855638344739098e+06
2.456855638634090777e+06
2.456855638911868446e+06
2.456855639201220591e+06
2.456855639478998259e+06
2.456855639768349938e+06
2.456855640046127606e+06
2.456855640335479751e+06
2.456855640624831431e+06
2.456855640902609099e+06
2.456855641191961244e+06
2.456855641469738912e+06
2.456855641759091057e+06
2.456855642036868725e+06
2.456855642326220404e+06
2.456855642603998072e+06
2.456855642893350217e+06
2.456855643182701897e+06
2.456855643460479565e+06
2.456855643749831710e+06
2.456855644027609378e+06
2.456855644316961057e+06
2.456855644594738726e+06
2.456855644884090871e+06
2.456855645161868539e+06
2.456855645451220684e+06
2.456855645740572363e+06
2.456855646018350031e+06
2.456855646307701711e+06
2.456855646585479844e+06
2.456855646874831524e+06
2.456855647152609192e+06
2.456855647441961337e+06
2.456855647719739005e+06
2.456855648009090684e+06
2.456855648286868818e+06
2.456855648576220497e+06
2.456855648865572177e+06
2.456855649143349845e+06
2.456855649432701990e+06
2.456855649710479658e+06
2.456855649999831337e+06
2.456855650277609471e+06
2.456855650566961151e+06
2.456855650856312830e+06
2.456855651134090964e+06
2.456855651423442643e+06
2.456855651701220311e+06
2.456855651990572456e+06
2.456855652268350124e+06
2.456855652557701804e+06
2.456855652835479937e+06
2.456855653124831617e+06
2.456855653402609285e+06
2.456855653691960964e+06
2.456855653981313109e+06
