2.456895360915694386e+06
2.456895361320787109e+06
2.456895361656434834e+06
2.456895361980509013e+06
2.456895362316157203e+06
2.456895362651805393e+06
2.456895362987453584e+06
2.456895363311527763e+06
2.456895363647175487e+06
2.456895363982823677e+06
2.456895364318471868e+06
2.456895364642546047e+06
2.456895364978194237e+06
2.456895365313842427e+06
2.456895365649490617e+06
2.456895365985138807e+06
2.456895366320786998e+06
2.456895366644860711e+06
2.456895366980508901e+06
2.456895367316157091e+06
2.456895367651805282e+06
2.456895367975879461e+06
2.456895368311527651e+06
2.456895368832360953e+06
2.456895369387916289e+06
2.456895369746712502e+06
2.456895370070786681e+06
2.456895370348564815e+06
2.456895370614768472e+06
2.456895370892546140e+06
2.456895371158749796e+06
2.456895371436527465e+06
2.456895371702731121e+06
2.456895371980508789e+06
2.456895372246712912e+06
2.456895372524490580e+06
2.456895372790694237e+06
2.456895373068471905e+06
2.456895373334675562e+06
2.456895373612453695e+06
2.456895373878657352e+06
2.456895374156435020e+06
2.456895374422638677e+06
2.456895374700416345e+06
2.456895374966620002e+06
2.456895375244398136e+06
2.456895375510601792e+06
2.456895375788379461e+06
2.456895376054583117e+06
2.456895376332360785e+06
2.456895376598564442e+06
2.456895376876342576e+06
2.456895377142546233e+06
2.456895377420323901e+06
2.456895377686527558e+06
2.456895377964305226e+06
2.456895378242082894e+06
2.456895378508287016e+06
2.456895378774490673e+06
2.456895379052268341e+06
2.456895379318471998e+06
2.456895379596249666e+06
2.456895379862453323e+06
2.456895380140231457e+06
2.456895380406435113e+06
2.456895380684212781e+06
2.456895380950416438e+06
2.456895381228194106e+06
2.456895381494397763e+06
2.456895381772175897e+06
2.456895382038379554e+06
2.456895382316157222e+06
2.456895382593934890e+06
2.456895382871712558e+06
2.456895383137916215e+06
2.456895383404120337e+06
2.456895383681898005e+06
2.456895383948101662e+06
2.456895384225879330e+06
2.456895384492082987e+06
2.456895384769860655e+06
2.456895385036064778e+06
2.456895385313842446e+06
2.456895385580046102e+06
2.456895385857823770e+06
2.456895386124027427e+06
2.456895386401805561e+06
2.456895386668009218e+06
2.456895386945786886e+06
2.456895387211990543e+06
2.456895387489768211e+06
2.456895387755971868e+06
2.456895388033750001e+06
2.456895388299953658e+06
2.456895388577731326e+06
2.456895388843934983e+06
2.456895389121712651e+06
2.456895389387916308e+06
2.456895389665693976e+06
2.456895389931898098e+06
2.456895390209675767e+06
2.456895390487453435e+06
2.456895390753657091e+06
2.456895391031434759e+06
2.456895391297638882e+06
2.456895391575416550e+06
2.456895391841620207e+06
2.456895392119397875e+06
2.456895392385601532e+06
2.456895392663379200e+06
2.456895392929582857e+06
2.456895393207360990e+06
2.456895393473564647e+06
2.456895393751342315e+06
2.456895394017545972e+06
2.456895394295324106e+06
2.456895394561527763e+06
2.456895394839305431e+06
2.456895395105509087e+06
2.456895395383286756e+06
2.456895395649490412e+06
2.456895395927268546e+06
2.456895396193472203e+06
2.456895396471249871e+06
2.456895396749027539e+06
2.456895397015231196e+06
2.456895397281434853e+06
2.456895397559212521e+06
2.456895397825416643e+06
2.456895398103194311e+06
2.456895398369397968e+06
2.456895398647175636e+06
2.456895398913379293e+06
2.456895399191156961e+06
2.456895399457361083e+06
2.456895399735138752e+06
2.456895400001342408e+06
2.456895400279120076e+06
2.456895400545323733e+06
2.456895400823101401e+06
2.456895401089305058e+06
2.456895401367083192e+06
2.456895401633286849e+06
2.456895401911064517e+06
2.456895402177268174e+06
2.456895402455046307e+06
2.456895402721249964e+06
2.456895402999027632e+06
2.456895403265231289e+06
2.456895403543008957e+06
2.456895403809212614e+06
2.456895404086990282e+06
2.456895404353194404e+06
2.456895404630972072e+06
2.456895404897175729e+06
2.456895405174953397e+06
2.456895405441157054e+06
2.456895405718935188e+06
2.456895405985138845e+06
2.456895406262916978e+06
2.456895406529120170e+06
2.456895406806897838e+06
2.456895407084675506e+06
2.456895407350879163e+06
2.456895407617083285e+06
2.456895407894860953e+06
2.456895408161064610e+06
2.456895408438842278e+06
2.456895408705045935e+06
2.456895408982824069e+06
2.456895409260601737e+06
2.456895409526805393e+06
2.456895409804583061e+06
2.456895410070786718e+06
2.456895410336990375e+06
2.456895410614768509e+06
2.456895410880972166e+06
2.456895411158749834e+06
2.456895411436527502e+06
2.456895411714305170e+06
2.456895411980508827e+06
2.456895412246712483e+06
2.456895412524490617e+06
2.456895412790694274e+06
2.456895413068471942e+06
2.456895413334675599e+06
2.456895413612453267e+06
2.456895413890231401e+06
2.456895414156435058e+06
2.456895414422638714e+06
2.456895414700416382e+06
2.456895414966620039e+06
2.456895415244398173e+06
2.456895415522175841e+06
2.456895415788379498e+06
2.456895416066157166e+06
2.456895416343934834e+06
2.456895416610138491e+06
2.456895416876342613e+06
2.456895417154120281e+06
2.456895417420323938e+06
2.456895417698101606e+06
2.456895417964305263e+06
2.456895418242083397e+06
2.456895418508286588e+06
2.456895418786064722e+06
2.456895419052268378e+06
2.456895419330046047e+06
2.456895419596249703e+06
2.456895419874027371e+06
2.456895420140231494e+06
2.456895420418009162e+06
2.456895420684212819e+06
2.456895420961990487e+06
2.456895421228194144e+06
2.456895421505971812e+06
2.456895421772175469e+06
2.456895422049953602e+06
2.456895422316157259e+06
2.456895422593934927e+06
2.456895422860138584e+06
2.456895423137916252e+06
2.456895423404120374e+06
2.456895423681898043e+06
2.456895423948101699e+06
2.456895424225879367e+06
2.456895424492083024e+06
2.456895424769860692e+06
2.456895425047638826e+06
2.456895425313842483e+06
2.456895425580046140e+06
2.456895425857823808e+06
2.456895426135601476e+06
2.456895426401805133e+06
2.456895426679583266e+06
2.456895426945786923e+06
2.456895427223564591e+06
2.456895427489768248e+06
2.456895427767545916e+06
2.456895428033749573e+06
2.456895428311527707e+06
2.456895428577731363e+06
2.456895428855509032e+06
2.456895429133286700e+06
2.456895429399490356e+06
2.456895429677268490e+06
2.456895429943472147e+06
2.456895430221249815e+06
2.456895430487453472e+06
2.456895430765231140e+06
2.456895431031434797e+06
2.456895431309212465e+06
2.456895431575416587e+06
2.456895431853194255e+06
2.456895432119397912e+06
2.456895432397175580e+06
2.456895432663379237e+06
2.456895432941157371e+06
2.456895433207361028e+06
2.456895433485138696e+06
2.456895433751342352e+06
2.456895434029120021e+06
2.456895434295323677e+06
2.456895434573101811e+06
2.456895434839305468e+06
2.456895435117083136e+06
2.456895435383286793e+06
2.456895435661064461e+06
2.456895435927268118e+06
2.456895436205046251e+06
2.456895436471249908e+06
2.456895436749027576e+06
2.456895437015231233e+06
2.456895437293008901e+06
2.456895437570786569e+06
2.456895437836990692e+06
2.456895438114768360e+06
2.456895438380972017e+06
2.456895438658749685e+06
2.456895438924953341e+06
2.456895439202731475e+06
2.456895439468935132e+06
2.456895439746712800e+06
2.456895440012916457e+06
2.456895440290694125e+06
2.456895440556897782e+06
2.456895440834675916e+06
2.456895441100879572e+06
2.456895441378657240e+06
2.456895441656434909e+06
2.456895441922638565e+06
2.456895442200416699e+06
2.456895442466620356e+06
2.456895442744398024e+06
2.456895443010601681e+06
2.456895443288379349e+06
2.456895443554583006e+06
2.456895443832360674e+06
2.456895444098564796e+06
2.456895444376342464e+06
2.456895444654120132e+06
2.456895444920323789e+06
2.456895445186527446e+06
2.456895445464305580e+06
2.456895445742083248e+06
2.456895446008286905e+06
2.456895446274490561e+06
2.456895446552268229e+06
2.456895446830045898e+06
2.456895447096250020e+06
2.456895447374027688e+06
2.456895447640231345e+06
2.456895447906435002e+06
2.456895448184212670e+06
2.456895448461990338e+06
2.456895448728193995e+06
2.456895449005972128e+06
2.456895449272175785e+06
2.456895449549953453e+06
2.456895452211990487e+06
2.456895452489768155e+06
2.456895452755971812e+06
2.456895453033749945e+06
2.456895453299953602e+06
2.456895453577731270e+06
2.456895453843934927e+06
2.456895454121712595e+06
2.456895454387916252e+06
2.456895454665694386e+06
2.456895454931898043e+06
2.456895455209675711e+06
2.456895455487453379e+06
2.456895455753657036e+06
2.456895456031435169e+06
2.456895456297638826e+06
2.456895456575416494e+06
2.456895456841620151e+06
2.456895457119397819e+06
2.456895457385601476e+06
2.456895457663379610e+06
2.456895457929583266e+06
2.456895458207360934e+06
2.456895458473564591e+06
2.456895458751342259e+06
2.456895459017545916e+06
2.456895459295324050e+06
2.456895459561527707e+06
2.456895459839305375e+06
2.456895460105509032e+06
2.456895460383286700e+06
2.456895460649490356e+06
2.456895460927268490e+06
2.456895461205046158e+06
2.456895461471249815e+06
2.456895461749027483e+06
2.456895462015231140e+06
2.456895462293009274e+06
2.456895462559212465e+06
2.456895462836990599e+06
2.456895463103194255e+06
2.456895463380971923e+06
2.456895463647175580e+06
2.456895463924953714e+06
2.456895464191157371e+06
2.456895464468935039e+06
2.456895464735138696e+06
2.456895465012916364e+06
2.456895465279120021e+06
2.456895465556898154e+06
2.456895465823101811e+06
2.456895466100879479e+06
2.456895466378657147e+06
2.456895466644860804e+06
2.456895466922638938e+06
2.456895467188843060e+06
2.456895467466620263e+06
2.456895467732823920e+06
2.456895468010601588e+06
2.456895468276805244e+06
2.456895468543008901e+06
2.456895468820787035e+06
2.456895469098564703e+06
2.456895469364768360e+06
2.456895469642546028e+06
2.456895469908750150e+06
2.456895470186527818e+06
2.456895470452731475e+06
2.456895470730509143e+06
2.456895470996712800e+06
2.456895471274490468e+06
2.456895471540694125e+06
2.456895471818471793e+06
2.456895472096249927e+06
2.456895472362453584e+06
2.456895472640231252e+06
2.456895472906434909e+06
2.456895473184212577e+06
2.456895473450416699e+06
2.456895473728194367e+06
2.456895473994398024e+06
2.456895474260602146e+06
2.456895474538379349e+06
2.456895474816157017e+06
2.456895475082360674e+06
2.456895475360138807e+06
2.456895475626342464e+06
2.456895475904120132e+06
2.456895476170323789e+06
2.456895476575416513e+06
2.456895476853194181e+06
2.456895477119397838e+06
2.456895477397175506e+06
2.456895477663379163e+06
2.456895477941157296e+06
2.456895478207360953e+06
2.456895478485138621e+06
2.456895478762916289e+06
2.456895479029120412e+06
2.456895479306898080e+06
2.456895479573101737e+06
2.456895479850879405e+06
2.456895480117083061e+06
2.456895480394860730e+06
2.456895480672638863e+06
2.456895480938842520e+06
2.456895481216620188e+06
2.456895481482823845e+06
2.456895481760601513e+06
2.456895482026805170e+06
2.456895482304583304e+06
2.456895482570786960e+06
2.456895482848564629e+06
2.456895483114768285e+06
2.456895483392545953e+06
2.456895483658749610e+06
2.456895483936527744e+06
2.456895484202731401e+06
2.456895484480509069e+06
2.456895484746712726e+06
2.456895485024490394e+06
2.456895485290694516e+06
2.456895485568472184e+06
2.456895485834675841e+06
2.456895486112453509e+06
2.456895486378657166e+06
2.456895486656434834e+06
2.456895486934212502e+06
2.456895487200416625e+06
2.456895487478194293e+06
2.456895487744397949e+06
2.456895488022175618e+06
2.456895488288379274e+06
2.456895488566157408e+06
2.456895488832361065e+06
2.456895489110138733e+06
2.456895489376342390e+06
2.456895489654120058e+06
2.456895489920323715e+06
2.456895490198101383e+06
2.456895490464305505e+06
2.456895490742083173e+06
2.456895491008286830e+06
2.456895491286064498e+06
2.456895491552268155e+06
2.456895491830046289e+06
2.456895492107823957e+06
2.456895492385601625e+06
2.456895492651805282e+06
2.456895492929582950e+06
2.456895493195786607e+06
2.456895493473564740e+06
2.456895493739768397e+06
2.456895494017546065e+06
2.456895494283749722e+06
2.456895494561527390e+06
2.456895494827731512e+06
2.456895495105509181e+06
2.456895495383286849e+06
2.456895495649490505e+06
2.456895495927268174e+06
2.456895496193471830e+06
2.456895496471249964e+06
2.456895496737453621e+06
2.456895497015231289e+06
2.456895497281434946e+06
2.456895497559212614e+06
2.456895497825416271e+06
2.456895498103194404e+06
2.456895498369398061e+06
2.456895498647175729e+06
2.456895498924953397e+06
2.456895499202731065e+06
2.456895499468935188e+06
2.456895499746712856e+06
2.456895500012916513e+06
2.456895500290694647e+06
2.456895500556897838e+06
2.456895500834675506e+06
2.456895501100879163e+06
2.456895501378657296e+06
2.456895501644860953e+06
2.456895501922638621e+06
2.456895502188842278e+06
2.456895502466620412e+06
2.456895502732824069e+06
2.456895503010601737e+06
2.456895503276805393e+06
2.456895503554583061e+06
2.456895503832360730e+06
2.456895504098564386e+06
2.456895504376342520e+06
2.456895504642546643e+06
2.456895504920323845e+06
2.456895505186527502e+06
2.456895505464305170e+06
2.456895505730509292e+06
2.456895506008286960e+06
2.456895506274490617e+06
2.456895506552268285e+06
2.456895506818471942e+06
2.456895507096249610e+06
2.456895507374027744e+06
2.456895507640231401e+06
2.456895507918009069e+06
2.456895508184212726e+06
2.456895508461990394e+06
2.456895508728194050e+06
2.456895509005972184e+06
2.456895509272175841e+06
2.456895509549953509e+06
2.456895509816157166e+06
2.456895510093934834e+06
2.456895510360138491e+06
2.456895510637916625e+06
2.456895510904120281e+06
2.456895511181897949e+06
2.456895511448101606e+06
2.456895511725879274e+06
2.456895511992082931e+06
2.456895512269861065e+06
2.456895512547638733e+06
2.456895512813842390e+06
2.456895513091620058e+06
2.456895513357823715e+06
2.456895513635601383e+06
2.456895513901805505e+06
2.456895514179583173e+06
2.456895514445786830e+06
2.456895514723564498e+06
2.456895514989768155e+06
2.456895515267546289e+06
2.456895515533749945e+06
2.456895515811527614e+06
2.456895516077731270e+06
2.456895516355508938e+06
2.456895516621712595e+06
2.456895516899490263e+06
2.456895517165694386e+06
2.456895517443472054e+06
2.456895517721249722e+06
2.456895517987453844e+06
2.456895518265231512e+06
2.456895518543009181e+06
2.456895518809212837e+06
2.456895519086990505e+06
2.456895519353194162e+06
2.456895519630971830e+06
2.456895519897175487e+06
2.456895520174953621e+06
2.456895520441157278e+06
2.456895520718934946e+06
2.456895520985138603e+06
2.456895521262916271e+06
2.456895521529120393e+06
2.456895521806898061e+06
2.456895522073101718e+06
2.456895522350879386e+06
2.456895522628657054e+06
2.456895522894860711e+06
2.456895523172639310e+06
2.456895523438842501e+06
2.456895523716620170e+06
2.456895523982823826e+06
2.456895524260601494e+06
2.456895524526805617e+06
2.456895524804583285e+06
2.456895525070786942e+06
2.456895525348564610e+06
2.456895525614768267e+06
2.456895525892545935e+06
2.456895526158749592e+06
2.456895526436527725e+06
2.456895526714305393e+06
2.456895526980509050e+06
2.456895527258286718e+06
2.456895527524490375e+06
2.456895527802268509e+06
2.456895528068472166e+06
2.456895528346249834e+06
2.456895528612453490e+06
2.456895528890231159e+06
2.456895529156434815e+06
2.456895529434212483e+06
2.456895529700416606e+06
2.456895529978194274e+06
2.456895530244397931e+06
2.456895530522175599e+06
2.456895530788379256e+06
2.456895531066157389e+06
2.456895531343935058e+06
2.456895531610138714e+06
2.456895531887916382e+06
2.456895532165694516e+06
2.456895532431898173e+06
2.456895532709675841e+06
2.456895532975879498e+06
2.456895533253657166e+06
2.456895533519860823e+06
2.456895533797638491e+06
2.456895534063842613e+06
2.456895534341620281e+06
2.456895534607823938e+06
2.456895534885601606e+06
2.456895535151805263e+06
2.456895535429582931e+06
2.456895535707361065e+06
2.456895535973564722e+06
2.456895536251342390e+06
2.456895536517546047e+06
2.456895536795323715e+06
2.456895537061527371e+06
2.456895537339305505e+06
2.456895537605509162e+06
2.456895537883286830e+06
2.456895538149490487e+06
2.456895538427268155e+06
2.456895538693471812e+06
2.456895538971249945e+06
2.456895539237453602e+06
2.456895539515231270e+06
2.456895539781434927e+06
2.456895540059212595e+06
2.456895540336990263e+06
2.456895540603194386e+06
2.456895540880972054e+06
2.456895541147175711e+06
2.456895541424953379e+06
2.456895541691157036e+06
2.456895541968934704e+06
2.456895542235138826e+06
